1.83608
1.67782
1.67496
1.68851
1.69606
1.70491
1.71276
1.72031
1.72736
1.73399
1.74019
1.746
1.75142
1.75648
1.7612
1.76561
1.76971
1.77354
1.77711
1.78043
1.78354
1.78644
1.78915
1.79169
1.79406
1.79628
1.79836
1.80031
1.80214
1.80387
1.80549
1.80701
1.80845
1.8098
1.81108
1.81229
1.81343
1.81451
1.81554
1.81651
1.81743
1.8183
1.81913
1.81991
1.82066
1.82138
1.82205
1.8227
1.82332
1.8239
1.82446
1.825
1.82551
1.826
1.82647
1.82691
1.82734
1.82775
1.82814
1.82852
1.82888
1.82923
1.82956
1.82988
1.83018
1.83048
1.83076
1.83103
1.83129
1.83154
1.83178
1.83201
1.83224
1.83245
1.83266
1.83286
1.83305
1.83323
1.83341
1.83358
1.83375
1.83391
1.83406
1.83421
1.83435
1.83449
1.83462
1.83475
1.83488
1.835
1.83511
1.83522
1.83533
1.83544
1.83554
1.83564
1.83573
1.83582
1.83591
1.83599
