0.550082
0.561173
0.574202
0.589473
0.607346
0.628265
0.652799
0.681739
0.716343
0.759228
0.82227
0.862555
0.786801
0.833862
0.743728
0.802301
0.835273
0.862352
0.82427
0.832812
0.784315
0.80825
0.833268
0.860328
0.817126
0.852783
0.865204
0.821077
0.845731
0.865196
0.819498
0.851928
0.869455
0.887452
0.864512
0.860611
0.87604
0.847233
0.863757
0.877874
0.892196
0.900001
0.867545
0.879553
0.891555
0.903586
0.883207
0.891757
0.903012
0.914412
0.891941
0.894322
0.904002
0.913761
0.923666
0.933318
0.94272
0.946128
0.922057
0.931162
0.940555
0.946822
0.945264
0.942446
0.948742
0.955479
0.959478
0.963287
0.966916
0.970375
0.973672
0.976817
0.979817
0.982682
0.985418
0.988032
0.983494
0.986025
0.988335
0.990547
0.992664
0.994693
0.996639
0.998505
0.993347
0.991273
0.992055
0.993699
0.995277
0.996792
0.998249
0.999649
1.001
1.00229
0.999275
0.994382
0.997601
0.998744
0.999845
1.00091
