0.0364616
0.038128
0.0399641
0.0419933
0.0442453
0.0467596
0.0495924
0.0528347
0.0561398
0.0570138
0.0578845
0.0586577
0.0606322
0.0615527
0.0624826
0.0634263
0.0643685
0.0660526
0.0671599
0.0683714
0.0690035
0.0696179
0.0702147
0.0707943
0.0713569
0.0719029
0.0724326
0.0729464
0.0734446
0.0739276
0.0743957
0.0748493
0.0752889
0.0757147
0.0761272
0.0765267
0.0769135
0.0772882
0.0776509
0.0780021
0.0783421
0.0786713
0.0789899
0.0792984
0.079597
0.079886
0.0801658
0.0804366
0.0806987
0.0809524
0.081198
0.0814357
0.0816658
0.0818886
0.0821042
0.0823129
0.082515
0.0827106
0.0828999
0.0830832
0.0832607
0.0834325
0.0835989
0.08376
0.083916
0.084067
0.0842133
0.0843549
0.084492
0.0846248
0.0847535
0.084878
0.0849987
0.0851156
0.0852287
0.0853384
0.0854446
0.0855475
0.0856471
0.0857437
0.0858372
0.0859278
0.0860156
0.0861006
0.086183
0.0862629
0.0863403
0.0864152
0.0864879
0.0865583
0.0866265
0.0866926
0.0867567
0.0868187
0.0868789
0.0869372
0.0869937
0.0870485
0.0871016
0.0871531
