0.470029
0.474517
0.47911
0.483815
0.488651
0.457465
0.474319
0.478165
0.48205
0.485975
0.489942
0.493958
0.498033
0.502182
0.487192
0.491405
0.495225
0.498077
0.497846
0.501033
0.503851
0.506662
0.508494
0.502044
0.500129
0.502479
0.504826
0.507187
0.509586
0.512076
0.513756
0.515383
0.516958
0.518484
0.519961
0.520652
0.502965
0.509943
0.515111
0.516303
0.517454
0.518567
0.519643
0.520683
0.521689
0.522662
0.523602
0.524512
0.525393
0.526245
0.52707
0.52481
0.52276
0.523464
0.524143
0.524801
0.525436
0.526051
0.526646
0.527221
0.527778
0.528316
0.527184
0.528753
0.529243
0.529717
0.530176
0.530621
0.531052
0.531469
0.531873
0.532265
0.532644
0.533012
0.531072
0.53073
0.531051
0.531363
0.531665
0.531958
0.532241
0.532516
0.532782
0.53304
0.53329
0.533532
0.533767
0.533994
0.534215
0.534428
0.534635
0.534676
0.534795
0.534984
0.535167
0.535344
0.535516
0.535683
0.535845
0.536002
