0.139005
0.124664
0.172827
0.203894
0.195762
0.172
0.208136
0.22072
0.214401
0.204794
0.207684
0.218762
0.231534
0.2397
0.22899
0.229602
0.218562
0.212389
0.220993
0.21991
0.218021
0.227405
0.227352
0.224042
0.231274
0.215766
0.223769
0.21634
0.221266
0.219466
0.223883
0.231822
0.225968
0.230691
0.239046
0.237172
0.239425
0.249078
0.234285
0.225301
0.239935
0.240597
0.241799
0.245278
0.242713
0.231762
0.23884
0.234667
0.241997
0.246235
0.243551
0.244685
0.248613
0.252525
0.249235
0.251222
0.250131
0.246659
0.244832
0.245358
0.248431
0.246861
0.249003
0.2519
0.24966
0.24099
0.244875
0.247356
0.24737
0.246425
0.248708
0.250958
0.252043
0.250151
0.25222
0.252803
0.252584
0.253751
0.250396
0.251022
0.249755
0.251427
0.253068
0.254677
0.25369
0.25333
0.251439
0.252844
0.25422
0.255065
0.252598
0.25292
0.25414
0.255333
0.2565
0.25614
0.255162
0.253604
0.254625
0.255333
