0.105493
0.103684
0.114281
0.117126
0.111111
0.12267
0.132285
0.122172
0.135378
0.148362
0.149263
0.150162
0.150745
0.14755
0.144094
0.144971
0.149329
0.150326
0.15133
0.152342
0.153363
0.154395
0.15544
0.1565
0.15758
0.158682
0.159815
0.158995
0.157241
0.158425
0.159473
0.158035
0.159252
0.160557
0.161835
0.160895
0.161816
0.16273
0.163638
0.162697
0.16065
0.161507
0.162356
0.163198
0.164032
0.164857
0.165674
0.166481
0.167281
0.16807
0.168851
0.169623
0.170385
0.171137
0.17188
0.172614
0.172119
0.170542
0.171238
0.171924
0.172601
0.173268
0.173925
0.174574
0.175212
0.175842
0.176462
0.177074
0.177676
0.177594
0.176907
0.177407
0.174641
0.175211
0.175773
0.176326
0.176871
0.177407
0.177936
0.178457
0.178971
0.179477
0.179975
0.180466
0.18095
0.181427
0.181095
0.179753
0.180207
0.180654
0.181094
0.181528
0.181956
0.182377
0.182793
0.183202
0.183606
0.184004
0.184396
0.184783
