0.869989
0.929842
0.9093
0.497271
0.48578
0.787127
0.737503
0.713118
0.729707
0.746562
0.763662
0.780962
0.798404
0.769574
0.734218
0.748369
0.762499
0.776564
0.790507
0.804262
0.805195
0.749879
0.761695
0.773374
0.784885
0.796191
0.807253
0.818034
0.795805
0.775243
0.784946
0.794455
0.803751
0.812819
0.821645
0.825352
0.786215
0.794266
0.802145
0.80985
0.81738
0.824738
0.831929
0.826997
0.804478
0.811156
0.817721
0.82419
0.830579
0.836914
0.843229
0.830088
0.822555
0.828603
0.83472
0.840979
0.844254
0.847966
0.847253
0.833208
0.83816
0.84323
0.848505
0.850317
0.854154
0.858411
0.860771
0.844774
0.848617
0.852602
0.85682
0.860497
0.862977
0.864679
0.86881
0.869015
0.873264
0.865037
0.863393
0.866689
0.867917
0.869097
0.870231
0.870782
0.871967
0.87296
0.873915
0.874352
0.875323
0.876164
0.876973
0.87765
0.878121
0.878837
0.879527
0.880192
0.8806
0.87819
0.873519
0.874085
