0.816745
0.815773
0.730931
1.0384
0.518289
0.615819
0.783435
1.12291
1.18774
0.452689
0.494691
0.554173
0.638246
0.757211
0.926586
1.11085
1.01069
1.28013
1.22533
1.44662
1.45496
1.2952
1.43628
1.36559
1.44162
1.46574
1.48901
1.47448
1.50547
1.54412
1.52273
1.56528
1.60026
1.59873
1.58273
1.60984
1.62369
1.60354
1.61895
1.64582
1.64346
1.6266
1.65695
1.65528
1.62995
1.66452
1.67637
1.6486
1.67069
1.6881
1.6834
1.67535
1.69503
1.68736
1.69075
1.69897
1.69128
1.7099
1.701
1.69418
1.71772
1.69657
1.7067
1.699
1.59754
1.62552
1.59561
1.652
1.63528
1.66956
1.67037
1.67073
1.68008
1.6805
1.66304
1.68669
1.68304
1.67237
1.68826
1.692
1.68647
1.68945
1.69847
1.69451
1.68866
1.70158
1.69095
1.69604
1.70245
1.69534
1.70316
1.70071
1.68109
1.68963
1.69338
1.69954
1.70081
1.69602
1.70429
1.70119
