0.293575
0.309338
0.321253
0.336594
0.361994
0.360325
0.344314
0.365466
0.38737
0.361699
0.372121
0.382456
0.392594
0.387843
0.373712
0.390622
0.399435
0.408017
0.404473
0.389981
0.39768
0.405108
0.412067
0.388396
0.401201
0.40746
0.41355
0.419476
0.417918
0.395991
0.412397
0.417994
0.419076
0.405223
0.410217
0.415096
0.419863
0.424524
0.429086
0.428571
0.419079
0.423258
0.426898
0.412995
0.416759
0.420462
0.424105
0.427138
0.420182
0.420736
0.424108
0.427432
0.430712
0.432672
0.422923
0.425876
0.428781
0.431641
0.434457
0.437231
0.436349
0.423179
0.434262
0.436809
0.435964
0.431015
0.433314
0.435575
0.437799
0.439985
0.440322
0.431254
0.437749
0.439744
0.439939
0.43536
0.437165
0.438937
0.440677
0.442386
0.442758
0.437883
0.440732
0.442282
0.442408
0.439003
0.440409
0.441787
0.443138
0.444462
0.444225
0.441672
0.442875
0.444053
0.445206
0.446028
0.441512
0.444355
0.445395
0.446314
