0.250208
0.272067
0.299424
0.334615
0.382849
0.466308
0.522414
0.482045
0.516048
0.5714
0.59609
0.235894
0.30568
0.428091
0.360569
0.39793
0.447979
0.417483
0.425924
0.481562
0.470232
0.444329
0.478252
0.514192
0.504692
0.481216
0.513082
0.546152
0.550403
0.52619
0.520026
0.548788
0.550762
0.55234
0.554428
0.53142
0.518271
0.542144
0.554496
0.556905
0.548928
0.542326
0.540679
0.556749
0.553814
0.558587
0.561471
0.555764
0.542955
0.549981
0.560902
0.562336
0.562887
0.566
0.555908
0.557963
0.553308
0.565427
0.556584
0.56742
0.559134
0.569456
0.561068
0.571526
0.562481
0.563711
0.562164
0.570829
0.563437
0.57261
0.564354
0.573344
0.573342
0.574039
0.574979
0.574492
0.576596
0.574743
0.571517
0.575371
0.575875
0.575618
0.577235
0.57573
0.578563
0.57573
0.579856
0.575636
0.581111
0.575466
0.580753
0.581472
0.580574
0.582578
0.580348
0.583646
0.578733
0.577247
0.581437
0.583288
