0.924294
0.980364
0.94301
1.11211
1.07517
1.20295
0.725891
1.03287
0.869891
1.15069
1.13626
1.35717
1.21691
1.27694
1.41961
1.10546
1.14622
1.15761
1.30723
1.2696
1.29578
1.34725
1.27466
1.48195
1.2314
1.24571
1.2741
1.38154
1.24074
1.25191
1.36656
1.43894
1.35664
1.34523
1.32388
1.28738
1.33968
1.44943
1.46056
1.41193
1.36973
1.38334
1.45437
1.33292
1.37713
1.44034
1.48166
1.50374
1.4197
1.37466
1.43647
1.46326
1.48036
1.50201
1.44967
1.47889
1.47113
1.49518
1.50406
1.49859
1.49011
1.45071
1.49121
1.48812
1.51828
1.52495
1.52759
1.52502
1.52139
1.46001
1.50256
1.54819
1.55495
1.52554
1.49184
1.54181
1.51653
1.55064
1.51798
1.54982
1.54786
1.53959
1.54259
1.56318
1.51843
1.54689
1.55173
1.54502
1.56884
1.56658
1.55811
1.55117
1.57033
1.54618
1.5697
1.55988
1.56937
1.56638
1.55383
1.55674
