0.578358
0.611219
0.644863
0.678186
0.719057
0.638855
0.629305
0.653927
0.681894
0.643006
0.610653
0.654352
0.694335
0.637805
0.630386
0.665752
0.706972
0.680838
0.6307
0.672139
0.707163
0.69213
0.642942
0.680329
0.700642
0.714661
0.676067
0.662248
0.689334
0.702233
0.714389
0.686199
0.668956
0.685462
0.696769
0.707483
0.717588
0.682007
0.679877
0.689715
0.699089
0.707993
0.716425
0.693362
0.684658
0.692806
0.700582
0.707987
0.715025
0.704524
0.688274
0.695024
0.701479
0.707642
0.713518
0.715254
0.690998
0.696594
0.701956
0.707087
0.711995
0.716684
0.707283
0.698721
0.703169
0.707435
0.711523
0.71544
0.715371
0.700355
0.704048
0.707595
0.711002
0.714272
0.717411
0.710536
0.705326
0.708273
0.711107
0.713832
0.716453
0.716462
0.706325
0.708774
0.711133
0.713404
0.715591
0.717698
0.713497
0.70956
0.711521
0.713412
0.715235
0.716992
0.717735
0.710184
0.711815
0.713389
0.714908
0.716375
