0.335044
0.393735
0.392669
0.407866
0.422018
0.435018
0.446066
0.4569
0.468033
0.480048
0.493765
0.452542
0.483459
0.496296
0.509023
0.489096
0.495636
0.507043
0.519822
0.534643
0.519041
0.524606
0.540454
0.551752
0.563225
0.552474
0.55731
0.543601
0.543697
0.554322
0.563486
0.572476
0.581334
0.584007
0.567169
0.574641
0.582034
0.5897
0.580247
0.584933
0.589891
0.594659
0.599288
0.601736
0.585936
0.590203
0.593576
0.596823
0.599969
0.603034
0.606041
0.609007
0.60235
0.606022
0.60895
0.598489
0.599545
0.601903
0.604204
0.606458
0.608672
0.610855
0.613013
0.615154
0.608223
0.607661
0.608672
0.60537
0.607081
0.608757
0.610401
0.612018
0.613609
0.615178
0.616726
0.610941
0.611223
0.612532
0.613817
0.61508
0.615267
0.613582
0.614771
0.615938
0.617085
0.617004
0.612866
0.613853
0.614819
0.615765
0.616693
0.617601
0.618492
0.619365
0.618457
0.618382
0.618682
0.61532
0.616047
0.616758
