0.294009
0.311298
0.332203
0.357536
0.388265
0.425552
0.460728
0.487788
0.535506
0.550225
0.596526
0.609061
0.631768
0.633843
0.643393
0.653794
0.665308
0.678056
0.680919
0.682789
0.684832
0.687064
0.685791
0.687946
0.690419
0.693113
0.696043
0.699231
0.702696
0.706461
0.71055
0.714989
0.719805
0.72503
0.728697
0.727602
0.73339
0.739654
0.746432
0.753763
0.760118
0.762992
0.769135
0.764236
0.772776
0.781978
0.768523
0.777176
0.786491
0.792275
0.797898
0.8087
0.804804
0.811435
0.81555
0.80802
0.81696
0.820469
0.822089
0.828306
0.839556
0.831539
0.839179
0.84516
0.842902
0.837324
0.838806
0.851047
0.863469
0.863082
0.853429
0.852139
0.864752
0.878172
0.877315
0.876818
0.884509
0.889456
0.826197
0.878187
0.869835
0.882561
0.896037
0.897797
0.894107
0.89634
0.900002
0.905659
0.916317
0.914015
0.912262
0.921443
0.921557
0.922879
0.921053
0.914108
0.924096
0.929947
0.933873
0.935096
