1.35593
0.93145
1.04396
0.529963
0.544691
0.575724
0.64136
0.783747
1.12016
1.19576
1.13999
1.20256
1.15955
1.20884
1.17791
1.21529
1.19459
1.22221
1.20941
1.22957
1.22249
1.23721
1.23403
1.24494
1.24427
1.25256
1.25344
1.25994
1.26171
1.26698
1.26923
1.27364
1.2761
1.27989
1.2824
1.28573
1.2882
1.29117
1.29355
1.29623
1.29849
1.30092
1.30306
1.30528
1.30728
1.30932
1.31119
1.31307
1.31482
1.31656
1.31818
1.31979
1.3213
1.32279
1.3242
1.32557
1.32689
1.32816
1.32938
1.33057
1.33171
1.33281
1.33387
1.3349
1.33588
1.33684
1.33776
1.33865
1.33951
1.34034
1.34113
1.34191
1.34265
1.34338
1.34407
1.34474
1.34539
1.34602
1.34663
1.34722
1.34778
1.34833
1.34886
1.34938
1.34987
1.35035
1.35082
1.35126
1.3517
1.35212
1.35252
1.35292
1.3533
1.35367
1.35402
1.35437
1.3547
1.35502
1.35534
1.35564
