2.25744, 1.7623, 2.56623, 1.8171, 2.32386, 1.82117, 2.29372, 1.79591, 2.3153, 1.81544
2.30992, 1.69383, 2.60522, 1.73836, 2.37015, 1.74556, 2.34267, 1.72326, 2.3623, 1.74051
2.35306, 1.63515, 2.63887, 1.67244, 2.40815, 1.68008, 2.38288, 1.66063, 2.40089, 1.67568
2.44551, 1.90664, 2.69158, 1.98774, 2.49938, 1.97024, 2.47491, 1.94225, 2.49253, 1.96365
2.47566, 1.831, 2.72204, 1.90295, 2.52696, 1.89093, 2.50355, 1.86443, 2.52038, 1.88469
2.5047, 1.76245, 2.75945, 1.82287, 2.55435, 1.81748, 2.53159, 1.79304, 2.54792, 1.81172
2.53269, 1.70202, 2.80985, 1.74875, 2.58177, 1.75139, 2.55916, 1.7294, 2.57535, 1.74621
2.55981, 1.65003, 2.89115, 1.67983, 2.60954, 1.6935, 2.58647, 1.67411, 2.60296, 1.68894
2.58631, 1.60618, 2.89968, 1.63865, 2.6381, 1.64399, 2.61385, 1.62714, 2.63114, 1.64003
2.63263, 1.84812, 2.89987, 1.90351, 2.67997, 1.89895, 2.65797, 1.87609, 2.67374, 1.89347
2.65882, 1.78615, 2.94244, 1.74254, 2.70794, 1.83233, 2.68503, 1.81157, 2.7014, 1.82738
2.68748, 1.73053, 2.95057, 1.69866, 2.74079, 1.77104, 2.71573, 1.75292, 2.73357, 1.76678
2.71989, 1.68161, 2.95748, 1.66117, 2.78177, 1.71559, 2.7522, 1.70063, 2.77311, 1.71218
2.75834, 1.63934, 2.96332, 1.62934, 2.83865, 1.66574, 2.79877, 1.6547, 2.82656, 1.66345
2.77831, 1.8634, 2.95436, 1.85461, 2.84816, 1.89906, 2.8137, 1.88399, 2.83777, 1.89585
2.81764, 1.80271, 2.91314, 1.76303, 2.82718, 1.73983, 2.86019, 1.81828, 2.89061, 1.82594
2.87578, 1.74365, 2.92085, 1.72301, 2.90106, 1.686, 2.94146, 1.74892, 3.00062, 1.74428
2.8835, 1.70599, 2.92761, 1.68794, 2.9075, 1.65423, 2.94834, 1.71177, 2.93171, 1.65999
2.89031, 1.67297, 2.93352, 1.65738, 2.91311, 1.62673, 2.95434, 1.67925, 2.93707, 1.63232
2.89199, 1.8759, 2.92952, 1.85702, 2.91154, 1.81961, 2.94765, 1.88402, 2.93259, 1.82645
2.91111, 1.74418, 2.8859, 1.76854, 2.91908, 1.78, 2.92003, 1.80804, 2.87336, 1.72973
2.91751, 1.71126, 2.89292, 1.73341, 2.92584, 1.74443, 2.92712, 1.77049, 2.88004, 1.69748
2.9232, 1.68207, 2.8992, 1.70209, 2.93188, 1.71267, 2.93347, 1.73678, 2.88599, 1.66891
2.92824, 1.65626, 2.90481, 1.67427, 2.93725, 1.68444, 2.93914, 1.70666, 2.8913, 1.6437
2.93269, 1.63348, 2.90981, 1.64962, 2.942, 1.6594, 2.94418, 1.67984, 2.89602, 1.62146
2.92941, 1.79539, 2.90895, 1.81438, 2.93777, 1.82609, 2.93973, 1.85054, 2.89639, 1.78112
2.93527, 1.764, 2.9152, 1.78166, 2.89091, 1.74817, 2.9044, 1.77937, 2.90244, 1.75027
2.94058, 1.73555, 2.92089, 1.75189, 2.89649, 1.72026, 2.91017, 1.74963, 2.90793, 1.72235
2.94536, 1.70984, 2.92605, 1.7249, 2.90154, 1.69509, 2.91541, 1.72267, 2.91289, 1.69716
2.94967, 1.68667, 2.93072, 1.7005, 2.90611, 1.67242, 2.92016, 1.6983, 2.91737, 1.67448
2.95353, 1.66581, 2.93493, 1.67848, 2.91023, 1.65204, 2.92444, 1.67631, 2.92141, 1.65409
2.95699, 1.64704, 2.93872, 1.65863, 2.91396, 1.63371, 2.92831, 1.65648, 2.92505, 1.63575
2.9523, 1.77984, 2.93558, 1.79319, 2.91285, 1.76452, 2.92607, 1.7907, 2.92303, 1.76689
2.89922, 1.71212, 2.94026, 1.76799, 2.91746, 1.74059, 2.9308, 1.76554, 2.92758, 1.74292
2.90333, 1.69164, 2.94454, 1.74483, 2.92169, 1.71869, 2.93514, 1.74243, 2.93174, 1.72099
2.90709, 1.67297, 2.94845, 1.72361, 2.92555, 1.69867, 2.93911, 1.72125, 2.93554, 1.70093
2.91052, 1.65597, 2.95203, 1.70417, 2.92908, 1.68038, 2.94274, 1.70185, 2.93901, 1.68261
2.91366, 1.64048, 2.9553, 1.68637, 2.93231, 1.66368, 2.94606, 1.68409, 2.94218, 1.66588
2.91653, 1.62637, 2.95828, 1.67009, 2.93525, 1.64843, 2.94909, 1.66785, 2.94507, 1.65061
2.91545, 1.73122, 2.95437, 1.78026, 2.93295, 1.7559, 2.94583, 1.77774, 2.9421, 1.75835
2.91891, 1.71339, 2.91274, 1.72658, 2.93648, 1.73709, 2.94943, 1.75808, 2.94558, 1.73949
2.9221, 1.69694, 2.91608, 1.70947, 2.93974, 1.71969, 2.95275, 1.73986, 2.94879, 1.72206
2.92505, 1.68176, 2.91917, 1.69367, 2.94275, 1.70361, 2.95583, 1.72298, 2.95176, 1.70594
2.92778, 1.66775, 2.92203, 1.67907, 2.94552, 1.68874, 2.95867, 1.70735, 2.9545, 1.69103
2.93029, 1.65482, 2.92467, 1.66558, 2.94809, 1.675, 2.96129, 1.69289, 2.95702, 1.67726
2.93262, 1.64289, 2.92711, 1.65312, 2.95046, 1.66229, 2.96371, 1.67949, 2.95935, 1.66452
2.93477, 1.63186, 2.92938, 1.64159, 2.95264, 1.65054, 2.96594, 1.66709, 2.9615, 1.65273
2.93298, 1.71456, 2.92788, 1.72518, 2.9499, 1.73497, 2.96245, 1.75312, 2.95828, 1.73736
2.93549, 1.70131, 2.93048, 1.7115, 2.95245, 1.72107, 2.96504, 1.73865, 2.96079, 1.72343
2.93783, 1.68897, 2.93291, 1.69875, 2.95482, 1.7081, 2.96745, 1.72513, 2.96313, 1.71043
2.94001, 1.67746, 2.93518, 1.68685, 2.95703, 1.696, 2.96969, 1.7125, 2.96531, 1.69829
2.94204, 1.66674, 2.93729, 1.67575, 2.95908, 1.68471, 2.97178, 1.70069, 2.96734, 1.68697
2.94393, 1.65673, 2.93927, 1.66539, 2.961, 1.67416, 2.97373, 1.68966, 2.96922, 1.67639
2.9457, 1.64739, 2.94111, 1.65571, 2.96279, 1.66431, 2.97555, 1.67935, 2.97098, 1.66651
2.94734, 1.63867, 2.94283, 1.64668, 2.96445, 1.6551, 2.97724, 1.6697, 2.97262, 1.65727
2.94543, 1.70397, 2.9411, 1.71256, 2.9618, 1.7216, 2.97401, 1.73731, 2.96962, 1.72393
2.94728, 1.69397, 2.94302, 1.70228, 2.96368, 1.71116, 2.97591, 1.72647, 2.97147, 1.71345
2.94903, 1.68457, 2.94482, 1.69261, 2.96544, 1.70133, 2.97769, 1.71626, 2.97321, 1.7036
2.95067, 1.67574, 2.94652, 1.68353, 2.96709, 1.6921, 2.97937, 1.70666, 2.97484, 1.69434
2.95221, 1.66743, 2.94812, 1.67498, 2.96864, 1.6834, 2.98094, 1.69762, 2.97637, 1.68562
2.95365, 1.65962, 2.94961, 1.66693, 2.9701, 1.67522, 2.98241, 1.6891, 2.97781, 1.67741
2.95501, 1.65227, 2.95103, 1.65935, 2.97147, 1.66751, 2.9838, 1.68107, 2.97916, 1.66968
2.95629, 1.64534, 2.95235, 1.65222, 2.97276, 1.66025, 2.9851, 1.6735, 2.98042, 1.66239
2.9575, 1.63882, 2.9536, 1.64549, 2.97397, 1.6534, 2.98632, 1.66636, 2.98161, 1.65552
2.95572, 1.68846, 2.95194, 1.69551, 2.97165, 1.70385, 2.98357, 1.71754, 2.97904, 1.70608
2.95703, 1.68126, 2.9533, 1.68813, 2.97297, 1.69635, 2.98491, 1.70977, 2.98035, 1.69856
2.95828, 1.67445, 2.95458, 1.68114, 2.97422, 1.68925, 2.98617, 1.70242, 2.98158, 1.69144
2.95945, 1.668, 2.9558, 1.67452, 2.9754, 1.68253, 2.98736, 1.69545, 2.98275, 1.68469
2.96057, 1.66189, 2.95695, 1.66826, 2.97652, 1.67616, 2.98849, 1.68884, 2.98385, 1.67831
2.96162, 1.65611, 2.95804, 1.66232, 2.97758, 1.67012, 2.98956, 1.68258, 2.98489, 1.67225
2.96262, 1.65062, 2.95907, 1.65669, 2.97858, 1.6644, 2.99056, 1.67664, 2.98588, 1.66651
2.96356, 1.64542, 2.96004, 1.65134, 2.97952, 1.65896, 2.99152, 1.671, 2.98681, 1.66106
2.96201, 1.68461, 2.95858, 1.6908, 2.97755, 1.69874, 2.98922, 1.71131, 2.98465, 1.70092
2.96301, 1.67906, 2.95961, 1.68512, 2.97856, 1.69298, 2.99023, 1.70536, 2.98564, 1.69514
2.96397, 1.67378, 2.96059, 1.67972, 2.97951, 1.68749, 2.99119, 1.69969, 2.98659, 1.68964
2.96487, 1.66875, 2.96152, 1.67458, 2.98042, 1.68227, 2.99211, 1.69429, 2.98748, 1.6844
2.96573, 1.66397, 2.96241, 1.66968, 2.98128, 1.6773, 2.99298, 1.68914, 2.98833, 1.67941
2.96655, 1.65941, 2.96325, 1.66502, 2.9821, 1.67256, 2.9938, 1.68424, 2.98914, 1.67466
2.96733, 1.65507, 2.96405, 1.66058, 2.98288, 1.66805, 2.99458, 1.67957, 2.98991, 1.67013
2.96807, 1.65094, 2.96482, 1.65634, 2.98362, 1.66374, 2.99533, 1.67511, 2.99064, 1.66581
2.96878, 1.64699, 2.96555, 1.6523, 2.98433, 1.65964, 2.99604, 1.67086, 2.99134, 1.66169
2.9675, 1.67684, 2.96433, 1.68233, 2.98274, 1.6899, 2.9942, 1.7015, 2.98961, 1.69201
2.96823, 1.67274, 2.96508, 1.67815, 2.98347, 1.68565, 2.99494, 1.69712, 2.99033, 1.68776
2.96893, 1.66883, 2.9658, 1.67415, 2.98417, 1.6816, 2.99564, 1.69293, 2.99102, 1.68369
2.9696, 1.66509, 2.96648, 1.67033, 2.98484, 1.67772, 2.99631, 1.68893, 2.99168, 1.67979
2.97023, 1.66151, 2.96714, 1.66667, 2.98547, 1.67401, 2.99695, 1.68509, 2.9923, 1.67607
2.97084, 1.65809, 2.96776, 1.66318, 2.98608, 1.67046, 2.99756, 1.68143, 2.9929, 1.67251
2.97142, 1.65481, 2.96836, 1.65983, 2.98666, 1.66706, 2.99815, 1.67792, 2.99348, 1.6691
2.97198, 1.65168, 2.96893, 1.65663, 2.98722, 1.66381, 2.9987, 1.67456, 2.99402, 1.66584
2.97251, 1.64868, 2.96948, 1.65356, 2.98775, 1.66069, 2.99924, 1.67134, 2.99455, 1.66271
2.97302, 1.64581, 2.97001, 1.65063, 2.98826, 1.65771, 2.99975, 1.66825, 2.99505, 1.65972
2.97202, 1.66778, 2.96904, 1.67273, 2.98703, 1.67997, 2.99834, 1.69078, 2.99372, 1.68203
2.97254, 1.66487, 2.96957, 1.66975, 2.98754, 1.67695, 2.99886, 1.68766, 2.99423, 1.679
2.97303, 1.66207, 2.97008, 1.6669, 2.98804, 1.67406, 2.99935, 1.68468, 2.99472, 1.67609
2.9735, 1.65939, 2.97057, 1.66416, 2.98851, 1.67128, 2.99983, 1.68181, 2.99518, 1.67331
2.97396, 1.65682, 2.97103, 1.66154, 2.98896, 1.66861, 3.00028, 1.67906, 2.99563, 1.67063
2.97439, 1.65435, 2.97148, 1.65901, 2.9894, 1.66605, 3.00072, 1.67642, 2.99606, 1.66806
2.97481, 1.65197, 2.97191, 1.65659, 2.98982, 1.66359, 3.00113, 1.67388, 2.99647, 1.6656
2.97521, 1.64969, 2.97232, 1.65427, 2.99022, 1.66123, 3.00154, 1.67145, 2.99686, 1.66323
2.9756, 1.6475, 2.97272, 1.65203, 2.9906, 1.65896, 3.00192, 1.6691, 2.99724, 1.66095
