0.816812
0.887685
0.933489
0.917206
0.843463
0.891492
0.933375
0.968141
0.99602
0.943949
0.909129
0.954267
0.982563
1.00568
1.00997
0.92766
0.972552
1.0037
1.01948
1.02354
0.948833
0.986759
1.00145
1.01347
1.02322
1.01457
0.96756
0.988216
1.00039
1.01063
1.01923
1.02642
1.00977
0.983778
0.99697
1.00593
1.01365
1.02031
1.02603
1.02144
0.992114
1.00208
1.0089
1.01492
1.02021
1.02487
1.02898
1.0141
1.00382
1.00923
1.01409
1.01844
1.02236
1.02588
1.02904
1.02233
1.00964
1.01355
1.01711
1.02036
1.02333
1.02604
1.02852
1.03079
1.01914
1.01661
1.01926
1.02172
1.02399
1.02609
1.02804
1.02984
1.02913
1.01871
1.02072
1.02259
1.02435
1.02598
1.02752
1.02895
1.0303
1.03023
1.02198
1.02341
1.02476
1.02604
1.02724
1.02837
1.02944
1.03046
1.03141
1.0266
1.02544
1.02642
1.02736
1.02824
1.02909
1.02989
1.03065
1.03137
