2.03899
2.14426
2.28648
2.48957
2.82516
3.07556
3.29914
3.46462
3.55325
3.53675
3.57676
3.56132
3.58177
3.57138
3.58303
3.57658
3.58376
3.57986
3.58456
3.58223
3.58548
3.58411
3.58646
3.58569
3.58745
3.58706
3.58842
3.58827
3.58937
3.58936
3.59026
3.59035
3.59111
3.59126
3.59191
3.59209
3.59266
3.59286
3.59337
3.59358
3.59403
3.59424
3.59464
3.59485
3.59522
3.59542
3.59576
3.59596
3.59626
3.59645
3.59673
3.59691
3.59717
3.59735
3.59758
3.59775
3.59797
3.59813
3.59833
3.59848
3.59867
3.59881
3.59898
3.59912
3.59928
3.5994
3.59956
3.59967
3.59982
3.59993
3.60006
3.60017
3.60029
3.60039
3.60051
3.6006
3.60071
3.60079
3.60089
3.60097
3.60107
3.60115
3.60124
3.60131
3.60139
3.60146
3.60154
3.6016
3.60168
3.60174
3.60181
3.60186
3.60193
3.60198
3.60204
3.60209
3.60215
3.60219
3.60225
3.60229
