2.46464, 2.44306, 2.59849, 2.64873, 2.60335, 2.06119, 2.49489, 2.31044, 2.46374, 2.43575
2.52229, 2.47958, 2.66809, 2.70636, 2.64945, 2.08146, 2.54725, 2.34201, 2.52108, 2.47191
2.57911, 2.51943, 2.7412, 2.77527, 2.69283, 2.10233, 2.59792, 2.37573, 2.57753, 2.51129
2.63544, 2.56335, 2.82178, 2.86296, 2.73357, 2.124, 2.64705, 2.412, 2.63343, 2.55463
2.66462, 2.58016, 2.87373, 2.9389, 2.7565, 2.11876, 2.67254, 2.42098, 2.66236, 2.57086
2.69282, 2.59843, 2.95491, 3.08371, 2.77815, 2.11314, 2.69676, 2.4305, 2.69031, 2.58848
2.72017, 2.61834, 2.98271, 3.12235, 2.7986, 2.10712, 2.71978, 2.44056, 2.71735, 2.60762
2.7468, 2.64012, 3.00819, 3.15961, 2.81793, 2.1007, 2.74167, 2.4512, 2.74362, 2.6285
2.77285, 2.66405, 3.03133, 3.19507, 2.83619, 2.09389, 2.76248, 2.46243, 2.76926, 2.65135
2.79852, 2.69056, 3.05221, 3.22842, 2.85346, 2.08668, 2.78228, 2.47427, 2.79442, 2.67653
2.82408, 2.72024, 3.07092, 3.25944, 2.86979, 2.07906, 2.80114, 2.48675, 2.81933, 2.70452
2.84987, 2.75399, 3.08759, 3.28805, 2.88526, 2.07105, 2.81911, 2.49991, 2.84429, 2.73605
2.87649, 2.79336, 3.10238, 3.31424, 2.89992, 2.06263, 2.83627, 2.51377, 2.86973, 2.77227
2.90499, 2.84124, 3.11546, 3.33806, 2.91382, 2.0538, 2.85266, 2.52838, 2.8964, 2.81523
2.93779, 2.90446, 3.127, 3.35962, 2.92702, 2.04456, 2.86837, 2.54378, 2.92581, 2.8692
2.98391, 3.00836, 3.13717, 3.37909, 2.93957, 2.0349, 2.88344, 2.56004, 2.96211, 2.94608
3.0011, 3.03793, 3.14613, 3.3966, 2.95152, 2.02483, 2.89794, 2.57722, 2.97939, 2.97484
3.01722, 3.06683, 3.15402, 3.41235, 2.96291, 2.01433, 2.91193, 2.59543, 2.99573, 3.00332
2.92427, 3.02797, 3.07537, 3.37032, 2.84666, 2.01865, 2.80004, 2.5699, 2.89999, 2.96553
2.94361, 3.0538, 3.08897, 3.38655, 2.86008, 2.00998, 2.81564, 2.58441, 2.91921, 2.99071
2.96184, 3.07911, 3.10112, 3.40134, 2.87293, 2.00098, 2.83073, 2.59965, 2.93747, 3.01566
2.97899, 3.10375, 3.11196, 3.41478, 2.88524, 1.99165, 2.84538, 2.61568, 2.95477, 3.04024
2.99505, 3.1276, 3.12165, 3.42699, 2.89706, 1.98199, 2.85963, 2.63259, 2.97112, 3.06432
2.91628, 3.09227, 3.05388, 3.38988, 2.79332, 1.98738, 2.76182, 2.60798, 2.88984, 3.02971
2.9344, 3.11385, 3.06727, 3.40256, 2.80625, 1.97949, 2.77675, 2.62147, 2.90798, 3.05126
2.95147, 3.1348, 3.07936, 3.41422, 2.8187, 1.97136, 2.79128, 2.63556, 2.92521, 3.0724
2.96751, 3.15504, 3.0903, 3.42493, 2.83068, 1.96298, 2.80546, 2.65031, 2.94153, 3.09305
2.8978, 3.12255, 3.02974, 3.39138, 2.73502, 1.96882, 2.71681, 2.62662, 2.86952, 3.06107
2.91509, 3.14099, 3.04315, 3.40238, 2.74753, 1.96206, 2.73108, 2.63836, 2.88688, 3.07965
2.93143, 3.15884, 3.05539, 3.41259, 2.75961, 1.95513, 2.745, 2.65054, 2.9034, 3.09784
2.94683, 3.17609, 3.06656, 3.42203, 2.77127, 1.94803, 2.7586, 2.6632, 2.91907, 3.11557
2.96132, 3.19268, 3.07677, 3.43078, 2.78254, 1.94076, 2.77192, 2.67636, 2.93393, 3.13279
2.90217, 3.16406, 3.0247, 3.40164, 2.69784, 1.94688, 2.69502, 2.65448, 2.87283, 3.10448
2.91743, 3.17933, 3.03654, 3.41061, 2.70925, 1.941, 2.70807, 2.66508, 2.88829, 3.12015
2.93185, 3.19407, 3.04745, 3.41897, 2.72028, 1.935, 2.72084, 2.67602, 2.90299, 3.13541
2.94546, 3.20825, 3.05749, 3.42677, 2.73095, 1.9289, 2.73335, 2.68731, 2.91695, 3.15021
2.95829, 3.22186, 3.06675, 3.43404, 2.74129, 1.9227, 2.74561, 2.69898, 2.9302, 3.16453
2.90802, 3.19686, 3.02197, 3.40881, 2.66657, 1.9288, 2.67912, 2.67907, 2.87829, 3.13971
2.92129, 3.2095, 3.0323, 3.41622, 2.67681, 1.92374, 2.69094, 2.6886, 2.89185, 3.15287
2.93386, 3.22167, 3.04188, 3.42317, 2.68673, 1.91862, 2.70252, 2.69838, 2.90475, 3.16563
2.94574, 3.23336, 3.05078, 3.42969, 2.69635, 1.91345, 2.71387, 2.70841, 2.91701, 3.17797
2.95697, 3.24458, 3.05903, 3.4358, 2.70567, 1.90821, 2.72502, 2.71873, 2.92866, 3.1899
2.96758, 3.25532, 3.06671, 3.44153, 2.7147, 1.90292, 2.73599, 2.72934, 2.93972, 3.20139
2.92637, 3.23431, 3.02951, 3.42046, 2.65138, 1.90875, 2.68087, 2.71195, 2.89724, 3.18048
2.93722, 3.24437, 3.03787, 3.42627, 2.6602, 1.90437, 2.69133, 2.72079, 2.90844, 3.19114
2.9475, 3.25404, 3.04567, 3.43176, 2.66876, 1.89996, 2.70159, 2.72983, 2.9191, 3.20144
2.95724, 3.2633, 3.05296, 3.43692, 2.67706, 1.89552, 2.71167, 2.73907, 2.92925, 3.21137
2.96646, 3.27218, 3.05978, 3.44179, 2.68511, 1.89107, 2.7216, 2.74852, 2.9389, 3.22094
2.9313, 3.25399, 3.02779, 3.42361, 2.62962, 1.89654, 2.67422, 2.73302, 2.90269, 3.20279
2.94062, 3.26234, 3.03503, 3.42851, 2.6374, 1.89281, 2.68361, 2.741, 2.91236, 3.21172
2.94948, 3.27036, 3.04183, 3.43314, 2.64495, 1.88908, 2.69283, 2.74913, 2.92157, 3.22032
2.95789, 3.27806, 3.04822, 3.43753, 2.65228, 1.88534, 2.7019, 2.7574, 2.93036, 3.22862
2.96588, 3.28544, 3.05423, 3.44169, 2.65939, 1.8816, 2.71083, 2.76582, 2.93873, 3.23661
2.93583, 3.26971, 3.02671, 3.42601, 2.61087, 1.88665, 2.67016, 2.7521, 2.90783, 3.22091
2.94383, 3.27667, 3.03297, 3.43016, 2.61769, 1.88349, 2.67857, 2.75931, 2.91614, 3.22839
2.95144, 3.28336, 3.03887, 3.43409, 2.62431, 1.88034, 2.68682, 2.76661, 2.92408, 3.2356
2.95868, 3.28978, 3.04444, 3.43783, 2.63074, 1.8772, 2.69494, 2.77401, 2.93167, 3.24255
2.96558, 3.29594, 3.04971, 3.44138, 2.63698, 1.87407, 2.70294, 2.78152, 2.9389, 3.24925
2.93988, 3.28237, 3.02604, 3.42788, 2.59463, 1.87866, 2.66807, 2.76943, 2.9125, 3.23569
2.94673, 3.28819, 3.03144, 3.4314, 2.60059, 1.87599, 2.67557, 2.77593, 2.91964, 3.24197
2.95325, 3.29379, 3.03655, 3.43475, 2.60637, 1.87333, 2.68293, 2.78249, 2.92646, 3.24803
2.95948, 3.29917, 3.04139, 3.43794, 2.61198, 1.87069, 2.69018, 2.78911, 2.93299, 3.25387
2.96543, 3.30434, 3.04598, 3.44099, 2.61743, 1.86807, 2.69731, 2.7958, 2.93924, 3.2595
2.94343, 3.29264, 3.02564, 3.42936, 2.58053, 1.8722, 2.66744, 2.78521, 2.91666, 3.2478
2.94929, 3.29753, 3.03028, 3.43236, 2.58571, 1.86994, 2.67412, 2.79106, 2.92278, 3.25309
2.95489, 3.30223, 3.03469, 3.43521, 2.59074, 1.86771, 2.68068, 2.79694, 2.92864, 3.2582
2.96024, 3.30675, 3.03889, 3.43794, 2.59563, 1.86549, 2.68712, 2.80286, 2.93425, 3.26312
2.96535, 3.3111, 3.04288, 3.44055, 2.60037, 1.86329, 2.69347, 2.80882, 2.93963, 3.26787
2.97025, 3.31528, 3.04668, 3.44305, 2.60497, 1.86113, 2.69971, 2.81482, 2.94478, 3.27244
2.95203, 3.30553, 3.02975, 3.43336, 2.57395, 1.86473, 2.67504, 2.80586, 2.92611, 3.26268
2.95682, 3.30949, 3.03355, 3.4358, 2.57832, 1.86283, 2.68088, 2.81117, 2.93113, 3.26699
2.96141, 3.3133, 3.03718, 3.43813, 2.58255, 1.86096, 2.68662, 2.8165, 2.93595, 3.27114
2.96581, 3.31697, 3.04064, 3.44037, 2.58666, 1.85911, 2.69227, 2.82184, 2.94057, 3.27515
2.97002, 3.3205, 3.04394, 3.44251, 2.59066, 1.85729, 2.69782, 2.82721, 2.945, 3.27902
2.95441, 3.31211, 3.02938, 3.43418, 2.56373, 1.86048, 2.67671, 2.8194, 2.92901, 3.27062
2.95851, 3.31545, 3.03266, 3.43626, 2.5675, 1.85888, 2.68191, 2.82419, 2.93331, 3.27426
2.96245, 3.31867, 3.03578, 3.43826, 2.57117, 1.8573, 2.68701, 2.82898, 2.93744, 3.27778
2.96622, 3.32178, 3.03877, 3.44018, 2.57473, 1.85574, 2.69203, 2.83377, 2.94141, 3.28117
2.96984, 3.32477, 3.04163, 3.44201, 2.57819, 1.85421, 2.69696, 2.83856, 2.94523, 3.28445
2.95646, 3.31755, 3.02913, 3.43485, 2.55484, 1.85703, 2.6789, 2.83178, 2.93153, 3.27722
2.95997, 3.32038, 3.03194, 3.43663, 2.5581, 1.85567, 2.68351, 2.83609, 2.93521, 3.2803
2.96334, 3.32311, 3.03463, 3.43834, 2.56127, 1.85433, 2.68804, 2.84039, 2.93876, 3.28329
2.96658, 3.32574, 3.03721, 3.43998, 2.56435, 1.85302, 2.69249, 2.84468, 2.94216, 3.28617
2.9697, 3.32828, 3.03969, 3.44156, 2.56733, 1.85173, 2.69687, 2.84896, 2.94544, 3.28895
2.95822, 3.32207, 3.02894, 3.4354, 2.54711, 1.8542, 2.68142, 2.84309, 2.9337, 3.28273
2.96123, 3.32447, 3.03136, 3.43693, 2.54993, 1.85304, 2.68551, 2.84696, 2.93686, 3.28535
2.96412, 3.32678, 3.03368, 3.43839, 2.55266, 1.85191, 2.68953, 2.85081, 2.9399, 3.28788
2.9669, 3.32902, 3.03591, 3.4398, 2.55532, 1.8508, 2.69347, 2.85465, 2.94282, 3.29033
2.96958, 3.33118, 3.03805, 3.44116, 2.55789, 1.84971, 2.69734, 2.85847, 2.94564, 3.29269
2.97216, 3.33326, 3.0401, 3.44246, 2.56039, 1.84865, 2.70114, 2.86227, 2.94836, 3.29498
2.96262, 3.32809, 3.03115, 3.43733, 2.54346, 1.85075, 2.68837, 2.85734, 2.93861, 3.28979
2.9651, 3.33005, 3.03315, 3.43859, 2.54582, 1.84979, 2.69193, 2.8608, 2.94121, 3.29195
2.96749, 3.33196, 3.03507, 3.4398, 2.54811, 1.84885, 2.69542, 2.86423, 2.94372, 3.29403
2.96978, 3.33379, 3.03691, 3.44096, 2.55033, 1.84793, 2.69885, 2.86765, 2.94614, 3.29604
2.972, 3.33557, 3.03868, 3.44208, 2.55249, 1.84702, 2.70221, 2.87104, 2.94848, 3.29799
2.96382, 3.33112, 3.031, 3.43767, 2.53785, 1.84886, 2.69128, 2.86677, 2.94011, 3.29353
2.96594, 3.33279, 3.03271, 3.43875, 2.53988, 1.84804, 2.69443, 2.86987, 2.94234, 3.29536
2.96799, 3.33441, 3.03436, 3.43979, 2.54185, 1.84724, 2.69752, 2.87295, 2.9445, 3.29714
2.96996, 3.33598, 3.03595, 3.44079, 2.54377, 1.84646, 2.70055, 2.87599, 2.94658, 3.29885
2.97186, 3.33749, 3.03748, 3.44175, 2.54563, 1.84569, 2.70352, 2.87901, 2.94858, 3.30051
