0.288257
0.308391
0.332203
0.361084
0.379921
0.392509
0.412507
0.421759
0.430975
0.440178
0.449443
0.458901
0.468761
0.479357
0.491266
0.505701
0.526506
0.535517
0.539157
0.520207
0.529019
0.537568
0.545851
0.544897
0.530833
0.538829
0.546536
0.55296
0.531721
0.539068
0.546129
0.552913
0.558365
0.539459
0.545873
0.552027
0.557932
0.56339
0.545907
0.551455
0.556777
0.561885
0.566792
0.565488
0.556642
0.561235
0.565649
0.569894
0.569338
0.56098
0.564938
0.568747
0.572416
0.572804
0.564631
0.568041
0.571328
0.5745
0.575907
0.56773
0.570669
0.573508
0.57625
0.578673
0.570381
0.572918
0.57537
0.577744
0.580042
0.579631
0.575167
0.57729
0.579347
0.581341
0.581639
0.577137
0.578976
0.58076
0.582492
0.583396
0.578873
0.580468
0.582016
0.58352
0.584929
0.580409
0.581793
0.583137
0.584444
0.585714
0.58539
0.583141
0.584309
0.585445
0.586551
0.586476
0.584344
0.585359
0.586347
0.587309
