4.11385, 4.46053, 0.0251786, 0.474334, 5.34255, 4.4178, 0.0375516, 3.07051, 3.21763, 1.27806, 3.70665, 4.19724, 1.65736, 2.20218, 1.8345, 0.615489, 4.58944, 0.32792, 0.947768, 1.75916
4.11206, 4.46113, 0.0251903, 0.475828, 5.34113, 4.41817, 0.0375844, 3.07356, 3.21681, 1.27925, 3.70479, 4.19807, 1.65653, 2.20406, 1.83404, 0.616863, 4.58873, 0.328779, 0.947356, 1.76107
4.11032, 4.46171, 0.0252016, 0.477277, 5.33976, 4.41854, 0.0376161, 3.07653, 3.21601, 1.2804, 3.70299, 4.19887, 1.65573, 2.20588, 1.83358, 0.618197, 4.58805, 0.329613, 0.946955, 1.76291
4.10863, 4.46228, 0.0252126, 0.478683, 5.33843, 4.41889, 0.037647, 3.07942, 3.21524, 1.28152, 3.70124, 4.19965, 1.65495, 2.20765, 1.83314, 0.61949, 4.58738, 0.330421, 0.946567, 1.7647
4.107, 4.46283, 0.0252233, 0.480048, 5.33714, 4.41923, 0.037677, 3.08222, 3.21449, 1.2826, 3.69954, 4.20041, 1.6542, 2.20937, 1.83272, 0.620746, 4.58673, 0.331206, 0.94619, 1.76644
4.10541, 4.46336, 0.0252336, 0.481372, 5.33589, 4.41956, 0.0377061, 3.08494, 3.21376, 1.28365, 3.6979, 4.20114, 1.65347, 2.21103, 1.8323, 0.621963, 4.58611, 0.331967, 0.945824, 1.76812
4.10387, 4.46388, 0.0252436, 0.482656, 5.33468, 4.41989, 0.0377344, 3.08758, 3.21305, 1.28467, 3.6963, 4.20185, 1.65276, 2.21265, 1.8319, 0.623145, 4.5855, 0.332706, 0.945469, 1.76976
4.10237, 4.46438, 0.0252534, 0.483902, 5.3335, 4.4202, 0.0377618, 3.09014, 3.21236, 1.28566, 3.69475, 4.20254, 1.65207, 2.21422, 1.83151, 0.624291, 4.58491, 0.333422, 0.945124, 1.77135
4.10092, 4.46486, 0.0252628, 0.485111, 5.33236, 4.4205, 0.0377885, 3.09263, 3.2117, 1.28662, 3.69324, 4.20321, 1.6514, 2.21574, 1.83113, 0.625403, 4.58433, 0.334117, 0.94479, 1.77289
4.09951, 4.46534, 0.025272, 0.486284, 5.33125, 4.4208, 0.0378144, 3.09505, 3.21105, 1.28755, 3.69178, 4.20386, 1.65075, 2.21722, 1.83077, 0.626483, 4.58378, 0.334792, 0.944465, 1.77438
4.09814, 4.46579, 0.0252809, 0.487423, 5.33017, 4.42108, 0.0378395, 3.0974, 3.21043, 1.28845, 3.69036, 4.20449, 1.65011, 2.21865, 1.83041, 0.62753, 4.58324, 0.335446, 0.94415, 1.77583
4.09682, 4.46624, 0.0252895, 0.488527, 5.32913, 4.42136, 0.0378639, 3.09968, 3.20982, 1.28933, 3.68899, 4.2051, 1.6495, 2.22004, 1.83007, 0.628545, 4.58272, 0.33608, 0.943845, 1.77724
4.09553, 4.46667, 0.0252979, 0.489598, 5.32811, 4.42163, 0.0378876, 3.1019, 3.20923, 1.29017, 3.68765, 4.2057, 1.64891, 2.22139, 1.82973, 0.629531, 4.58221, 0.336696, 0.943548, 1.7786
4.09428, 4.46709, 0.025306, 0.490638, 5.32713, 4.42189, 0.0379106, 3.10404, 3.20865, 1.291, 3.68636, 4.20627, 1.64833, 2.2227, 1.82941, 0.630487, 4.58172, 0.337293, 0.943261, 1.77993
4.09307, 4.46749, 0.0253139, 0.491646, 5.32618, 4.42214, 0.0379329, 3.10613, 3.2081, 1.2918, 3.6851, 4.20683, 1.64777, 2.22397, 1.82909, 0.631415, 4.58124, 0.337873, 0.942981, 1.78122
4.09189, 4.46789, 0.0253216, 0.492625, 5.32525, 4.42239, 0.0379546, 3.10816, 3.20756, 1.29258, 3.68388, 4.20738, 1.64723, 2.22521, 1.82879, 0.632314, 4.58078, 0.338435, 0.942711, 1.78246
4.09075, 4.46827, 0.025329, 0.493574, 5.32436, 4.42262, 0.0379757, 3.11012, 3.20704, 1.29333, 3.6827, 4.2079, 1.6467, 2.2264, 1.82849, 0.633188, 4.58033, 0.33898, 0.942448, 1.78367
4.08965, 4.46864, 0.0253362, 0.494495, 5.32349, 4.42285, 0.0379961, 3.11203, 3.20653, 1.29406, 3.68155, 4.20841, 1.64619, 2.22757, 1.8282, 0.634035, 4.57989, 0.339509, 0.942193, 1.78485
4.08857, 4.469, 0.0253432, 0.495388, 5.32264, 4.42308, 0.038016, 3.11389, 3.20604, 1.29477, 3.68043, 4.20891, 1.6457, 2.22869, 1.82792, 0.634856, 4.57947, 0.340022, 0.941945, 1.78599
4.08753, 4.46935, 0.02535, 0.496255, 5.32182, 4.4233, 0.0380352, 3.11569, 3.20556, 1.29546, 3.67935, 4.20939, 1.64521, 2.22979, 1.82765, 0.635654, 4.57906, 0.34052, 0.941705, 1.7871
4.08652, 4.46969, 0.0253565, 0.497096, 5.32103, 4.42351, 0.0380539, 3.11743, 3.2051, 1.29612, 3.6783, 4.20986, 1.64475, 2.23085, 1.82739, 0.636427, 4.57866, 0.341003, 0.941472, 1.78817
4.08554, 4.47002, 0.0253629, 0.497912, 5.32026, 4.42371, 0.0380721, 3.11913, 3.20465, 1.29677, 3.67729, 4.21031, 1.64429, 2.23188, 1.82713, 0.637178, 4.57827, 0.341471, 0.941246, 1.78921
4.08459, 4.47034, 0.0253691, 0.498703, 5.31951, 4.42391, 0.0380897, 3.12078, 3.20421, 1.2974, 3.6763, 4.21075, 1.64386, 2.23288, 1.82689, 0.637905, 4.5779, 0.341926, 0.941027, 1.79022
4.08366, 4.47065, 0.0253751, 0.499471, 5.31878, 4.4241, 0.0381068, 3.12237, 3.20379, 1.29801, 3.67534, 4.21118, 1.64343, 2.23385, 1.82665, 0.638612, 4.57754, 0.342366, 0.940814, 1.7912
4.08277, 4.47095, 0.0253809, 0.500216, 5.31808, 4.42429, 0.0381234, 3.12392, 3.20338, 1.2986, 3.67441, 4.21159, 1.64301, 2.23479, 1.82641, 0.639297, 4.57718, 0.342794, 0.940607, 1.79215
4.0819, 4.47124, 0.0253866, 0.500939, 5.31739, 4.42447, 0.0381395, 3.12543, 3.20298, 1.29917, 3.67351, 4.21199, 1.64261, 2.2357, 1.82619, 0.639962, 4.57684, 0.343209, 0.940407, 1.79308
4.08106, 4.47152, 0.0253921, 0.50164, 5.31673, 4.42465, 0.0381551, 3.12689, 3.2026, 1.29973, 3.67263, 4.21238, 1.64222, 2.23659, 1.82597, 0.640606, 4.57651, 0.343611, 0.940213, 1.79397
4.08024, 4.4718, 0.0253974, 0.50232, 5.31609, 4.42482, 0.0381703, 3.12831, 3.20222, 1.30027, 3.67178, 4.21276, 1.64185, 2.23744, 1.82575, 0.641232, 4.57619, 0.344002, 0.940024, 1.79484
4.07944, 4.47206, 0.0254025, 0.50298, 5.31546, 4.42498, 0.0381851, 3.12968, 3.20186, 1.30079, 3.67096, 4.21313, 1.64148, 2.23828, 1.82555, 0.641839, 4.57588, 0.344381, 0.939841, 1.79568
4.07867, 4.47232, 0.0254075, 0.50362, 5.31486, 4.42514, 0.0381994, 3.13102, 3.20151, 1.3013, 3.67016, 4.21348, 1.64112, 2.23909, 1.82535, 0.642428, 4.57557, 0.344748, 0.939664, 1.7965
4.07793, 4.47257, 0.0254124, 0.504241, 5.31427, 4.4253, 0.0382132, 3.13232, 3.20116, 1.30179, 3.66938, 4.21383, 1.64078, 2.23987, 1.82515, 0.642999, 4.57528, 0.345104, 0.939492, 1.79729
4.0772, 4.47281, 0.0254171, 0.504844, 5.3137, 4.42545, 0.0382267, 3.13358, 3.20083, 1.30227, 3.66863, 4.21416, 1.64044, 2.24063, 1.82497, 0.643553, 4.575, 0.34545, 0.939324, 1.79806
4.0765, 4.47305, 0.0254217, 0.505428, 5.31315, 4.4256, 0.0382398, 3.1348, 3.20051, 1.30273, 3.6679, 4.21449, 1.64012, 2.24137, 1.82478, 0.64409, 4.57472, 0.345785, 0.939162, 1.79881
4.07581, 4.47328, 0.0254261, 0.505995, 5.31261, 4.42574, 0.0382525, 3.13598, 3.2002, 1.30318, 3.66719, 4.2148, 1.6398, 2.24209, 1.82461, 0.644612, 4.57445, 0.346111, 0.939005, 1.79953
4.07515, 4.4735, 0.0254304, 0.506545, 5.31209, 4.42588, 0.0382648, 3.13713, 3.1999, 1.30362, 3.6665, 4.21511, 1.6395, 2.24278, 1.82443, 0.645118, 4.57419, 0.346426, 0.938852, 1.80024
4.07451, 4.47372, 0.0254346, 0.507079, 5.31159, 4.42601, 0.0382767, 3.13825, 3.1996, 1.30404, 3.66584, 4.21541, 1.6392, 2.24346, 1.82427, 0.645608, 4.57394, 0.346732, 0.938704, 1.80092
4.07389, 4.47392, 0.0254386, 0.507597, 5.3111, 4.42614, 0.0382883, 3.13933, 3.19932, 1.30445, 3.66519, 4.21569, 1.63891, 2.24411, 1.82411, 0.646084, 4.5737, 0.347029, 0.938561, 1.80158
4.07328, 4.47413, 0.0254426, 0.508099, 5.31063, 4.42626, 0.0382996, 3.14038, 3.19904, 1.30485, 3.66456, 4.21597, 1.63863, 2.24475, 1.82395, 0.646546, 4.57346, 0.347317, 0.938421, 1.80222
4.0727, 4.47432, 0.0254464, 0.508586, 5.31017, 4.42639, 0.0383105, 3.1414, 3.19877, 1.30524, 3.66395, 4.21624, 1.63836, 2.24536, 1.8238, 0.646994, 4.57323, 0.347597, 0.938286, 1.80285
4.07213, 4.47451, 0.0254501, 0.509059, 5.30972, 4.42651, 0.0383211, 3.14239, 3.19851, 1.30561, 3.66336, 4.21651, 1.6381, 2.24596, 1.82365, 0.647429, 4.573, 0.347868, 0.938155, 1.80345
4.07158, 4.4747, 0.0254536, 0.509517, 5.30929, 4.42662, 0.0383314, 3.14335, 3.19826, 1.30597, 3.66279, 4.21676, 1.63784, 2.24654, 1.82351, 0.64785, 4.57279, 0.348131, 0.938028, 1.80404
4.07104, 4.47488, 0.0254571, 0.509962, 5.30887, 4.42673, 0.0383414, 3.14429, 3.19802, 1.30633, 3.66223, 4.21701, 1.6376, 2.2471, 1.82337, 0.648259, 4.57258, 0.348386, 0.937904, 1.80461
4.07052, 4.47505, 0.0254605, 0.510393, 5.30846, 4.42684, 0.038351, 3.14519, 3.19778, 1.30667, 3.66169, 4.21725, 1.63736, 2.24765, 1.82323, 0.648656, 4.57237, 0.348633, 0.937785, 1.80516
4.07002, 4.47522, 0.0254638, 0.510812, 5.30806, 4.42694, 0.0383604, 3.14607, 3.19755, 1.307, 3.66117, 4.21748, 1.63712, 2.24818, 1.8231, 0.649041, 4.57218, 0.348873, 0.937668, 1.80569
4.06953, 4.47539, 0.0254669, 0.511218, 5.30768, 4.42705, 0.0383696, 3.14692, 3.19732, 1.30732, 3.66066, 4.21771, 1.6369, 2.24869, 1.82297, 0.649414, 4.57198, 0.349106, 0.937556, 1.80621
4.06905, 4.47554, 0.02547, 0.511612, 5.30731, 4.42715, 0.0383784, 3.14775, 3.19711, 1.30764, 3.66017, 4.21793, 1.63668, 2.24919, 1.82285, 0.649777, 4.5718, 0.349332, 0.937446, 1.80671
4.06859, 4.4757, 0.025473, 0.511994, 5.30694, 4.42724, 0.038387, 3.14855, 3.1969, 1.30794, 3.65969, 4.21814, 1.63646, 2.24967, 1.82273, 0.650128, 4.57162, 0.349551, 0.93734, 1.8072
4.06815, 4.47585, 0.0254759, 0.512364, 5.30659, 4.42733, 0.0383953, 3.14933, 3.19669, 1.30823, 3.65923, 4.21835, 1.63626, 2.25014, 1.82262, 0.650469, 4.57144, 0.349764, 0.937237, 1.80768
4.06771, 4.47599, 0.0254787, 0.512724, 5.30625, 4.42742, 0.0384034, 3.15008, 3.19649, 1.30852, 3.65878, 4.21855, 1.63606, 2.2506, 1.8225, 0.650799, 4.57127, 0.34997, 0.937138, 1.80814
4.06729, 4.47613, 0.0254814, 0.513073, 5.30592, 4.42751, 0.0384113, 3.15082, 3.1963, 1.30879, 3.65834, 4.21874, 1.63586, 2.25104, 1.82239, 0.65112, 4.57111, 0.35017, 0.937041, 1.80858
4.06689, 4.47627, 0.0254841, 0.513411, 5.30561, 4.4276, 0.0384189, 3.15153, 3.19612, 1.30906, 3.65792, 4.21893, 1.63568, 2.25147, 1.82229, 0.651431, 4.57095, 0.350364, 0.936947, 1.80902
4.06649, 4.4764, 0.0254867, 0.513739, 5.30529, 4.42768, 0.0384263, 3.15222, 3.19594, 1.30932, 3.65751, 4.21911, 1.63549, 2.25188, 1.82219, 0.651733, 4.57079, 0.350552, 0.936856, 1.80944
4.06611, 4.47653, 0.0254891, 0.514057, 5.30499, 4.42776, 0.0384334, 3.15289, 3.19576, 1.30958, 3.65711, 4.21929, 1.63532, 2.25229, 1.82209, 0.652026, 4.57064, 0.350735, 0.936767, 1.80984
4.06573, 4.47666, 0.0254916, 0.514366, 5.3047, 4.42784, 0.0384404, 3.15354, 3.19559, 1.30982, 3.65672, 4.21946, 1.63514, 2.25268, 1.82199, 0.65231, 4.5705, 0.350912, 0.936681, 1.81024
4.06537, 4.47678, 0.0254939, 0.514666, 5.30442, 4.42791, 0.0384471, 3.15417, 3.19543, 1.31006, 3.65635, 4.21963, 1.63498, 2.25306, 1.8219, 0.652585, 4.57035, 0.351083, 0.936598, 1.81062
4.06502, 4.47689, 0.0254962, 0.514957, 5.30414, 4.42798, 0.0384537, 3.15478, 3.19527, 1.31029, 3.65598, 4.21979, 1.63481, 2.25343, 1.82181, 0.652853, 4.57022, 0.35125, 0.936517, 1.81099
4.06468, 4.47701, 0.0254984, 0.515238, 5.30388, 4.42805, 0.03846, 3.15537, 3.19511, 1.31051, 3.65563, 4.21995, 1.63466, 2.25378, 1.82172, 0.653112, 4.57008, 0.351412, 0.936439, 1.81136
4.06435, 4.47712, 0.0255005, 0.515512, 5.30362, 4.42812, 0.0384662, 3.15595, 3.19496, 1.31073, 3.65529, 4.2201, 1.6345, 2.25413, 1.82163, 0.653363, 4.56996, 0.351568, 0.936363, 1.81171
4.06403, 4.47723, 0.0255026, 0.515777, 5.30337, 4.42819, 0.0384722, 3.15651, 3.19481, 1.31094, 3.65495, 4.22025, 1.63436, 2.25446, 1.82155, 0.653607, 4.56983, 0.351721, 0.936289, 1.81204
4.06372, 4.47733, 0.0255046, 0.516035, 5.30313, 4.42825, 0.038478, 3.15705, 3.19467, 1.31114, 3.65463, 4.22039, 1.63421, 2.25479, 1.82147, 0.653844, 4.56971, 0.351868, 0.936218, 1.81237
4.06342, 4.47743, 0.0255066, 0.516284, 5.30289, 4.42832, 0.0384836, 3.15757, 3.19453, 1.31134, 3.65432, 4.22053, 1.63407, 2.25511, 1.82139, 0.654073, 4.56959, 0.352011, 0.936149, 1.81269
4.06313, 4.47753, 0.0255085, 0.516526, 5.30266, 4.42838, 0.038489, 3.15808, 3.1944, 1.31153, 3.65402, 4.22067, 1.63394, 2.25541, 1.82132, 0.654296, 4.56948, 0.35215, 0.936081, 1.813
4.06285, 4.47762, 0.0255103, 0.516761, 5.30244, 4.42844, 0.0384943, 3.15858, 3.19427, 1.31172, 3.65372, 4.2208, 1.63381, 2.25571, 1.82124, 0.654512, 4.56937, 0.352285, 0.936016, 1.8133
4.06257, 4.47772, 0.0255121, 0.516989, 5.30222, 4.42849, 0.0384995, 3.15906, 3.19415, 1.3119, 3.65344, 4.22092, 1.63368, 2.256, 1.82117, 0.654722, 4.56926, 0.352415, 0.935953, 1.8136
4.06231, 4.47781, 0.0255138, 0.51721, 5.30201, 4.42855, 0.0385045, 3.15953, 3.19402, 1.31208, 3.65316, 4.22105, 1.63356, 2.25628, 1.8211, 0.654925, 4.56915, 0.352542, 0.935891, 1.81388
4.06205, 4.47789, 0.0255155, 0.517425, 5.30181, 4.4286, 0.0385093, 3.15998, 3.19391, 1.31225, 3.65289, 4.22117, 1.63344, 2.25655, 1.82103, 0.655122, 4.56905, 0.352665, 0.935832, 1.81415
4.0618, 4.47798, 0.0255171, 0.517633, 5.30161, 4.42865, 0.038514, 3.16042, 3.19379, 1.31241, 3.65263, 4.22128, 1.63332, 2.25681, 1.82097, 0.655313, 4.56895, 0.352784, 0.935774, 1.81442
4.06155, 4.47806, 0.0255187, 0.517834, 5.30142, 4.42871, 0.0385186, 3.16084, 3.19368, 1.31257, 3.65238, 4.22139, 1.63321, 2.25707, 1.82091, 0.655499, 4.56886, 0.3529, 0.935718, 1.81468
4.06132, 4.47814, 0.0255202, 0.51803, 5.30124, 4.42875, 0.038523, 3.16125, 3.19357, 1.31273, 3.65213, 4.2215, 1.6331, 2.25732, 1.82085, 0.655679, 4.56877, 0.353012, 0.935664, 1.81493
4.06109, 4.47821, 0.0255217, 0.51822, 5.30106, 4.4288, 0.0385273, 3.16165, 3.19347, 1.31288, 3.6519, 4.22161, 1.633, 2.25756, 1.82079, 0.655853, 4.56868, 0.353121, 0.935611, 1.81517
4.06087, 4.47829, 0.0255231, 0.518404, 5.30089, 4.42885, 0.0385314, 3.16204, 3.19337, 1.31302, 3.65166, 4.22171, 1.63289, 2.25779, 1.82073, 0.656023, 4.56859, 0.353226, 0.93556, 1.81541
4.06065, 4.47836, 0.0255245, 0.518583, 5.30072, 4.42889, 0.0385355, 3.16242, 3.19327, 1.31316, 3.65144, 4.22181, 1.63279, 2.25802, 1.82067, 0.656187, 4.5685, 0.353329, 0.93551, 1.81564
4.06044, 4.47843, 0.0255259, 0.518756, 5.30055, 4.42894, 0.0385394, 3.16279, 3.19317, 1.3133, 3.65122, 4.22191, 1.6327, 2.25824, 1.82062, 0.656346, 4.56842, 0.353428, 0.935462, 1.81586
4.06024, 4.4785, 0.0255272, 0.518924, 5.30039, 4.42898, 0.0385432, 3.16314, 3.19308, 1.31343, 3.65101, 4.222, 1.6326, 2.25845, 1.82057, 0.656501, 4.56834, 0.353524, 0.935415, 1.81607
4.06004, 4.47856, 0.0255285, 0.519087, 5.30024, 4.42902, 0.0385468, 3.16348, 3.19299, 1.31356, 3.65081, 4.22209, 1.63251, 2.25866, 1.82052, 0.656651, 4.56827, 0.353618, 0.93537, 1.81628
4.05985, 4.47863, 0.0255297, 0.519245, 5.30009, 4.42906, 0.0385504, 3.16382, 3.1929, 1.31369, 3.65061, 4.22218, 1.63242, 2.25886, 1.82047, 0.656796, 4.56819, 0.353708, 0.935326, 1.81648
4.05967, 4.47869, 0.0255309, 0.519399, 5.29995, 4.4291, 0.0385539, 3.16414, 3.19282, 1.31381, 3.65042, 4.22227, 1.63234, 2.25905, 1.82042, 0.656937, 4.56812, 0.353796, 0.935283, 1.81668
4.05949, 4.47875, 0.0255321, 0.519548, 5.2998, 4.42913, 0.0385573, 3.16446, 3.19274, 1.31393, 3.65023, 4.22235, 1.63226, 2.25924, 1.82037, 0.657074, 4.56805, 0.353882, 0.935242, 1.81687
4.05932, 4.47881, 0.0255332, 0.519692, 5.29967, 4.42917, 0.0385605, 3.16476, 3.19266, 1.31404, 3.65005, 4.22243, 1.63217, 2.25942, 1.82033, 0.657207, 4.56798, 0.353964, 0.935202, 1.81706
4.05915, 4.47886, 0.0255343, 0.519832, 5.29954, 4.42921, 0.0385637, 3.16506, 3.19258, 1.31415, 3.64988, 4.22251, 1.6321, 2.2596, 1.82028, 0.657336, 4.56792, 0.354045, 0.935163, 1.81724
4.05898, 4.47892, 0.0255354, 0.519968, 5.29941, 4.42924, 0.0385668, 3.16534, 3.19251, 1.31426, 3.64971, 4.22258, 1.63202, 2.25977, 1.82024, 0.657461, 4.56785, 0.354122, 0.935125, 1.81741
4.05882, 4.47897, 0.0255364, 0.5201, 5.29928, 4.42927, 0.0385697, 3.16562, 3.19243, 1.31437, 3.64954, 4.22266, 1.63195, 2.25994, 1.8202, 0.657582, 4.56779, 0.354198, 0.935088, 1.81758
4.05867, 4.47902, 0.0255374, 0.520228, 5.29916, 4.4293, 0.0385726, 3.16589, 3.19236, 1.31447, 3.64938, 4.22273, 1.63188, 2.2601, 1.82016, 0.6577, 4.56773, 0.354271, 0.935053, 1.81774
4.05852, 4.47907, 0.0255384, 0.520352, 5.29905, 4.42934, 0.0385754, 3.16615, 3.1923, 1.31457, 3.64923, 4.2228, 1.63181, 2.26026, 1.82012, 0.657814, 4.56767, 0.354342, 0.935018, 1.8179
4.05838, 4.47912, 0.0255393, 0.520472, 5.29893, 4.42937, 0.0385781, 3.16641, 3.19223, 1.31466, 3.64907, 4.22286, 1.63174, 2.26041, 1.82008, 0.657924, 4.56761, 0.354411, 0.934985, 1.81805
4.05823, 4.47917, 0.0255402, 0.520589, 5.29882, 4.4294, 0.0385808, 3.16665, 3.19217, 1.31475, 3.64893, 4.22293, 1.63167, 2.26056, 1.82005, 0.658031, 4.56756, 0.354478, 0.934952, 1.8182
4.0581, 4.47922, 0.0255411, 0.520702, 5.29871, 4.42942, 0.0385833, 3.16689, 3.1921, 1.31484, 3.64879, 4.22299, 1.63161, 2.2607, 1.82001, 0.658135, 4.5675, 0.354543, 0.934921, 1.81835
4.05797, 4.47926, 0.025542, 0.520812, 5.29861, 4.42945, 0.0385858, 3.16713, 3.19204, 1.31493, 3.64865, 4.22305, 1.63155, 2.26084, 1.81998, 0.658236, 4.56745, 0.354606, 0.93489, 1.81849
4.05784, 4.4793, 0.0255428, 0.520918, 5.29851, 4.42948, 0.0385882, 3.16735, 3.19198, 1.31502, 3.64852, 4.22311, 1.63149, 2.26098, 1.81994, 0.658334, 4.5674, 0.354667, 0.934861, 1.81863
4.05771, 4.47935, 0.0255436, 0.521021, 5.29841, 4.4295, 0.0385906, 3.16757, 3.19193, 1.3151, 3.64839, 4.22317, 1.63143, 2.26111, 1.81991, 0.658429, 4.56735, 0.354726, 0.934832, 1.81876
4.05759, 4.47939, 0.0255444, 0.521122, 5.29832, 4.42953, 0.0385928, 3.16778, 3.19187, 1.31518, 3.64826, 4.22323, 1.63138, 2.26124, 1.81988, 0.658521, 4.56731, 0.354783, 0.934804, 1.81889
4.05747, 4.47942, 0.0255451, 0.521219, 5.29823, 4.42955, 0.038595, 3.16799, 3.19182, 1.31525, 3.64814, 4.22328, 1.63132, 2.26136, 1.81985, 0.658611, 4.56726, 0.354839, 0.934777, 1.81901
4.05736, 4.47946, 0.0255459, 0.521313, 5.29814, 4.42958, 0.0385972, 3.16819, 3.19177, 1.31533, 3.64802, 4.22333, 1.63127, 2.26148, 1.81982, 0.658698, 4.56722, 0.354893, 0.934751, 1.81913
4.05725, 4.4795, 0.0255466, 0.521405, 5.29805, 4.4296, 0.0385992, 3.16838, 3.19172, 1.3154, 3.64791, 4.22338, 1.63122, 2.26159, 1.81979, 0.658782, 4.56717, 0.354946, 0.934726, 1.81925
4.05714, 4.47954, 0.0255473, 0.521493, 5.29797, 4.42962, 0.0386013, 3.16857, 3.19167, 1.31547, 3.64779, 4.22343, 1.63117, 2.26171, 1.81976, 0.658863, 4.56713, 0.354996, 0.934701, 1.81936
4.05704, 4.47957, 0.025548, 0.521579, 5.29788, 4.42964, 0.0386032, 3.16875, 3.19162, 1.31554, 3.64769, 4.22348, 1.63112, 2.26182, 1.81974, 0.658942, 4.56709, 0.355046, 0.934677, 1.81947
4.05694, 4.4796, 0.0255486, 0.521663, 5.29781, 4.42966, 0.0386051, 3.16893, 3.19157, 1.31561, 3.64758, 4.22353, 1.63108, 2.26192, 1.81971, 0.659019, 4.56705, 0.355094, 0.934654, 1.81958
4.05684, 4.47964, 0.0255492, 0.521744, 5.29773, 4.42969, 0.0386069, 3.1691, 3.19153, 1.31567, 3.64748, 4.22357, 1.63103, 2.26202, 1.81969, 0.659094, 4.56701, 0.35514, 0.934631, 1.81968
4.05675, 4.47967, 0.0255499, 0.521822, 5.29766, 4.4297, 0.0386087, 3.16926, 3.19149, 1.31573, 3.64738, 4.22362, 1.63099, 2.26212, 1.81966, 0.659166, 4.56698, 0.355185, 0.934609, 1.81978
4.05665, 4.4797, 0.0255505, 0.521899, 5.29758, 4.42972, 0.0386104, 3.16942, 3.19144, 1.31579, 3.64729, 4.22366, 1.63094, 2.26222, 1.81964, 0.659236, 4.56694, 0.355229, 0.934588, 1.81988
