0.826531
0.671986
0.292386
0.518622
0.218207
0.466497
0.485374
0.509978
0.579998
0.27186
0.0323047
0.0360543
0.0435457
0.0584577
0.0881646
0.147872
0.271031
0.341529
0.419653
0.436508
0.418137
0.238579
0.0718039
0.106029
0.1678
0.28183
0.361958
0.368229
0.408118
0.379109
0.425861
0.436313
0.466787
0.487752
0.505046
0.475701
0.316276
0.105866
0.149675
0.21949
0.334265
0.377478
0.463548
0.47006
0.477649
0.480834
0.529803
0.541514
0.607024
0.584139
0.625321
0.366889
0.0897928
0.112546
0.143359
0.185011
0.241272
0.317308
0.420323
0.488407
0.528894
0.542441
0.573131
0.60226
0.563351
0.658574
0.40525
0.319039
0.387534
0.481634
0.531046
0.607485
0.588152
0.592836
0.573587
0.645547
0.633745
0.558307
0.587019
0.650754
0.664326
0.659227
0.662578
0.643549
0.642656
0.682662
0.684771
0.70056
0.695721
0.706556
0.646005
0.623049
0.364112
0.416614
0.482921
0.54939
0.564892
0.616282
0.658014
0.66203
