0.369452
0.360634
0.35894
0.39024
0.410357
0.398253
0.420859
0.413378
0.415423
0.431443
0.429505
0.47665
0.263541
0.334269
0.411622
0.405826
0.439125
0.435044
0.453689
0.439186
0.454027
0.466994
0.479952
0.490023
0.521757
0.518474
0.51684
0.532766
0.436534
0.498361
0.544802
0.548543
0.545181
0.50466
0.506008
0.531421
0.563468
0.572814
0.5617
0.561039
0.523427
0.543871
0.566435
0.528669
0.565063
0.560863
0.568366
0.517557
0.558538
0.557919
0.570554
0.553988
0.573235
0.579252
0.574895
0.576169
0.579012
0.559114
0.577398
0.566433
0.584527
0.589426
0.590351
0.591697
0.590616
0.591028
0.588246
0.590269
0.575598
0.583722
0.586356
0.582847
0.594221
0.595398
0.595479
0.596471
0.595727
0.596654
0.592433
0.593919
0.595027
0.593959
0.595865
0.59679
0.59772
0.598654
0.599592
0.600533
0.59807
0.599948
0.597969
0.599654
0.599897
0.60044
0.601221
0.601999
0.602772
0.603542
0.603943
0.587116
