1.18505
1.50852
1.5252
1.59628
1.65428
1.67975
1.69997
1.70418
1.43938
1.64016
1.6715
1.69811
1.71082
1.7198
1.69487
1.48202
1.66339
1.68152
1.69541
1.70602
1.71414
1.72036
1.72092
1.64629
1.67318
1.68742
1.69861
1.69305
1.64964
1.65994
1.67372
1.68506
1.6944
1.70208
1.70842
1.71365
1.71159
1.64195
1.68467
1.69213
1.69851
1.70396
1.70863
1.71265
1.71611
1.71911
1.71533
1.6601
1.69871
1.70296
1.7067
1.71002
1.71295
1.71555
1.71787
1.71994
1.72111
1.68443
1.70523
1.70793
1.71038
1.71259
1.7146
1.71642
1.71808
1.7196
1.72099
1.72061
1.70684
1.71077
1.71244
1.71398
1.7154
1.71671
1.71793
1.71906
1.72011
1.72109
1.72172
1.71566
1.71666
1.7176
1.71848
1.7193
1.72008
1.72081
1.72149
1.72115
1.72099
1.72164
1.72226
1.71972
1.71879
1.7194
1.71997
1.72052
1.72104
1.72153
1.722
1.72244
