0.459339
0.462464
0.442166
0.445234
0.338873
0.370002
0.427811
0.439155
0.43792
0.43663
0.431416
0.434498
0.429405
0.439659
0.449143
0.44961
0.44549
0.453971
0.460521
0.4456
0.435512
0.447987
0.448888
0.448156
0.454902
0.459272
0.453337
0.452886
0.449794
0.455572
0.460901
0.46124
0.457989
0.463165
0.467976
0.468748
0.462788
0.452249
0.460209
0.464648
0.468484
0.471507
0.466431
0.470375
0.47345
0.473117
0.469384
0.472377
0.472936
0.469657
0.472419
0.474758
0.476685
0.478439
0.479242
0.47612
0.473925
0.474612
0.476473
0.477169
0.476998
0.478149
0.478417
0.476049
0.477809
0.478642
0.479793
0.475849
0.477709
0.47863
0.479473
0.480103
0.477923
0.47928
0.479676
0.479618
0.480318
0.481045
0.478617
0.479504
0.479681
0.478721
0.479374
0.479893
0.480519
0.481007
0.481604
0.481779
0.480609
0.480992
0.47843
0.479415
0.479886
0.480344
0.48068
0.481165
0.481479
0.481941
0.481728
0.481376
