0.285472
0.302333
0.314942
0.303275
0.323684
0.285078
0.315838
0.320626
0.329418
0.28741
0.364076
0.313598
0.356606
0.350789
0.348872
0.33804
0.331086
0.366841
0.368389
0.368776
0.324203
0.344614
0.312032
0.362882
0.339327
0.360172
0.370866
0.366087
0.369294
0.370096
0.37265
0.373931
0.37518
0.375458
0.372522
0.373428
0.374271
0.374879
0.374444
0.376613
0.377472
0.377996
0.378613
0.379215
0.379803
0.380377
0.380939
0.381489
0.382027
0.382555
0.383072
0.38358
0.384079
0.383292
0.384281
0.385678
0.386273
0.386553
0.385055
0.385488
0.385914
0.386334
0.386375
0.386661
0.384369
0.386778
0.387488
0.387901
0.388316
0.388733
0.389045
0.388817
0.389248
0.389462
0.389669
0.389869
0.389757
0.386562
0.389194
0.389373
0.389547
0.389714
0.389877
0.390035
0.390175
0.390233
0.390376
0.390516
0.390651
0.390781
0.390908
0.391031
0.39115
0.391265
0.391377
0.391151
0.39155
0.391776
0.391876
0.391973
