1.26133, 2.5188, 2.54839, 1.57386, 1.28801, 2.55688, 1.28686, 2.55994, 2.57563, 1.55513
1.22165, 2.44306, 2.49951, 1.60246, 1.25536, 2.48903, 1.25464, 2.49217, 2.52706, 1.58378
1.16595, 2.35092, 2.45152, 1.63005, 1.21128, 2.41113, 1.21113, 2.41451, 2.47939, 1.61147
1.11172, 2.25618, 2.42856, 1.65924, 1.18113, 2.34894, 1.18176, 2.35294, 2.45643, 1.64057
1.09382, 2.21724, 2.40637, 1.68775, 1.13005, 2.2626, 1.13236, 2.26836, 2.43422, 1.66902
1.07497, 2.17952, 2.38496, 1.71558, 1.11235, 2.2258, 1.11494, 2.23158, 2.41277, 1.69681
1.0556, 2.14329, 2.36434, 1.74272, 1.09373, 2.19, 1.09654, 2.19576, 2.39208, 1.72395
1.03607, 2.10878, 2.34451, 1.76918, 1.07455, 2.15543, 1.07753, 2.16113, 2.37217, 1.75044
1.01675, 2.07618, 2.32548, 1.79497, 1.05515, 2.1223, 1.05826, 2.12791, 2.35303, 1.77628
0.997907, 2.04564, 2.30725, 1.82008, 1.03586, 2.09081, 1.03904, 2.09628, 2.33467, 1.80147
0.979792, 2.01725, 2.28983, 1.84453, 1.01695, 2.0611, 1.02017, 2.06639, 2.3171, 1.82603
0.962574, 1.99103, 2.27321, 1.86833, 0.99866, 2.03326, 1.00186, 2.03836, 2.30031, 1.84996
0.946368, 1.96696, 2.2574, 1.89148, 0.981154, 2.00736, 0.98431, 2.01224, 2.28431, 1.87327
0.931241, 1.94498, 2.24239, 1.914, 0.964564, 1.9834, 0.967644, 1.98804, 2.26909, 1.89597
0.917216, 1.925, 2.22817, 1.9359, 0.948969, 1.96135, 0.951953, 1.96575, 2.25465, 1.91808
0.904283, 1.90687, 2.21475, 1.9572, 0.93441, 1.94115, 0.937282, 1.94529, 2.24098, 1.93961
0.89241, 1.89049, 2.2021, 1.97792, 0.920895, 1.92269, 0.923645, 1.92659, 2.22808, 1.96058
0.881544, 1.87569, 2.19023, 1.99808, 0.908406, 1.90589, 0.911027, 1.90955, 2.21593, 1.981
0.962848, 1.8276, 2.27599, 1.86213, 0.989228, 1.85638, 0.991774, 1.85989, 2.30272, 1.84109
0.946547, 1.81972, 2.26315, 1.8808, 0.971663, 1.8467, 0.974111, 1.84999, 2.28969, 1.85985
0.931724, 1.81245, 2.25089, 1.89896, 0.955573, 1.83774, 0.957918, 1.84082, 2.27724, 1.87811
0.918255, 1.80575, 2.23921, 1.9166, 0.940858, 1.82945, 0.943096, 1.83234, 2.26535, 1.89587
0.906021, 1.7996, 2.2281, 1.93375, 0.927413, 1.82181, 0.929545, 1.82452, 2.25402, 1.91314
0.89491, 1.79396, 2.21754, 1.95042, 0.915137, 1.81478, 0.917165, 1.81732, 2.24324, 1.92995
0.884814, 1.78878, 2.20753, 1.96662, 0.903931, 1.80831, 0.905858, 1.81069, 2.23299, 1.9463
0.875637, 1.78403, 2.19805, 1.98237, 0.893702, 1.80236, 0.895531, 1.8046, 2.22326, 1.9622
0.941754, 1.74776, 2.26638, 1.8743, 0.95967, 1.76533, 0.961472, 1.76749, 2.29272, 1.85078
0.929325, 1.74658, 2.25642, 1.88894, 0.946387, 1.76313, 0.94811, 1.76516, 2.28258, 1.86548
0.917965, 1.74541, 2.24688, 1.90317, 0.934207, 1.76102, 0.935854, 1.76294, 2.27286, 1.87977
0.907573, 1.74426, 2.23776, 1.91699, 0.923035, 1.759, 0.924607, 1.76081, 2.26355, 1.89366
0.898062, 1.74315, 2.22905, 1.93042, 0.912782, 1.75708, 0.914284, 1.75879, 2.25465, 1.90716
0.889349, 1.74207, 2.22074, 1.94346, 0.903368, 1.75525, 0.904802, 1.75687, 2.24613, 1.92028
0.881359, 1.74103, 2.21282, 1.95613, 0.894716, 1.75352, 0.896086, 1.75505, 2.23799, 1.93304
0.874025, 1.74003, 2.20527, 1.96844, 0.886759, 1.75188, 0.888068, 1.75333, 2.23022, 1.94543
0.926757, 1.71217, 2.25962, 1.88264, 0.939447, 1.72361, 0.940746, 1.72501, 2.2857, 1.8568
0.917492, 1.71307, 2.25187, 1.89412, 0.929659, 1.72396, 0.930907, 1.72529, 2.27779, 1.86831
0.908934, 1.71385, 2.24443, 1.90526, 0.920605, 1.72423, 0.921804, 1.7255, 2.27019, 1.87949
0.901023, 1.71452, 2.2373, 1.91609, 0.912223, 1.72442, 0.913376, 1.72564, 2.26288, 1.89035
0.893704, 1.7151, 2.23046, 1.9266, 0.904458, 1.72456, 0.905567, 1.72572, 2.25588, 1.9009
0.886926, 1.7156, 2.22392, 1.93681, 0.897258, 1.72465, 0.898325, 1.72576, 2.24915, 1.91115
0.880642, 1.71603, 2.21765, 1.94672, 0.890577, 1.72469, 0.891604, 1.72576, 2.2427, 1.92111
0.874811, 1.7164, 2.21165, 1.95635, 0.88437, 1.72471, 0.88536, 1.72572, 2.23651, 1.93079
0.869395, 1.71672, 2.20591, 1.9657, 0.878599, 1.72469, 0.879554, 1.72567, 2.23059, 1.94018
0.909801, 1.69584, 2.24736, 1.90034, 0.918996, 1.70359, 0.919946, 1.70454, 2.27305, 1.87258
0.903308, 1.69714, 2.24157, 1.90908, 0.912197, 1.7046, 0.913117, 1.70551, 2.26711, 1.88134
0.897248, 1.69833, 2.236, 1.91757, 0.905845, 1.70551, 0.906736, 1.70639, 2.26139, 1.88984
0.891586, 1.69941, 2.23065, 1.9258, 0.899907, 1.70634, 0.90077, 1.70719, 2.25589, 1.8981
0.886292, 1.7004, 2.22552, 1.9338, 0.894352, 1.70709, 0.895188, 1.70791, 2.2506, 1.90612
0.881338, 1.70131, 2.22058, 1.94157, 0.88915, 1.70777, 0.889961, 1.70856, 2.24552, 1.91391
0.876698, 1.70214, 2.21585, 1.94911, 0.884274, 1.70839, 0.885062, 1.70916, 2.24063, 1.92147
0.872349, 1.7029, 2.2113, 1.95642, 0.879702, 1.70895, 0.880467, 1.7097, 2.23592, 1.92881
0.868268, 1.7036, 2.20694, 1.96353, 0.875409, 1.70947, 0.876153, 1.71019, 2.2314, 1.93594
0.864436, 1.70425, 2.20275, 1.97043, 0.871377, 1.70994, 0.8721, 1.71063, 2.22706, 1.94287
0.894332, 1.689, 2.23317, 1.92247, 0.901273, 1.69457, 0.901995, 1.69525, 2.2583, 1.89323
0.889952, 1.69013, 2.229, 1.92893, 0.896715, 1.69554, 0.897418, 1.69621, 2.254, 1.8997
0.885824, 1.69119, 2.22499, 1.93521, 0.892417, 1.69645, 0.893104, 1.69709, 2.24987, 1.90599
0.881931, 1.69217, 2.22113, 1.9413, 0.888364, 1.69729, 0.889034, 1.69792, 2.24588, 1.91209
0.878258, 1.69308, 2.21742, 1.94721, 0.884537, 1.69807, 0.885192, 1.69868, 2.24204, 1.91801
0.874789, 1.69394, 2.21385, 1.95294, 0.880922, 1.6988, 0.881562, 1.6994, 2.23833, 1.92375
0.871511, 1.69473, 2.21041, 1.95851, 0.877505, 1.69948, 0.878131, 1.70006, 2.23477, 1.92933
0.868412, 1.69548, 2.2071, 1.96392, 0.874273, 1.70012, 0.874885, 1.70068, 2.23133, 1.93475
0.865478, 1.69618, 2.20392, 1.96917, 0.871213, 1.70071, 0.871812, 1.70126, 2.22802, 1.94001
0.888287, 1.68462, 2.22708, 1.93265, 0.894024, 1.68908, 0.894622, 1.68962, 2.25185, 1.90219
0.885077, 1.68558, 2.22395, 1.93757, 0.8907, 1.68993, 0.891287, 1.69047, 2.24862, 1.90711
0.882031, 1.68648, 2.22093, 1.94235, 0.887546, 1.69074, 0.888122, 1.69126, 2.2455, 1.91189
0.87914, 1.68732, 2.21803, 1.94698, 0.884551, 1.6915, 0.885117, 1.69201, 2.24248, 1.91653
0.876394, 1.68812, 2.21523, 1.95148, 0.881706, 1.69222, 0.882261, 1.69272, 2.23958, 1.92103
0.873785, 1.68887, 2.21253, 1.95585, 0.879002, 1.69289, 0.879547, 1.69338, 2.23677, 1.9254
0.871303, 1.68958, 2.20993, 1.96008, 0.87643, 1.69352, 0.876966, 1.69401, 2.23407, 1.92964
0.868943, 1.69025, 2.20742, 1.9642, 0.873982, 1.69412, 0.874509, 1.6946, 2.23146, 1.93376
0.866695, 1.69088, 2.205, 1.96819, 0.871652, 1.69469, 0.872171, 1.69515, 2.22894, 1.93775
0.884078, 1.68211, 2.22262, 1.94039, 0.889037, 1.68587, 0.889555, 1.68633, 2.2471, 1.90894
0.881703, 1.68288, 2.22027, 1.94413, 0.886586, 1.68657, 0.887097, 1.68702, 2.24466, 1.91268
0.879437, 1.68361, 2.21799, 1.94777, 0.884249, 1.68724, 0.884752, 1.68768, 2.2423, 1.91632
0.877276, 1.68429, 2.2158, 1.9513, 0.882018, 1.68787, 0.882514, 1.68831, 2.24002, 1.91985
0.875213, 1.68495, 2.21369, 1.95472, 0.879888, 1.68847, 0.880377, 1.6889, 2.23782, 1.92327
0.873242, 1.68557, 2.21164, 1.95804, 0.877854, 1.68904, 0.878336, 1.68947, 2.23569, 1.92659
0.87136, 1.68616, 2.20967, 1.96127, 0.87591, 1.68958, 0.876386, 1.69, 2.23364, 1.92982
0.86956, 1.68672, 2.20777, 1.96439, 0.874051, 1.6901, 0.874522, 1.69051, 2.23165, 1.93294
0.867839, 1.68726, 2.20593, 1.96743, 0.872274, 1.69059, 0.872739, 1.691, 2.22974, 1.93598
0.881078, 1.6806, 2.21933, 1.94627, 0.885515, 1.68389, 0.885979, 1.6843, 2.24357, 1.91404
0.879308, 1.6812, 2.21756, 1.94912, 0.883693, 1.68445, 0.884152, 1.68485, 2.24173, 1.91689
0.877613, 1.68177, 2.21584, 1.95189, 0.881949, 1.68499, 0.882403, 1.68538, 2.23994, 1.91965
0.87599, 1.68231, 2.21419, 1.95457, 0.880277, 1.68549, 0.880726, 1.68588, 2.23821, 1.92233
0.874434, 1.68284, 2.21259, 1.95718, 0.878676, 1.68598, 0.87912, 1.68636, 2.23655, 1.92494
0.872943, 1.68333, 2.21104, 1.95971, 0.87714, 1.68644, 0.87758, 1.68682, 2.23493, 1.92746
0.871513, 1.68381, 2.20955, 1.96216, 0.875668, 1.68688, 0.876103, 1.68726, 2.23337, 1.92991
0.870141, 1.68426, 2.2081, 1.96454, 0.874255, 1.68731, 0.874686, 1.68768, 2.23186, 1.93229
0.868825, 1.6847, 2.2067, 1.96685, 0.8729, 1.68771, 0.873327, 1.68808, 2.2304, 1.9346
0.878903, 1.67964, 2.2169, 1.95075, 0.882979, 1.68262, 0.883406, 1.68299, 2.24094, 1.9179
0.877577, 1.6801, 2.21556, 1.95292, 0.881617, 1.68306, 0.88204, 1.68342, 2.23954, 1.92006
0.876304, 1.68055, 2.21426, 1.95502, 0.880309, 1.68348, 0.880729, 1.68384, 2.23819, 1.92217
0.87508, 1.68097, 2.21301, 1.95706, 0.879052, 1.68388, 0.879468, 1.68423, 2.23688, 1.92421
0.873905, 1.68138, 2.21179, 1.95905, 0.877844, 1.68426, 0.878256, 1.68461, 2.23562, 1.92619
0.872774, 1.68177, 2.21062, 1.96097, 0.876682, 1.68463, 0.877092, 1.68498, 2.23439, 1.92811
0.871688, 1.68215, 2.20949, 1.96283, 0.875565, 1.68498, 0.875972, 1.68533, 2.23321, 1.92997
0.870642, 1.68251, 2.20839, 1.96464, 0.874491, 1.68532, 0.874894, 1.68566, 2.23206, 1.93178
0.869637, 1.68285, 2.20733, 1.9664, 0.873457, 1.68564, 0.873858, 1.68598, 2.23095, 1.93353
0.877306, 1.67901, 2.21508, 1.95415, 0.881128, 1.68178, 0.881528, 1.68212, 2.23897, 1.92082
0.876309, 1.67936, 2.21407, 1.9558, 0.880105, 1.68212, 0.880503, 1.68245, 2.23791, 1.92247
