2.66382, 2.25354, 2.3493, 5.16003, 3.38137, 3.0636, 3.88313, 1.75841, 2.62359, 3.23069, 4.61149, 1.72284, 1.96509, 1.57937, 4.50945, 2.26666, 2.1474, 2.13089, 2.65419, 2.3917, 1.94498, 1.5753, 5.18467, 5.0281, 4.61211, 4.21434, 3.08963, 4.02822, 4.21449, 3.62765
2.53438, 2.13272, 2.32552, 5.08207, 3.30018, 2.98241, 3.76521, 1.71304, 2.55346, 3.12176, 4.5136, 1.69349, 1.65463, 1.32009, 4.41903, 2.22501, 1.99885, 1.95017, 2.5357, 2.27069, 1.62572, 1.30593, 5.1413, 4.98289, 4.55851, 4.16173, 3.03796, 3.94587, 4.15014, 3.56844
2.64088, 2.06822, 2.36356, 5.02414, 3.37654, 2.88666, 3.92817, 1.55599, 2.62713, 3.05124, 4.65631, 1.42714, 1.7586, 1.29793, 4.51416, 2.03945, 2.09942, 1.90599, 2.63697, 2.20438, 1.72903, 1.28455, 5.14512, 4.89714, 4.58058, 4.06042, 3.08931, 3.86834, 4.19318, 3.45796
2.69893, 2.14214, 2.49891, 5.05648, 3.45256, 2.98683, 3.96298, 1.64807, 2.70945, 3.12731, 4.67556, 1.52559, 1.80675, 1.35485, 4.54433, 2.15209, 2.15594, 1.96931, 2.69787, 2.27892, 1.77706, 1.34106, 4.56044, 4.26084, 4.75529, 4.33911, 3.20696, 3.95735, 4.28694, 3.61395
2.74362, 2.20092, 2.60883, 5.09133, 3.51008, 3.06611, 3.99049, 1.72006, 2.77231, 3.18918, 4.69179, 1.60261, 1.8442, 1.4003, 4.56905, 2.23968, 2.19966, 2.01999, 2.74469, 2.33829, 1.81443, 1.3862, 4.67837, 4.43063, 4.89001, 4.55024, 3.29565, 4.03281, 4.35688, 3.73405
2.71769, 2.28298, 2.41315, 5.28379, 3.45751, 3.14794, 3.95651, 1.78104, 2.72837, 3.29202, 4.65542, 1.65504, 1.83834, 1.47468, 4.52535, 2.2962, 2.18509, 2.10378, 2.71702, 2.42282, 1.80905, 1.46042, 4.59171, 4.47983, 4.8041, 4.59305, 3.21177, 4.13411, 4.2846, 3.79698
2.76174, 2.33916, 2.51856, 5.30857, 3.51573, 3.22405, 3.98398, 1.85038, 2.79109, 3.35065, 4.67196, 1.72947, 1.87466, 1.51798, 4.55082, 2.38133, 2.22784, 2.15208, 2.76324, 2.47953, 1.84528, 1.50341, 4.73863, 4.65822, 5.04687, 4.87493, 3.30164, 4.20455, 4.35984, 3.91521
2.84917, 2.27395, 2.54812, 5.2581, 3.57194, 3.13838, 4.10767, 1.69985, 2.84877, 3.2851, 4.78602, 1.49305, 1.96677, 1.49115, 4.61833, 2.2244, 2.31352, 2.10551, 2.84573, 2.41363, 1.93687, 1.47742, 4.75007, 4.58018, 5.05199, 4.79959, 3.33912, 4.13604, 4.38611, 3.82496
2.74846, 2.18777, 2.52754, 5.19785, 3.5087, 3.07789, 4.01708, 1.66908, 2.79148, 3.20501, 4.70791, 1.47534, 1.68045, 1.27985, 4.54621, 2.19298, 2.19189, 1.97739, 2.75268, 2.32691, 1.63089, 1.25177, 4.71091, 4.53934, 5.01495, 4.76182, 3.29752, 4.07477, 4.33743, 3.7796
2.72558, 2.26016, 2.32476, 5.39081, 3.46191, 3.15048, 3.98736, 1.72247, 2.75183, 3.29597, 4.67684, 1.52114, 1.67761, 1.34431, 4.50816, 2.24313, 2.17937, 2.05088, 2.72819, 2.40147, 1.62871, 1.3159, 4.63239, 4.58085, 4.93721, 4.79459, 3.22143, 4.1648, 4.27232, 3.83564
2.91151, 2.24926, 2.41612, 5.34041, 3.63119, 3.13057, 3.85364, 1.83205, 2.88526, 3.27553, 4.56652, 1.60155, 1.77771, 1.38035, 4.36838, 2.3289, 2.307, 2.07074, 2.89504, 2.3891, 1.7271, 1.35183, 4.46346, 4.55147, 4.78339, 4.75763, 3.36892, 4.11558, 4.08172, 3.81729
2.99348, 2.1868, 2.44248, 5.29671, 3.68217, 3.05032, 3.96606, 1.70955, 2.93768, 3.21516, 4.68132, 1.37339, 1.85891, 1.36081, 4.43635, 2.19655, 2.38604, 2.02862, 2.97192, 2.32677, 1.80745, 1.33351, 4.47853, 4.48237, 4.79234, 4.68996, 3.40278, 4.05307, 4.11131, 3.73951
3.02798, 2.23667, 2.53134, 5.31751, 3.72711, 3.1179, 3.98816, 1.76664, 2.98868, 3.26794, 4.69313, 1.43184, 1.88823, 1.39685, 4.4578, 2.26479, 2.42055, 2.07084, 3.00833, 2.37705, 1.83664, 1.36911, 4.59428, 4.61482, 5.07969, 4.96188, 3.4766, 4.11818, 4.17328, 3.82921
3.00387, 2.29858, 2.322, 5.49128, 3.68346, 3.17832, 3.96111, 1.81473, 2.94904, 3.34544, 4.66601, 1.47235, 1.88312, 1.45501, 4.42359, 2.3104, 2.40566, 2.13592, 2.98287, 2.44092, 1.83219, 1.42703, 4.5217, 4.65285, 5.00918, 4.98721, 3.40732, 4.1914, 4.11396, 3.88225
3.07775, 2.23829, 2.34532, 5.45268, 3.72823, 3.10449, 4.06433, 1.69299, 2.99531, 3.28942, 4.77703, 1.21028, 1.95859, 1.43442, 4.48509, 2.18598, 2.47769, 2.09442, 3.0519, 2.38121, 1.90691, 1.40764, 4.534, 4.5909, 5.01356, 4.92803, 3.43691, 4.13457, 4.13956, 3.81192
2.99802, 2.17854, 2.33156, 5.4045, 3.67686, 3.05873, 3.99014, 1.66762, 2.94827, 3.22827, 4.71198, 1.20028, 1.70297, 1.26065, 4.42472, 2.15936, 2.3808, 2.00365, 2.97727, 2.3195, 1.61085, 1.20979, 4.50255, 4.55603, 4.98458, 4.89727, 3.40282, 4.08638, 4.09988, 3.77224
2.81953, 2.04932, 2.3119, 5.31907, 3.57951, 2.97146, 3.84395, 1.62898, 2.86152, 3.10576, 4.59277, 1.19105, 2.4266, 1.99509, 4.31018, 2.11474, 2.08824, 1.70529, 2.81487, 2.18573, 2.29781, 1.89391, 4.44749, 4.49356, 4.93422, 4.84295, 3.34329, 3.9965, 4.02827, 3.69937
2.73212, 1.98397, 2.29852, 5.2724, 3.52816, 2.92577, 3.76846, 1.6029, 2.8135, 3.04367, 4.5283, 1.18098, 2.3273, 1.90583, 4.25028, 2.08823, 1.94133, 1.57603, 2.73391, 2.11908, 2.18622, 1.79321, 4.41712, 4.4599, 4.90638, 4.81342, 3.30979, 3.94924, 3.98948, 3.66062
2.64212, 1.91687, 2.28541, 5.22666, 3.47727, 2.8805, 3.69305, 1.57686, 2.76555, 2.98171, 4.46455, 1.17102, 2.22107, 1.81094, 4.19104, 2.06203, 1.75055, 1.41444, 2.65096, 2.05095, 2.06257, 1.68283, 4.38739, 4.42696, 4.87918, 4.78457, 3.2768, 3.9027, 3.95134, 3.62252
2.66852, 1.95292, 2.35287, 5.24287, 3.51187, 2.93044, 3.71187, 1.61991, 2.80336, 3.02155, 4.47514, 1.21542, 2.24742, 1.84329, 4.20981, 2.11337, 1.7747, 1.44295, 2.67852, 2.08746, 2.08818, 1.71379, 4.47295, 4.52479, 4.99779, 4.92399, 3.33199, 3.95222, 3.99886, 3.68864
2.58073, 1.88677, 2.33996, 5.19987, 3.46402, 2.88753, 3.63991, 1.59413, 2.75773, 2.96282, 4.41443, 1.20521, 2.13908, 1.74639, 4.1539, 2.0879, 1.42273, 1.17389, 2.59804, 2.02081, 1.95542, 1.59592, 4.44547, 4.49431, 4.97288, 4.89748, 3.3009, 3.90873, 3.96332, 3.65291
2.61717, 1.92317, 2.41091, 5.20452, 3.5168, 2.93629, 3.67139, 1.64261, 2.80827, 2.99941, 4.43595, 1.26032, 2.1737, 1.77848, 4.19094, 2.14762, 1.45221, 1.20082, 2.63597, 2.05737, 1.98852, 1.62652, 4.57742, 4.57891, 4.68299, 4.68255, 3.37429, 3.94857, 4.0392, 3.71382
2.64137, 1.9559, 2.47467, 5.22109, 3.54901, 2.98278, 3.68915, 1.68217, 2.84299, 3.03632, 4.4462, 1.30144, 2.19758, 1.80763, 4.20879, 2.19534, 1.47332, 1.22503, 2.66121, 2.09059, 2.01161, 1.65422, 4.6797, 4.69019, 4.82531, 4.8206, 3.42608, 3.99595, 4.08458, 3.77753
2.62886, 2.00152, 2.33464, 5.35765, 3.51954, 3.02897, 3.67111, 1.71923, 2.81885, 3.0926, 4.42758, 1.33237, 2.18996, 1.85376, 4.1848, 2.23082, 1.47322, 1.26672, 2.64773, 2.13743, 2.00623, 1.69932, 4.62608, 4.7163, 4.77174, 4.84351, 3.37825, 4.0508, 4.04151, 3.81818
2.669, 2.00695, 2.37592, 5.34925, 3.56063, 3.03239, 3.7183, 1.71636, 2.85848, 3.09531, 4.48189, 1.27215, 2.22791, 1.86066, 4.22518, 2.22913, 1.50684, 1.2766, 2.68762, 2.14235, 2.0432, 1.70714, 4.70274, 4.74133, 4.83842, 4.86347, 3.42243, 4.05335, 4.08701, 3.8248
2.69798, 2.03435, 2.42955, 5.35276, 3.60299, 3.06746, 3.74447, 1.75343, 2.89795, 3.12205, 4.50007, 1.31502, 2.25523, 1.88489, 4.25754, 2.27462, 1.52998, 1.29708, 2.71775, 2.16978, 2.06929, 1.7303, 4.84074, 4.82059, 4.93735, 4.92022, 3.47731, 4.08143, 4.14573, 3.8644
2.73526, 2.07267, 2.5038, 5.35216, 3.65945, 3.1225, 3.77565, 1.80464, 2.95205, 3.16174, 4.5196, 1.37165, 2.29054, 1.91832, 4.29445, 2.33907, 1.5597, 1.32466, 2.75672, 2.2084, 2.10294, 1.76201, 4.60602, 4.64659, 4.71103, 4.75128, 3.56517, 4.12799, 4.23951, 3.95173
2.75685, 2.10195, 2.56184, 5.36508, 3.68905, 3.16542, 3.79136, 1.84021, 2.98369, 3.19528, 4.52824, 1.40808, 2.31178, 1.94426, 4.31041, 2.38264, 1.57832, 1.34602, 2.77929, 2.23817, 2.12343, 1.7866, 4.70607, 4.74794, 4.8691, 4.88543, 3.61436, 4.17288, 4.28434, 4.01493
2.74445, 2.14176, 2.42415, 5.47014, 3.66097, 3.20436, 3.77453, 1.87214, 2.95963, 3.24364, 4.51154, 1.4345, 2.30381, 1.98473, 4.28818, 2.41288, 1.57745, 1.38271, 2.76591, 2.279, 2.11757, 1.82623, 4.65962, 4.76956, 4.82292, 4.90406, 3.56942, 4.2162, 4.24446, 4.04656
2.79286, 2.10951, 2.43876, 5.44519, 3.68909, 3.1582, 3.83765, 1.80624, 2.9902, 3.2077, 4.59137, 1.26619, 2.35071, 1.96112, 4.32621, 2.34114, 1.62177, 1.37274, 2.8118, 2.24575, 2.1645, 1.80657, 4.66583, 4.73092, 4.82739, 4.86619, 3.58703, 4.17908, 4.2581, 4.00276
2.73567, 2.06428, 2.42953, 5.41497, 3.65714, 3.1287, 3.78885, 1.78637, 2.95918, 3.16854, 4.54826, 1.25857, 2.2808, 1.89681, 4.28813, 2.32182, 1.46721, 1.2218, 2.75914, 2.20061, 2.07916, 1.72816, 4.64662, 4.70964, 4.8088, 4.84581, 3.56545, 4.14994, 4.23446, 3.97859
2.76028, 2.08752, 2.4752, 5.41732, 3.69399, 3.15873, 3.81118, 1.81807, 2.99312, 3.19142, 4.5629, 1.29474, 2.30383, 1.91727, 4.31645, 2.36087, 1.48622, 1.23872, 2.78475, 2.22392, 2.10103, 1.74762, 4.7428, 4.76476, 4.89084, 4.8927, 3.61365, 4.17449, 4.28723, 4.01333
2.74935, 2.12263, 2.3336, 5.52603, 3.66918, 3.19312, 3.79633, 1.84615, 2.97179, 3.23409, 4.54853, 1.31774, 2.29692, 1.9529, 4.2969, 2.38756, 1.48606, 1.2705, 2.77294, 2.25993, 2.0961, 1.78245, 4.70184, 4.78339, 4.85009, 4.90894, 3.57383, 4.21286, 4.25196, 4.0413
2.79258, 2.09408, 2.34651, 5.50442, 3.69417, 3.15205, 3.85332, 1.78637, 2.99895, 3.20211, 4.63022, 1.10227, 2.33877, 1.93233, 4.33111, 2.32323, 1.52486, 1.26321, 2.81393, 2.23043, 2.13789, 1.76566, 4.70698, 4.74919, 4.85384, 4.8754, 3.58942, 4.17994, 4.26401, 4.00242
2.70911, 2.03289, 2.33687, 5.46695, 3.65301, 3.11484, 3.78951, 1.76453, 2.95892, 3.15115, 4.57639, 1.09808, 2.21393, 1.82436, 4.28212, 2.30054, 2.16656, 1.83555, 2.73869, 2.16939, 1.83866, 1.51391, 4.68334, 4.7232, 4.83095, 4.85046, 3.56259, 4.14325, 4.23441, 3.97239
2.65675, 1.99188, 2.32947, 5.44079, 3.62507, 3.08915, 3.74657, 1.74738, 2.93158, 3.11687, 4.53868, 1.09312, 2.14325, 1.7607, 4.2488, 2.28382, 2.0955, 1.76859, 2.69079, 2.12879, 1.68925, 1.38885, 4.6668, 4.70501, 4.81492, 4.83296, 3.54385, 4.11797, 4.21392, 3.95148
2.67738, 2.01142, 2.36757, 5.44227, 3.65618, 3.11472, 3.76549, 1.77418, 2.96024, 3.13647, 4.5502, 1.12311, 2.16224, 1.77769, 4.27261, 2.31677, 2.11448, 1.78535, 2.71226, 2.14844, 1.70633, 1.40411, 4.7519, 4.75463, 4.88504, 4.87363, 3.58473, 4.13898, 4.25867, 3.98108
2.62706, 1.97196, 2.36041, 5.41763, 3.62989, 3.09058, 3.7249, 1.75771, 2.93431, 3.10418, 4.51451, 1.11814, 2.09111, 1.71401, 4.24133, 2.30088, 2.04251, 1.71803, 2.6664, 2.10955, 1.58593, 1.29485, 4.73645, 4.73781, 4.87004, 4.85739, 3.56703, 4.11533, 4.23944, 3.96156
2.62402, 2.01, 2.39163, 5.3729, 3.61277, 3.1143, 3.71594, 1.77977, 2.91358, 3.1369, 4.50586, 1.1345, 2.09517, 1.74135, 4.22961, 2.32471, 2.04702, 1.74517, 2.66274, 2.14215, 1.59169, 1.3161, 4.70217, 4.74264, 4.83654, 4.85963, 3.52194, 4.14393, 4.22122, 3.96094
2.61625, 2.03841, 2.27555, 5.47529, 3.59335, 3.14265, 3.70438, 1.80274, 2.89739, 3.17169, 4.49488, 1.15299, 2.09122, 1.76947, 4.21416, 2.34667, 2.04336, 1.77339, 2.65426, 2.17124, 1.591, 1.34218, 4.66896, 4.75817, 4.80344, 4.87336, 3.49015, 4.17639, 4.19309, 3.98431
2.63472, 2.05547, 2.3088, 5.47618, 3.62123, 3.16489, 3.72156, 1.82626, 2.923, 3.18867, 4.50561, 1.1796, 2.10803, 1.78429, 4.23592, 2.37557, 2.06015, 1.78801, 2.67345, 2.18841, 1.6059, 1.35539, 4.7513, 4.80353, 4.86637, 4.9084, 3.52649, 4.19423, 4.23291, 4.01022
2.64587, 2.09018, 2.33286, 5.44156, 3.62701, 3.18775, 3.737, 1.84125, 2.92525, 3.21436, 4.4758, 1.22766, 2.12329, 1.80602, 4.24394, 2.39208, 2.0756, 1.80955, 2.68506, 2.21272, 1.6207, 1.37324, 4.72345, 4.78641, 4.83916, 4.89018, 3.53482, 4.17628, 4.21349, 3.98856
2.67855, 2.06995, 2.34293, 5.42499, 3.64626, 3.15692, 3.7805, 1.79771, 2.94613, 3.19042, 4.56197, 0.982978, 2.15509, 1.79287, 4.27038, 2.34429, 2.10699, 1.79676, 2.71642, 2.19155, 1.65092, 1.36641, 4.72722, 4.76038, 4.8421, 4.86459, 3.54703, 4.1513, 4.22317, 3.95881
2.72235, 2.04327, 2.35513, 5.40406, 3.66989, 3.11541, 3.85057, 1.7259, 2.97262, 3.15869, 4.41418, 1.33019, 2.19689, 1.77638, 4.30201, 2.27182, 2.14817, 1.78076, 2.75831, 2.16345, 1.68991, 1.35848, 4.7306, 4.72781, 4.84447, 4.83267, 3.56147, 4.11905, 4.23369, 3.92049
2.75412, 2.02348, 2.36468, 5.38835, 3.68853, 3.08556, 3.8955, 1.67917, 2.99269, 3.13566, 4.47744, 1.19882, 2.22763, 1.76362, 4.32868, 2.22362, 2.17848, 1.76836, 2.78876, 2.14278, 1.71897, 1.35189, 4.73422, 4.70296, 4.84729, 4.80826, 3.57315, 4.09516, 4.24301, 3.89192
2.74863, 2.05618, 2.39029, 5.35202, 3.67617, 3.1046, 3.88816, 1.69604, 2.97528, 3.16121, 4.47029, 1.21234, 2.23001, 1.78696, 4.31893, 2.24209, 2.18131, 1.79157, 2.78406, 2.16879, 1.72321, 1.36978, 4.707, 4.70686, 4.82039, 4.81051, 3.53824, 4.11772, 4.22369, 3.90026
2.71203, 2.02765, 2.38457, 5.33302, 3.65613, 3.0864, 3.85782, 1.68503, 2.95579, 3.13689, 4.44274, 1.20773, 2.17791, 1.74216, 4.29494, 2.23059, 2.12842, 1.74425, 2.75006, 2.14067, 1.62799, 1.28912, 4.69511, 4.69392, 4.8088, 4.79795, 3.52474, 4.09947, 4.20869, 3.88524
2.72698, 2.04184, 2.41205, 5.33496, 3.67846, 3.10492, 3.87088, 1.70473, 2.97646, 3.15099, 4.45186, 1.2292, 2.19145, 1.75444, 4.3115, 2.25448, 2.14194, 1.75636, 2.76552, 2.15498, 1.63991, 1.29991, 4.75839, 4.732, 4.85836, 4.82739, 3.55372, 4.11441, 4.24006, 3.90646
2.72054, 2.0633, 2.33095, 5.40858, 3.66361, 3.12601, 3.86199, 1.72152, 2.96373, 3.17708, 4.44334, 1.24352, 2.188, 1.77574, 4.29992, 2.27074, 2.13871, 1.77774, 2.75857, 2.17684, 1.63919, 1.31966, 4.73352, 4.74351, 4.8335, 4.83787, 3.52994, 4.13867, 4.21913, 3.92415
2.73475, 2.07667, 2.35655, 5.40979, 3.68491, 3.14341, 3.87448, 1.74014, 2.9834, 3.19032, 4.45208, 1.26387, 2.20085, 1.78731, 4.31585, 2.29333, 2.15154, 1.78916, 2.77328, 2.19032, 1.65049, 1.32983, 4.80754, 4.78692, 4.88073, 4.86548, 3.55751, 4.15265, 4.24905, 3.94415
2.73158, 2.09879, 2.37862, 5.37864, 3.67408, 3.15946, 3.86802, 1.75489, 2.96754, 3.21268, 4.44582, 1.27568, 2.20319, 1.80757, 4.30755, 2.30992, 2.15424, 1.80924, 2.76916, 2.213, 1.65433, 1.3449, 4.78413, 4.78934, 4.85758, 4.86689, 3.52334, 4.17343, 4.23805, 3.94137
2.72553, 2.1186, 2.29612, 5.4518, 3.6602, 3.17887, 3.85977, 1.77033, 2.95556, 3.23689, 4.43795, 1.28883, 2.19992, 1.82722, 4.2968, 2.32484, 2.15117, 1.82897, 2.76264, 2.23319, 1.65362, 1.36309, 4.76125, 4.79946, 4.83469, 4.87628, 3.50095, 4.19596, 4.2187, 3.95748
2.7497, 2.10284, 2.30357, 5.43967, 3.67435, 3.15584, 3.89368, 1.73414, 2.97078, 3.21906, 4.49122, 1.16579, 2.22369, 1.81694, 4.31691, 2.28791, 2.17465, 1.81898, 2.78584, 2.2168, 1.67615, 1.35801, 4.76386, 4.78027, 4.83689, 4.85735, 3.50997, 4.17774, 4.22593, 3.93536
2.72095, 2.07968, 2.29933, 5.42442, 3.65847, 3.14111, 3.86942, 1.72503, 2.9555, 3.1995, 4.469, 1.16238, 2.18269, 1.78052, 4.29773, 2.27846, 2.13299, 1.78056, 2.75915, 2.19403, 1.59786, 1.28863, 4.75443, 4.76998, 4.82764, 4.84725, 3.49934, 4.16296, 4.21395, 3.92324
2.73321, 2.09116, 2.32113, 5.42532, 3.67683, 3.15601, 3.88015, 1.74106, 2.97247, 3.21079, 4.47611, 1.17968, 2.19374, 1.79044, 4.31145, 2.29785, 2.14401, 1.79034, 2.77183, 2.2056, 1.60748, 1.29728, 4.83084, 4.8138, 4.86834, 4.87077, 3.52302, 4.17471, 4.2396, 3.94037
2.73619, 2.10948, 2.34277, 5.4052, 3.67935, 3.17203, 3.88029, 1.75705, 2.96974, 3.22904, 4.47459, 1.19392, 2.19958, 1.80682, 4.31226, 2.31801, 2.15006, 1.80653, 2.77443, 2.22429, 1.61361, 1.30972, 4.79188, 4.80006, 4.82997, 4.85704, 3.50914, 4.19317, 4.24821, 3.94436
2.73384, 2.12923, 2.36013, 5.38036, 3.6694, 3.18963, 3.87469, 1.77042, 2.95767, 3.25138, 4.46924, 1.20436, 2.20206, 1.82476, 4.30487, 2.33332, 2.15285, 1.82427, 2.77129, 2.24455, 1.61728, 1.32274, 4.77001, 4.80123, 4.8082, 4.85772, 3.51877, 4.17667, 4.23509, 3.94344
2.72872, 2.14584, 2.28977, 5.4438, 3.65769, 3.20587, 3.86777, 1.78329, 2.94751, 3.27177, 4.4628, 1.21519, 2.19931, 1.8412, 4.29584, 2.34578, 2.15029, 1.84076, 2.76577, 2.26148, 1.61681, 1.33782, 4.75084, 4.80968, 4.78895, 4.86578, 3.50009, 4.19548, 4.21895, 3.95688
2.73978, 2.156, 2.30903, 5.44448, 3.67428, 3.21897, 3.87752, 1.79755, 2.9628, 3.28162, 4.46929, 1.23064, 2.20925, 1.85, 4.30844, 2.36302, 2.1602, 1.84944, 2.77722, 2.27171, 1.62542, 1.34551, 4.7864, 4.8299, 4.82523, 4.88594, 3.52123, 4.2058, 4.24191, 3.97205
2.71654, 2.13649, 2.3055, 5.4318, 3.66136, 3.20669, 3.85752, 1.78957, 2.95048, 3.2654, 4.45078, 1.22745, 2.17601, 1.81926, 4.29273, 2.3549, 2.1264, 1.81703, 2.75567, 2.25259, 1.55916, 1.28355, 4.77865, 4.82139, 4.81759, 4.87752, 3.51246, 4.19356, 4.23205, 3.96201
2.72997, 2.13807, 2.31921, 5.42879, 3.67527, 3.20801, 3.87289, 1.78787, 2.96391, 3.26625, 4.47291, 1.1871, 2.18867, 1.82162, 4.30592, 2.35483, 2.13897, 1.81942, 2.76906, 2.25404, 1.57056, 1.28685, 4.80076, 4.8282, 4.84003, 4.88433, 3.52771, 4.19457, 4.24789, 3.96483
2.73445, 2.1594, 2.33294, 5.41, 3.68099, 3.2041, 3.87188, 1.80622, 2.96916, 3.26033, 4.47035, 1.20224, 2.19564, 1.83933, 4.30345, 2.37817, 2.14613, 1.83684, 2.7735, 2.27655, 1.57734, 1.29984, 4.77351, 4.81579, 4.8133, 4.87215, 3.52648, 4.1963, 4.25726, 3.95876
2.74709, 2.16085, 2.34592, 5.40722, 3.69409, 3.20536, 3.88625, 1.80463, 2.98181, 3.26114, 4.49335, 1.15214, 2.20758, 1.84152, 4.31584, 2.37819, 2.15798, 1.83905, 2.7861, 2.27788, 1.58811, 1.30293, 4.79429, 4.82219, 4.8344, 4.87855, 3.54086, 4.19728, 4.2722, 3.96148
2.74675, 2.17109, 2.35682, 5.38438, 3.69159, 3.21302, 3.88399, 1.81187, 2.97881, 3.27005, 4.49102, 1.15771, 2.20996, 1.85079, 4.31331, 2.38791, 2.16051, 1.84809, 2.78539, 2.28821, 1.59041, 1.30899, 4.78247, 4.82392, 4.82253, 4.87992, 3.52243, 4.21074, 4.26894, 3.95842
2.74251, 2.1846, 2.29931, 5.43611, 3.682, 3.22609, 3.8783, 1.8223, 2.97045, 3.2865, 4.48587, 1.16639, 2.20769, 1.86413, 4.30587, 2.39801, 2.15839, 1.86148, 2.7808, 2.30199, 1.59009, 1.32115, 4.76694, 4.83062, 4.80695, 4.88632, 3.50706, 4.22593, 4.25587, 3.96911
2.75155, 2.19284, 2.31491, 5.43671, 3.69553, 3.23675, 3.88631, 1.8339, 2.98288, 3.29451, 4.49094, 1.17882, 2.21577, 1.87126, 4.31635, 2.41204, 2.16644, 1.86851, 2.79016, 2.31028, 1.59702, 1.32732, 4.7959, 4.84698, 4.83646, 4.9026, 3.5243, 4.23423, 4.27464, 3.98157
2.73322, 2.17717, 2.31204, 5.42645, 3.68518, 3.22691, 3.87033, 1.82735, 2.97297, 3.28152, 4.476, 1.17648, 2.18952, 1.84663, 4.30383, 2.4054, 2.13973, 1.84257, 2.77317, 2.29495, 1.54219, 1.27522, 4.78967, 4.84012, 4.8303, 4.89581, 3.51729, 4.22438, 4.26669, 3.97353
2.73499, 2.19614, 2.32166, 5.41021, 3.68741, 3.21944, 3.86688, 1.842, 2.97517, 3.2728, 4.47224, 1.18755, 2.1942, 1.86236, 4.29739, 2.42353, 2.1446, 1.85802, 2.77481, 2.31515, 1.54698, 1.28627, 4.78791, 4.83631, 4.82859, 4.89199, 3.51609, 4.22131, 4.26917, 3.96267
2.7455, 2.19733, 2.33244, 5.4079, 3.69833, 3.22051, 3.87872, 1.84082, 2.98572, 3.27347, 4.48241, 1.15911, 2.20414, 1.86415, 4.30772, 2.42371, 2.15447, 1.85983, 2.78529, 2.31624, 1.5559, 1.28885, 4.80532, 4.84165, 4.84624, 4.89732, 3.52809, 4.22209, 4.28163, 3.96497
2.74519, 2.20591, 2.34158, 5.38885, 3.69628, 3.22685, 3.87681, 1.84692, 2.98318, 3.28094, 4.48047, 1.16377, 2.20621, 1.87203, 4.30588, 2.43235, 2.15666, 1.86749, 2.78465, 2.32485, 1.55784, 1.29385, 4.79544, 4.84301, 4.83634, 4.89837, 3.51017, 4.23425, 4.2789, 3.96221
2.7416, 2.21725, 2.29237, 5.43355, 3.68825, 3.23773, 3.87202, 1.85566, 2.97616, 3.29465, 4.47618, 1.17101, 2.20431, 1.88321, 4.29959, 2.44081, 2.15488, 1.87869, 2.78076, 2.33641, 1.55764, 1.30395, 4.78249, 4.84851, 4.82336, 4.9036, 3.49721, 4.24698, 4.268, 3.97107
2.71592, 2.19586, 2.2893, 5.42112, 3.67528, 3.22556, 3.85165, 1.84833, 2.96381, 3.27806, 4.45789, 1.16925, 2.14404, 1.82787, 4.28398, 2.43298, 2.0846, 1.81046, 2.75756, 2.31571, 1.75997, 1.49764, 4.775, 4.84025, 4.81598, 4.89544, 3.48882, 4.2348, 4.25827, 3.96131
2.7006, 2.18247, 2.28693, 5.41253, 3.66661, 3.2173, 3.83827, 1.84271, 2.9555, 3.26714, 4.44531, 1.16729, 2.12065, 1.8056, 4.27354, 2.42733, 2.06022, 1.78654, 2.7434, 2.30266, 1.69747, 1.44376, 4.7698, 4.8345, 4.81085, 4.88976, 3.483, 4.22652, 4.25161, 3.95459
2.68557, 2.16934, 2.28463, 5.40418, 3.65817, 3.20926, 3.82522, 1.83724, 2.9474, 3.2565, 4.43307, 1.16538, 2.0972, 1.78334, 4.26339, 2.42184, 2.03566, 1.76253, 2.72953, 2.28989, 1.65915, 1.40666, 4.76475, 4.82892, 4.80586, 4.88424, 3.47735, 4.21846, 4.24513, 3.94805
2.69429, 2.17038, 2.29353, 5.40226, 3.66725, 3.21013, 3.83511, 1.83637, 2.95616, 3.25706, 4.44418, 1.15876, 2.10537, 1.78494, 4.27203, 2.42198, 2.04376, 1.76416, 2.73822, 2.29083, 1.66675, 1.4087, 4.77922, 4.83328, 4.82056, 4.88861, 3.4873, 4.21906, 4.25546, 3.94991
2.70275, 2.17137, 2.30219, 5.4004, 3.67606, 3.21097, 3.84471, 1.83551, 2.96467, 3.2576, 4.45488, 1.15231, 2.11331, 1.78649, 4.2804, 2.42211, 2.05162, 1.76574, 2.74667, 2.29173, 1.67413, 1.41067, 4.79328, 4.83757, 4.83481, 4.89289, 3.49696, 4.21966, 4.2655, 3.95173
2.68894, 2.15942, 2.30006, 5.39278, 3.66834, 3.20366, 3.8328, 1.83055, 2.95724, 3.24791, 4.44372, 1.15062, 2.09138, 1.76594, 4.27113, 2.41712, 2.02854, 1.74348, 2.73393, 2.2801, 1.63773, 1.37588, 4.78867, 4.8325, 4.83027, 4.88788, 3.49178, 4.21233, 4.25958, 3.94579
2.69328, 2.16641, 2.31002, 5.38498, 3.67175, 3.20988, 3.8392, 1.83473, 2.95926, 3.2551, 4.43556, 1.16442, 2.09649, 1.77219, 4.27501, 2.42316, 2.03367, 1.7496, 2.73808, 2.28715, 1.6426, 1.38119, 4.77707, 4.82925, 4.819, 4.88463, 3.5032, 4.20796, 4.26227, 3.94779
2.70101, 2.16732, 2.31795, 5.38331, 3.6798, 3.21065, 3.84796, 1.83392, 2.96702, 3.2556, 4.44538, 1.15856, 2.10372, 1.77362, 4.28265, 2.42329, 2.04083, 1.75106, 2.74579, 2.28798, 1.6493, 1.38301, 4.78988, 4.83316, 4.832, 4.88855, 3.51202, 4.20853, 4.27143, 3.94946
2.69992, 2.17735, 2.32662, 5.37096, 3.67476, 3.21944, 3.8451, 1.84072, 2.9608, 3.26684, 4.44279, 1.16373, 2.10517, 1.78215, 4.27922, 2.43163, 2.04241, 1.75937, 2.74425, 2.29823, 1.65115, 1.38967, 4.77886, 4.8337, 4.82107, 4.88881, 3.52112, 4.19865, 4.26066, 3.94985
2.69738, 2.18572, 2.29103, 5.40462, 3.66887, 3.22752, 3.8416, 1.84721, 2.95571, 3.27699, 4.43964, 1.16911, 2.10401, 1.79029, 4.27459, 2.43791, 2.04136, 1.76749, 2.74149, 2.30677, 1.65086, 1.39726, 4.76929, 4.83781, 4.81148, 4.89272, 3.51174, 4.20798, 4.25265, 3.95644
2.70443, 2.18654, 2.29824, 5.40307, 3.67622, 3.22823, 3.84957, 1.84649, 2.9628, 3.27743, 4.44856, 1.16373, 2.11061, 1.79157, 4.28157, 2.43806, 2.04791, 1.76881, 2.74852, 2.30751, 1.65699, 1.39891, 4.78102, 4.84133, 4.82338, 4.89625, 3.5198, 4.20851, 4.26101, 3.95796
2.71127, 2.18733, 2.30524, 5.40157, 3.68335, 3.22892, 3.85729, 1.84578, 2.96968, 3.27787, 4.45717, 1.15851, 2.11703, 1.79281, 4.28832, 2.4382, 2.05426, 1.77008, 2.75534, 2.30824, 1.66294, 1.40051, 4.79241, 4.84478, 4.83492, 4.89969, 3.52762, 4.20903, 4.26914, 3.95945
2.70024, 2.17772, 2.30352, 5.39541, 3.67715, 3.22303, 3.84773, 1.84178, 2.96373, 3.27008, 4.44816, 1.15713, 2.09947, 1.7763, 4.28088, 2.43416, 2.03574, 1.75217, 2.74516, 2.29889, 1.63317, 1.37202, 4.78869, 4.84069, 4.83126, 4.89565, 3.5234, 4.20315, 4.26437, 3.95465
2.70418, 2.18174, 2.31073, 5.38833, 3.68144, 3.22626, 3.85365, 1.8441, 2.96733, 3.27333, 4.44209, 1.16756, 2.10362, 1.77989, 4.28497, 2.43827, 2.03986, 1.75567, 2.74905, 2.30287, 1.63692, 1.37508, 4.78089, 4.83823, 4.8237, 4.89321, 3.52333, 4.20782, 4.27018, 3.95527
2.71043, 2.18246, 2.31714, 5.38698, 3.68795, 3.2269, 3.86071, 1.84344, 2.97361, 3.27373, 4.44998, 1.1628, 2.10947, 1.78104, 4.29114, 2.43841, 2.04566, 1.75684, 2.75528, 2.30353, 1.64233, 1.37656, 4.79127, 4.84139, 4.83422, 4.89637, 3.53048, 4.2083, 4.2776, 3.95663
2.71036, 2.18758, 2.32258, 5.37559, 3.68665, 3.23067, 3.85957, 1.84708, 2.97214, 3.27819, 4.44884, 1.16559, 2.11068, 1.78525, 4.2901, 2.44362, 2.0469, 1.76089, 2.75501, 2.30868, 1.64349, 1.37967, 4.78533, 4.84224, 4.82827, 4.89703, 3.52044, 4.21534, 4.27618, 3.95475
2.70829, 2.19434, 2.29341, 5.40313, 3.68186, 3.23718, 3.85673, 1.85231, 2.96798, 3.28638, 4.44629, 1.16994, 2.10972, 1.79182, 4.28635, 2.44868, 2.04605, 1.76745, 2.75275, 2.31558, 1.64327, 1.38579, 4.77759, 4.84554, 4.82052, 4.90017, 3.51279, 4.22289, 4.2697, 3.96004
2.71399, 2.195, 2.29923, 5.40188, 3.6878, 3.23776, 3.86315, 1.85171, 2.97372, 3.28675, 4.45346, 1.16558, 2.11507, 1.79286, 4.29198, 2.44882, 2.05134, 1.76851, 2.75844, 2.31618, 1.64821, 1.38713, 4.78709, 4.84839, 4.83015, 4.90302, 3.51932, 4.22331, 4.27648, 3.96129
2.71952, 2.19563, 2.30489, 5.40067, 3.69357, 3.23832, 3.86937, 1.85111, 2.97928, 3.2871, 4.46038, 1.16134, 2.12025, 1.79386, 4.29743, 2.44896, 2.05648, 1.76954, 2.76395, 2.31676, 1.65301, 1.38844, 4.79631, 4.85119, 4.83949, 4.90581, 3.52565, 4.22373, 4.28306, 3.96251
2.71943, 2.20017, 2.30973, 5.39062, 3.69245, 3.24165, 3.86836, 1.85434, 2.97795, 3.29107, 4.45936, 1.16381, 2.12133, 1.79764, 4.29656, 2.45369, 2.05759, 1.77316, 2.76368, 2.32131, 1.65405, 1.3912, 4.79103, 4.85192, 4.83422, 4.90637, 3.52069, 4.22827, 4.28169, 3.96092
2.71086, 2.19268, 2.30837, 5.38578, 3.68762, 3.23705, 3.86091, 1.85121, 2.97332, 3.28499, 4.45232, 1.16272, 2.10766, 1.78477, 4.29076, 2.45053, 2.04315, 1.7592, 2.75577, 2.31402, 1.63045, 1.36863, 4.78812, 4.84872, 4.83135, 4.9032, 3.51741, 4.22366, 4.27796, 3.95718
2.71429, 2.19513, 2.31374, 5.3804, 3.69108, 3.23875, 3.86605, 1.85192, 2.97627, 3.28686, 4.44918, 1.1684, 2.11125, 1.7871, 4.29421, 2.45267, 2.04671, 1.76147, 2.75913, 2.31643, 1.63371, 1.37068, 4.7826, 4.84644, 4.82599, 4.90094, 3.51941, 4.2257, 4.28232, 3.95689
2.71918, 2.19569, 2.31876, 5.37935, 3.69619, 3.23925, 3.87156, 1.85139, 2.9812, 3.28717, 4.45532, 1.16466, 2.11584, 1.78799, 4.29903, 2.45279, 2.05126, 1.76239, 2.76401, 2.31694, 1.63795, 1.37184, 4.79076, 4.84891, 4.83426, 4.9034, 3.52502, 4.22607, 4.28814, 3.95797
2.71749, 2.20116, 2.29489, 5.40186, 3.6923, 3.2445, 3.86926, 1.85561, 2.97781, 3.29379, 4.45326, 1.16816, 2.11506, 1.79331, 4.29599, 2.45688, 2.05056, 1.76769, 2.76217, 2.32252, 1.63777, 1.37678, 4.78451, 4.85155, 4.828, 4.90592, 3.51881, 4.23215, 4.28291, 3.96222
2.72379, 2.19687, 2.29693, 5.39858, 3.69596, 3.2383, 3.87779, 1.8461, 2.98181, 3.28896, 4.4655, 1.14979, 2.1214, 1.79072, 4.3009, 2.44739, 2.05684, 1.76524, 2.7682, 2.31805, 1.64381, 1.37541, 4.78517, 4.84643, 4.82859, 4.90085, 3.52119, 4.22725, 4.28477, 3.95619
2.726, 2.19952, 2.30145, 5.39339, 3.69812, 3.24016, 3.8814, 1.84747, 2.98354, 3.29108, 4.46169, 1.1564, 2.1239, 1.79312, 4.3032, 2.4499, 2.05932, 1.76757, 2.77034, 2.32068, 1.64607, 1.3774, 4.78624, 4.84765, 4.8297, 4.902, 3.52149, 4.2295, 4.28733, 3.95523
2.72591, 2.20319, 2.30537, 5.38525, 3.69723, 3.24284, 3.88058, 1.85007, 2.98245, 3.29429, 4.46087, 1.15839, 2.12476, 1.79618, 4.3025, 2.45376, 2.06021, 1.7705, 2.7701, 2.32435, 1.64691, 1.37962, 4.78196, 4.84828, 4.82542, 4.90248, 3.51744, 4.23319, 4.28642, 3.95361
2.73012, 2.20366, 2.30968, 5.38434, 3.70162, 3.24328, 3.88531, 1.84959, 2.98668, 3.29456, 4.46611, 1.15517, 2.12871, 1.79694, 4.30664, 2.45387, 2.06412, 1.77128, 2.7743, 2.32479, 1.65055, 1.38062, 4.78897, 4.85039, 4.83252, 4.90459, 3.52227, 4.23351, 4.29142, 3.95454
2.73003, 2.20711, 2.31338, 5.37667, 3.70081, 3.2458, 3.88454, 1.85204, 2.98565, 3.29759, 4.46534, 1.15704, 2.12953, 1.79983, 4.306, 2.45754, 2.06496, 1.77405, 2.77406, 2.32825, 1.65134, 1.38272, 4.78493, 4.85097, 4.82849, 4.90503, 3.51844, 4.23698, 4.28909, 3.95563
