0.472443
0.499902
0.531569
0.568491
0.612297
0.665844
0.73518
0.838964
0.905465
0.851027
0.934372
0.946595
0.908313
0.957436
1.00364
0.945732
0.968
1.00981
0.989074
0.969007
1.00718
1.02936
0.964456
0.999505
1.03207
1.00858
0.993574
1.02359
1.03973
0.98609
1.01379
1.03957
1.02081
1.0068
1.03064
1.04653
0.99943
1.02145
1.04205
1.03108
1.01491
1.03395
1.05178
1.01748
1.02816
1.04463
1.03601
1.02248
1.03769
1.05201
1.02529
1.0327
1.04591
1.04083
1.02789
1.04008
1.05161
1.0324
1.03585
1.04647
1.04539
1.03183
1.04161
1.05091
1.03876
1.03808
1.04663
1.04956
1.03475
1.04261
1.05011
1.04434
1.03968
1.04657
1.05316
1.03976
1.04399
1.05003
1.04762
1.04157
1.04712
1.05244
1.044
1.04499
1.04987
1.05047
1.04301
1.04749
1.05179
1.04759
1.04574
1.04968
1.0529
1.04412
1.04773
1.0512
1.05061
1.0463
1.04948
1.05255
