0.421973
0.395723
0.383973
0.482685
0.394857
0.441641
0.463144
0.405299
0.384611
0.377287
0.367111
0.407956
0.376417
0.281901
0.376376
0.362661
0.436904
0.438428
0.454509
0.456973
0.467383
0.470476
0.473189
0.477864
0.333987
0.393616
0.450815
0.316363
0.383856
0.397717
0.396417
0.435762
0.445038
0.474182
0.467109
0.458345
0.4932
0.51054
0.485976
0.433474
0.49992
0.487036
0.471661
0.468291
0.50049
0.503648
0.52068
0.521065
0.436617
0.495128
0.500536
0.52311
0.496949
0.515596
0.502678
0.533629
0.412565
0.474386
0.491736
0.455297
0.466884
0.501612
0.538029
0.530142
0.534401
0.458205
0.512601
0.510491
0.488542
0.510799
0.499267
0.530295
0.546905
0.526944
0.51194
0.5336
0.470324
0.533714
0.54949
0.545391
0.561791
0.531347
0.555724
0.541993
0.562982
0.557203
0.567106
0.573601
0.57089
0.570211
0.564167
0.554016
0.567712
0.485601
0.553272
0.547154
0.526566
0.542081
0.560761
0.552695
