0.936513
0.947755
0.952813
0.934605
0.944471
0.955492
0.96777
0.934627
0.95661
0.967875
0.978358
0.956622
0.966835
0.97792
0.986593
0.967415
0.977539
0.988395
0.989458
0.978636
0.988606
0.999183
0.987886
0.990194
0.999949
1.0102
0.982821
1.00201
1.01149
1.00267
1.00351
1.01225
1.02131
0.997401
1.0141
1.02246
1.014
1.01552
1.02323
1.03112
1.00975
1.0249
1.03218
1.02428
1.02624
1.03295
1.03938
1.02729
1.03346
1.03968
1.03891
1.03463
1.04036
1.04612
1.03873
1.04161
1.04691
1.05182
1.04265
1.04753
1.0524
1.05367
1.04859
1.05307
1.05754
1.05597
1.05414
1.05824
1.06232
1.0587
1.05929
1.06304
1.06675
1.06182
1.06404
1.06746
1.07084
1.06529
1.06841
1.07152
1.07458
1.06903
1.07241
1.07522
1.07799
1.07301
1.07604
1.07859
1.08108
1.07715
1.07934
1.08163
1.08388
1.08142
1.08231
1.08437
1.0864
1.08576
1.08498
1.08683
