0.374984
0.43412
0.528415
0.581663
0.586148
0.591515
0.181958
0.213123
0.419643
0.387293
0.434934
0.491964
0.489316
0.440127
0.515755
0.519275
0.593891
0.588927
0.561035
0.578339
0.646897
0.616085
0.673452
0.694894
0.685138
0.701991
0.318237
0.517676
0.236984
0.33693
0.504696
0.486663
0.531866
0.544627
0.56607
0.59458
0.566935
0.566869
0.595183
0.619546
0.617448
0.657294
0.648515
0.301935
0.388965
0.504071
0.548878
0.55067
0.569367
0.55165
0.567843
0.562964
0.586562
0.595912
0.569543
0.580632
0.602526
0.606059
0.61395
0.615599
0.618587
0.614575
0.628024
0.641584
0.635628
0.645646
0.641802
0.647947
0.648242
0.666613
0.661897
0.672512
0.681568
0.674807
0.667711
0.684784
0.68458
0.689985
0.702425
0.694696
0.701679
0.708532
0.710573
0.702245
0.700984
0.707067
0.71303
0.711586
0.711149
0.716689
0.722118
0.716588
0.720316
0.725356
0.725878
0.723523
0.728195
0.732773
0.72911
0.731097
