0.0944831
0.0945837
0.0946853
0.094788
0.0948918
0.0949966
0.0951024
0.0952093
0.0953172
0.0954261
0.095536
0.095647
0.0957589
0.0958718
0.0959857
0.0961006
0.0962164
0.0963332
0.0964509
0.0965696
0.0966892
0.0968097
0.0969312
0.0970535
0.0971768
0.0973009
0.0974259
0.0975518
0.0976785
0.0978061
0.0979345
0.0980637
0.0981937
0.0983246
0.0984562
0.0985887
0.0987219
0.0988558
0.0989905
0.099126
0.0992622
0.0993991
0.0995367
0.0996751
0.0998141
0.0999537
0.100094
0.100235
0.100377
0.100519
0.100662
0.100805
0.10095
0.101094
0.10124
0.101385
0.101532
0.101679
0.101826
0.101974
0.102123
0.102272
0.102421
0.102572
0.102722
0.102873
0.103024
0.103176
0.103328
0.103481
0.103634
0.103788
0.103942
0.104096
0.104251
0.104406
0.104561
0.104717
0.104873
0.105029
0.105186
0.105343
0.1055
0.105658
0.105816
0.105974
0.106132
0.106291
0.10645
0.106609
0.106769
0.106928
0.107088
0.107248
0.107408
0.107569
0.107729
0.10789
0.108051
0.108213
