0.873596
0.399654
0.684687
0.256542
0.317738
0.454983
0.786604
0.521297
0.819314
0.517049
0.856815
0.510143
0.859866
0.527441
0.877143
0.533793
0.875071
0.553148
0.856093
0.585294
0.792585
0.659385
0.577252
0.847897
0.633742
0.707888
0.429267
0.567402
0.838992
0.679162
0.60919
0.845401
0.69357
0.588529
0.837594
0.719691
0.503926
0.651232
0.797157
0.782467
0.802841
0.787306
0.808138
0.791947
0.813067
0.796395
0.817649
0.800655
0.821906
0.804731
0.82586
0.808625
0.829534
0.81234
0.832949
0.815879
0.836125
0.819245
0.839081
0.822443
0.841835
0.825477
0.844403
0.828351
0.8468
0.831073
0.849038
0.833646
0.85113
0.836077
0.853086
0.838372
0.854918
0.840538
0.856633
0.842579
0.85824
0.844504
0.859747
0.846317
0.861161
0.848024
0.862487
0.849631
0.863732
0.851143
0.864901
0.852566
0.865999
0.853905
0.86703
0.855164
0.867999
0.856349
0.86891
0.857463
0.869766
0.85851
0.87057
0.859495
