2.92008, 1.80843, 4.00661, 2.44161, 4.08118, 1.5296, 5.38626, 0.739881, 2.21951, 1.65651, 2.01297, 3.94145, 2.8545, 3.3189, 4.16258, 3.84902, 3.76707, 3.33036, 3.14754, 2.59261
2.85935, 1.90184, 3.92571, 2.50624, 4.02111, 1.59363, 5.33801, 0.78486, 2.17515, 1.76575, 1.75516, 4.16874, 2.72265, 3.42713, 4.04756, 3.88708, 3.65578, 3.3923, 3.05783, 2.68555
2.93014, 2.01856, 3.98764, 2.69249, 4.05123, 1.73321, 5.32212, 0.899342, 2.24891, 1.85893, 1.9145, 4.2147, 2.88158, 3.55492, 4.28239, 4.30106, 3.81727, 3.63468, 3.16163, 2.82953
2.75698, 1.93518, 3.88387, 2.63721, 3.92582, 1.7053, 5.2301, 0.901923, 1.98949, 1.70171, 1.87494, 4.09639, 2.80041, 3.45376, 4.21987, 4.24135, 3.73857, 3.56539, 3.04731, 2.74007
2.84658, 2.07443, 3.96622, 2.8897, 3.96464, 1.88008, 5.20908, 1.04173, 2.07799, 1.80684, 2.07383, 4.15033, 3.01738, 3.6163, 3.50734, 3.15855, 4.15759, 4.16194, 3.18435, 2.92245
3.03745, 1.88503, 4.0305, 2.64877, 4.14065, 1.49737, 4.79371, 1.42684, 2.26945, 1.69972, 2.14706, 4.04295, 3.09176, 3.46672, 3.58471, 2.9663, 4.17667, 4.00582, 3.28923, 2.7367
3.14387, 1.82253, 4.11079, 2.54071, 4.30694, 1.37527, 5.00585, 1.18954, 2.36407, 1.66105, 2.19773, 3.99041, 3.1514, 3.39609, 3.65597, 2.87934, 4.21451, 3.91839, 3.36855, 2.65855
3.0878, 1.89987, 4.03758, 2.59506, 4.25611, 1.42818, 4.95793, 1.23311, 2.32182, 1.75475, 1.97675, 4.14946, 3.03646, 3.47413, 3.5697, 2.94335, 4.11276, 3.94941, 3.28729, 2.73306
2.93393, 1.83918, 3.94227, 2.548, 4.14631, 1.41508, 4.8671, 1.22848, 2.07975, 1.63236, 1.93791, 4.04196, 2.95942, 3.38775, 3.47654, 2.8775, 4.04951, 3.89268, 3.18168, 2.65884
2.99243, 1.94158, 3.99701, 2.71308, 4.16618, 1.53179, 4.86387, 1.34245, 2.14107, 1.71008, 2.08053, 4.09265, 3.0988, 3.51776, 3.56981, 3.03495, 4.2541, 4.25401, 3.26834, 2.78986
3.06752, 2.07432, 4.06607, 2.95273, 4.18742, 1.68185, 4.8548, 1.48586, 2.21887, 1.80769, 2.27014, 4.14892, 3.31749, 3.70247, 3.70805, 3.27191, 3.77517, 3.4885, 3.38926, 2.97199
3.15821, 2.0142, 4.12678, 2.8586, 4.32178, 1.56494, 5.03345, 1.26183, 2.30161, 1.77185, 2.31452, 4.09997, 3.36579, 3.63546, 3.76316, 3.1926, 3.82441, 3.41, 3.45415, 2.89904
3.21458, 2.12053, 4.18253, 3.04702, 4.33666, 1.68158, 5.02559, 1.36971, 2.36133, 1.85105, 2.47032, 4.16143, 3.53217, 3.80741, 3.86712, 3.38515, 3.95407, 3.63539, 3.54399, 3.0467
3.15758, 2.18944, 4.10813, 3.08961, 4.28734, 1.72808, 4.98126, 1.40789, 2.31991, 1.93775, 2.27891, 4.25474, 3.42508, 3.85298, 3.78022, 3.43029, 3.86306, 3.6739, 3.46147, 3.10531
3.24059, 2.12894, 4.16058, 3.00199, 4.41166, 1.60909, 5.17229, 1.15157, 2.39714, 1.90046, 2.31942, 4.20872, 3.46727, 3.78911, 3.82778, 3.35565, 3.90475, 3.60039, 3.51892, 3.03546
3.12369, 2.07463, 4.08807, 2.95862, 4.32206, 1.59432, 5.09744, 1.14936, 2.2147, 1.7958, 2.2802, 4.12381, 3.40843, 3.72692, 3.7599, 3.30245, 3.8426, 3.54794, 3.44021, 2.97606
3.17801, 2.17297, 4.14754, 3.13985, 4.33603, 1.7029, 5.089, 1.2455, 2.27077, 1.86708, 2.42316, 4.17795, 3.57698, 3.89578, 3.86764, 3.48972, 3.98622, 3.78013, 3.52841, 3.11451
3.12434, 2.23767, 4.07674, 3.1788, 4.29025, 1.74579, 5.04941, 1.28025, 2.23373, 1.94925, 2.2397, 4.26816, 3.47715, 3.93428, 3.7851, 3.52969, 3.90013, 3.81215, 3.45016, 3.1684
3.31627, 2.04644, 4.11816, 2.9601, 3.82279, 2.19288, 4.74931, 1.5798, 2.40872, 1.85193, 2.30385, 4.16921, 3.52486, 3.7911, 3.83266, 3.35505, 3.93345, 3.65171, 3.53367, 2.98684
3.39753, 1.98817, 4.16898, 2.87863, 3.90325, 2.11462, 4.88373, 1.41526, 2.48122, 1.81785, 2.34135, 4.12723, 3.56333, 3.73137, 3.87674, 3.28572, 3.97082, 3.58379, 3.58815, 2.92136
3.48018, 1.92892, 4.22053, 2.79602, 3.98599, 2.03419, 5.04895, 1.21511, 2.55394, 1.78368, 2.37852, 4.08562, 3.60172, 3.67175, 3.92103, 3.21608, 4.00825, 3.51576, 3.64297, 2.85548
3.34934, 1.96434, 4.10988, 2.79579, 3.87245, 2.05763, 4.96899, 1.24233, 2.37173, 1.86572, 2.17831, 3.97741, 3.47526, 3.63806, 3.80129, 3.20191, 3.89457, 3.4932, 3.50959, 2.85306
3.39094, 2.05485, 4.15364, 2.94415, 3.9039, 2.16254, 4.96411, 1.33015, 2.42208, 1.9325, 2.29484, 4.02612, 3.61405, 3.79286, 3.88563, 3.3633, 4.01087, 3.69939, 3.57923, 2.975
3.46652, 1.99873, 4.20054, 2.86783, 3.97969, 2.08691, 5.14583, 1.1093, 2.48785, 1.89989, 2.33091, 3.98733, 3.64892, 3.73647, 3.92567, 3.2984, 4.04381, 3.63604, 3.62959, 2.91349
3.37236, 1.96347, 4.13828, 2.83352, 3.90085, 2.06006, 5.08299, 1.10806, 2.34244, 1.8212, 2.29378, 3.91312, 3.59894, 3.688, 3.86857, 3.25613, 3.99308, 3.59454, 3.56205, 2.86751
3.3301, 2.014, 4.08291, 2.86929, 3.85672, 2.10214, 5.0504, 1.13777, 2.31072, 1.8891, 2.15596, 4.01312, 3.51936, 3.72454, 3.80293, 3.29305, 3.92306, 3.62471, 3.50166, 2.91415
3.2358, 1.97615, 4.02191, 2.83442, 3.77857, 2.07402, 4.98862, 1.1361, 2.15673, 1.79664, 2.12346, 3.93886, 3.47103, 3.67563, 3.74727, 3.25024, 3.87376, 3.58296, 3.43555, 2.86695
3.27546, 2.05574, 4.06706, 2.96756, 3.80969, 2.1675, 4.98404, 1.2131, 2.20185, 1.8527, 2.22568, 3.98208, 3.6012, 3.81681, 3.82925, 3.39519, 3.99493, 3.78006, 3.50068, 2.97406
3.40167, 1.8958, 4.1003, 2.81449, 3.92891, 1.94599, 4.70636, 1.49218, 2.32525, 1.77833, 2.27422, 3.9098, 3.63158, 3.7139, 3.86127, 3.27281, 4.01476, 3.6699, 3.55763, 2.84371
3.47332, 1.84712, 4.14561, 2.74655, 4.00505, 1.87788, 4.82746, 1.35968, 2.38443, 1.75242, 2.30727, 3.87555, 3.66342, 3.66316, 3.89854, 3.21492, 4.04431, 3.61342, 3.6051, 2.7891
3.54599, 1.79777, 4.19139, 2.67792, 4.08347, 1.8078, 4.97177, 1.20329, 2.44351, 1.72656, 2.33998, 3.84166, 3.69513, 3.61264, 3.93585, 3.15698, 4.0738, 3.55707, 3.65272, 2.73432
3.51059, 1.83953, 4.14484, 2.70969, 4.04765, 1.84284, 4.94213, 1.23036, 2.41568, 1.78396, 2.22663, 3.92686, 3.62793, 3.64424, 3.88012, 3.18945, 4.01352, 3.5831, 3.60231, 2.77441
3.4285, 1.81422, 4.08909, 2.68113, 3.9789, 1.82517, 4.88597, 1.22752, 2.27766, 1.7159, 2.19531, 3.86091, 3.5839, 3.60269, 3.82954, 3.15326, 3.96954, 3.5475, 3.54172, 2.73581
3.45799, 1.88545, 4.12143, 2.79295, 3.99838, 1.9047, 4.88363, 1.29767, 2.31596, 1.76706, 2.28558, 3.90299, 3.69253, 3.73739, 3.89285, 3.28121, 4.06943, 3.73297, 3.59214, 2.83112
3.52373, 1.84001, 4.16273, 2.73079, 4.06948, 1.84032, 5.03267, 1.13736, 2.36948, 1.74386, 2.31551, 3.87193, 3.72068, 3.69092, 3.92618, 3.22843, 4.09489, 3.68184, 3.63523, 2.78102
3.49059, 1.87892, 4.11897, 2.76021, 4.03609, 1.87279, 5.00582, 1.16195, 2.34434, 1.798, 2.20749, 3.95223, 3.65774, 3.71851, 3.87359, 3.25793, 4.03797, 3.70404, 3.58785, 2.81814
3.45766, 1.91756, 4.07546, 2.78947, 4.003, 1.90496, 4.97933, 1.18622, 2.31924, 1.85206, 2.08915, 4.0402, 3.5945, 3.74624, 3.82106, 3.2874, 3.98109, 3.72622, 3.54052, 2.85522
3.38347, 1.892, 4.02547, 2.76206, 3.94066, 1.88748, 4.929, 1.18424, 2.19317, 1.77995, 2.06444, 3.98016, 3.55616, 3.70819, 3.77648, 3.25342, 3.94304, 3.69337, 3.48674, 2.81855
3.44308, 1.85188, 4.06492, 2.70656, 4.00643, 1.83037, 5.10047, 1.01468, 2.24114, 1.75968, 2.09144, 3.95323, 3.58314, 3.66671, 3.80835, 3.2063, 3.96794, 3.64732, 3.52687, 2.77423
3.46956, 1.91579, 4.09506, 2.80615, 4.0232, 1.90123, 5.09545, 1.0729, 2.27579, 1.80469, 2.17119, 3.98607, 3.68655, 3.78945, 3.86825, 3.32148, 4.07588, 3.83161, 3.5731, 2.8592
3.43877, 1.95177, 4.05425, 2.83322, 3.99239, 1.93104, 5.07159, 1.09479, 2.25326, 1.8555, 2.05674, 4.07053, 3.62756, 3.81355, 3.81883, 3.34821, 4.02251, 3.85005, 3.5287, 2.8935
3.3705, 1.92717, 4.00851, 2.80735, 3.93497, 1.9144, 5.02618, 1.09403, 2.13284, 1.78304, 2.03476, 4.01517, 3.59309, 3.77891, 3.77854, 3.31664, 3.98886, 3.82006, 3.47969, 2.85924
3.34097, 1.96293, 3.96884, 2.83437, 3.9052, 1.9439, 5.00311, 1.11544, 2.11302, 1.83324, 1.91364, 4.11212, 3.53504, 3.80367, 3.73025, 3.34364, 3.93649, 3.83885, 3.4366, 2.89372
3.27332, 1.93729, 3.92425, 2.80845, 3.84873, 1.92683, 4.95875, 1.11446, 1.98477, 1.74959, 1.8949, 4.05785, 3.50179, 3.76924, 3.69118, 3.31215, 3.90394, 3.80915, 3.38889, 2.85917
3.12187, 1.9508, 3.8183, 2.79927, 3.73692, 1.94364, 4.88602, 1.1398, 2.23268, 1.82804, 2.14762, 3.94477, 3.3922, 3.73047, 3.58229, 3.28794, 3.80834, 3.77594, 3.26309, 2.84322
3.15018, 2.00411, 3.85423, 2.88427, 3.75749, 2.00557, 4.88426, 1.19349, 2.26425, 1.86805, 2.21936, 3.97526, 3.48595, 3.8231, 3.64417, 3.38058, 3.92447, 3.92759, 3.30952, 2.91162
3.1967, 1.97356, 3.88643, 2.84091, 3.80868, 1.96206, 5.02285, 1.06108, 2.30489, 1.84953, 2.24237, 3.95135, 3.5081, 3.78897, 3.67027, 3.34281, 3.94361, 3.89015, 3.3424, 2.87665
3.16985, 2.00798, 3.8496, 2.86661, 3.7813, 1.98992, 5.00216, 1.08045, 2.28457, 1.89378, 2.14913, 4.01894, 3.45412, 3.81254, 3.62525, 3.36854, 3.89494, 3.90675, 3.30262, 2.90998
3.25616, 1.90624, 3.88081, 2.76602, 3.88677, 1.82607, 4.82281, 1.25834, 2.36672, 1.84015, 2.18117, 3.97193, 3.47647, 3.74588, 3.65106, 3.28995, 3.90876, 3.83731, 3.34543, 2.8273
3.30246, 1.87636, 3.91295, 2.72413, 3.94084, 1.78216, 4.93621, 1.14834, 2.40604, 1.82203, 2.20285, 3.94966, 3.49802, 3.71353, 3.67663, 3.2539, 3.92761, 3.80165, 3.37748, 2.79381
3.24143, 1.855, 3.87257, 2.70168, 3.89096, 1.76988, 4.89705, 1.14715, 2.31182, 1.773, 2.1816, 3.90377, 3.46813, 3.68316, 3.64144, 3.22611, 3.89899, 3.7758, 3.33402, 2.76332
3.21779, 1.88593, 3.84007, 2.72598, 3.86733, 1.79477, 4.87751, 1.1656, 2.2938, 1.81302, 2.09706, 3.97105, 3.41939, 3.70677, 3.60127, 3.25101, 3.85466, 3.79283, 3.29903, 2.79436
3.26137, 1.85856, 3.8711, 2.68703, 3.91893, 1.75412, 5.00545, 1.04829, 2.33047, 1.79675, 2.11747, 3.95057, 3.44017, 3.67666, 3.62594, 3.21748, 3.87303, 3.75945, 3.32961, 2.7634
3.28315, 1.9047, 3.89787, 2.75734, 3.9322, 1.8056, 5.00266, 1.09272, 2.35674, 1.83174, 2.17803, 3.97584, 3.51675, 3.75784, 3.6747, 3.29616, 3.97306, 3.89925, 3.36645, 2.82217
3.2269, 1.88421, 3.86088, 2.73626, 3.88624, 1.79389, 4.96712, 1.09213, 2.26793, 1.78341, 2.15895, 3.93351, 3.48965, 3.73005, 3.64273, 3.27042, 3.94754, 3.87575, 3.32674, 2.79374
3.20486, 1.91295, 3.83051, 2.75871, 3.86426, 1.81691, 4.94937, 1.10885, 2.25156, 1.82082, 2.07805, 3.99714, 3.4443, 3.75101, 3.60513, 3.29311, 3.9063, 3.88999, 3.29402, 2.82245
3.14935, 1.89186, 3.79455, 2.73774, 3.81924, 1.80501, 4.91478, 1.10814, 2.1601, 1.76795, 2.06088, 3.95566, 3.41821, 3.72357, 3.57419, 3.2676, 3.88167, 3.86688, 3.25547, 2.79402
3.12829, 1.92019, 3.76514, 2.75994, 3.79806, 1.82761, 4.89764, 1.12441, 2.14536, 1.80466, 1.97806, 4.02468, 3.37383, 3.74478, 3.53763, 3.29027, 3.84138, 3.88122, 3.22388, 2.82256
3.16575, 1.89696, 3.79232, 2.72662, 3.84241, 1.79313, 5.0216, 1.01451, 2.17691, 1.79129, 1.99586, 4.00712, 3.39208, 3.71856, 3.55925, 3.26131, 3.85708, 3.85217, 3.25062, 2.79598
3.18618, 1.93717, 3.81826, 2.78827, 3.85536, 1.83868, 5.01901, 1.05349, 2.20046, 1.82084, 2.0483, 4.02687, 3.46194, 3.78815, 3.60495, 3.32944, 3.96599, 3.98842, 3.28461, 2.84667
3.13501, 1.91703, 3.78531, 2.76866, 3.81387, 1.82738, 4.98766, 1.05327, 2.11341, 1.76858, 2.03301, 3.98863, 3.43822, 3.76304, 3.57679, 3.30586, 3.94404, 3.96753, 3.24935, 2.82022
3.11539, 1.94336, 3.75787, 2.78915, 3.79419, 1.84828, 4.97209, 1.06801, 2.10017, 1.8028, 1.95282, 4.05477, 3.39701, 3.78194, 3.54263, 3.32653, 3.90678, 3.9793, 3.21986, 2.84661
3.1839, 1.86766, 3.78522, 2.71273, 3.90829, 1.70515, 4.834, 1.20165, 2.16177, 1.76819, 1.97724, 4.02127, 3.41474, 3.73181, 3.56385, 3.26757, 3.91654, 3.92798, 3.25453, 2.78496
3.21878, 1.84628, 3.81035, 2.68221, 3.95206, 1.67203, 4.9276, 1.11566, 2.19059, 1.75621, 1.99334, 4.0054, 3.43123, 3.7078, 3.58354, 3.2411, 3.93014, 3.90147, 3.27909, 2.76062
3.17087, 1.82952, 3.77891, 2.66457, 3.91399, 1.66403, 4.898, 1.11499, 2.10536, 1.7087, 1.97953, 3.96945, 3.40865, 3.68431, 3.55665, 3.21927, 3.90928, 3.88197, 3.24536, 2.73645
3.20474, 1.80935, 3.80366, 2.63519, 3.95705, 1.63229, 5.00748, 1.01912, 2.13304, 1.69782, 1.99521, 3.9542, 3.4248, 3.66117, 3.57599, 3.19378, 3.92264, 3.85635, 3.26942, 2.71316
3.22143, 1.84395, 3.82441, 2.68705, 3.96615, 1.6707, 5.00535, 1.05302, 2.15283, 1.72292, 2.04006, 3.97194, 3.48264, 3.72244, 3.61316, 3.25202, 4.03113, 3.99618, 3.29722, 2.75666
3.20443, 1.86646, 3.80088, 2.70505, 3.9496, 1.68825, 4.99156, 1.06601, 2.14113, 1.75263, 1.97055, 4.02993, 3.44707, 3.73904, 3.58367, 3.27021, 3.99879, 4.00582, 3.2719, 2.77954
3.16025, 1.85053, 3.77203, 2.68858, 3.91453, 1.6807, 4.9647, 1.06574, 2.05944, 1.70553, 1.95818, 3.99683, 3.4265, 3.71752, 3.55914, 3.25004, 3.98024, 3.98824, 3.241, 2.75709
3.144, 1.87259, 3.74929, 2.70628, 3.89859, 1.69783, 4.9514, 1.07835, 2.04893, 1.7345, 1.88682, 4.05927, 3.39182, 3.73412, 3.53054, 3.26805, 3.94875, 3.99785, 3.21659, 2.77966
3.17398, 1.85442, 3.77123, 2.68016, 3.93666, 1.66931, 5.06476, 0.978945, 2.07353, 1.7248, 1.90065, 4.04582, 3.40617, 3.71342, 3.54769, 3.24533, 3.96008, 3.97495, 3.23794, 2.75886
3.13174, 1.83922, 3.74371, 2.66453, 3.90343, 1.66233, 5.03994, 0.979212, 1.99045, 1.67604, 1.88967, 4.01432, 3.38661, 3.69283, 3.52431, 3.22606, 3.94242, 3.95819, 3.20844, 2.73738
3.14717, 1.86948, 3.76329, 2.71007, 3.91211, 1.69638, 5.03785, 1.00889, 2.00801, 1.6973, 1.92872, 4.02831, 3.43899, 3.74571, 3.55859, 3.27671, 4.00886, 4.05906, 3.23381, 2.77513
3.13207, 1.88996, 3.74214, 2.72642, 3.89733, 1.7122, 5.02577, 1.02031, 1.99869, 1.72425, 1.85922, 4.08874, 3.40683, 3.76067, 3.53196, 3.29322, 3.9797, 4.06722, 3.21111, 2.79602
3.03734, 1.89526, 3.68072, 2.72161, 3.83821, 1.725, 4.98722, 1.03442, 2.13959, 1.76976, 2.03662, 4.0178, 3.34536, 3.73886, 3.46971, 3.27915, 3.93115, 4.04699, 3.13787, 2.7864
3.02288, 1.91569, 3.66015, 2.7379, 3.82389, 1.74057, 4.97555, 1.04553, 2.12945, 1.79541, 1.97431, 4.06746, 3.31368, 3.75426, 3.44366, 3.29583, 3.90252, 4.05532, 3.11584, 2.80742
2.98312, 1.89925, 3.6352, 2.72265, 3.79304, 1.7331, 4.95259, 1.04541, 2.062, 1.75395, 1.964, 4.03961, 3.29632, 3.73501, 3.42277, 3.27751, 3.88696, 4.03986, 3.08926, 2.78645
2.96933, 1.91923, 3.61535, 2.73862, 3.77926, 1.74828, 4.94134, 1.05618, 2.05279, 1.7789, 1.90019, 4.0926, 3.26549, 3.75035, 3.39755, 3.29399, 3.85913, 4.04814, 3.06806, 2.80712
2.99357, 1.90504, 3.63384, 2.71769, 3.80999, 1.72581, 5.04089, 0.972546, 2.07356, 1.77046, 1.91186, 4.08112, 3.27781, 3.73338, 3.41216, 3.27554, 3.86883, 4.0292, 3.08594, 2.79046
3.00803, 1.93067, 3.65267, 2.75644, 3.81854, 1.75547, 5.03908, 0.998265, 2.08928, 1.78952, 1.94658, 4.09285, 3.32371, 3.77525, 3.4437, 3.31724, 4.01214, 4.16615, 3.10919, 2.82184
3.05538, 1.88195, 3.67357, 2.70486, 3.86548, 1.66624, 4.94601, 1.08676, 2.13202, 1.76571, 1.96326, 4.06975, 3.3366, 3.74102, 3.45943, 3.27735, 4.01736, 4.13216, 3.13429, 2.78072
3.01949, 1.86788, 3.65083, 2.6913, 3.83766, 1.66029, 4.92511, 1.08644, 2.06951, 1.72878, 1.95402, 4.04453, 3.32082, 3.72376, 3.44043, 3.26092, 4.00366, 4.11872, 3.11003, 2.76202
3.04245, 1.85462, 3.66825, 2.67162, 3.86771, 1.63903, 5.00962, 1.0134, 2.08892, 1.72112, 1.96493, 4.03378, 3.33222, 3.70782, 3.45405, 3.2436, 4.01194, 4.10092, 3.12683, 2.7464
3.03037, 1.87188, 3.65105, 2.68562, 3.85588, 1.65211, 4.99974, 1.02279, 2.08078, 1.74291, 1.90884, 4.08063, 3.30545, 3.72123, 3.43212, 3.25804, 3.98796, 4.10731, 3.10843, 2.76437
2.99612, 1.85846, 3.62941, 2.67276, 3.82956, 1.64658, 4.98033, 1.0228, 2.01835, 1.70559, 1.90052, 4.05668, 3.29048, 3.70478, 3.41406, 3.2424, 3.97496, 4.09453, 3.08534, 2.74654
2.98458, 1.87529, 3.61282, 2.68643, 3.81818, 1.6593, 4.97081, 1.03189, 2.01095, 1.72674, 1.843, 4.10648, 3.26449, 3.71807, 3.39285, 3.25659, 3.95169, 4.10085, 3.06765, 2.76415
3.00556, 1.86327, 3.62895, 2.66858, 3.84578, 1.63998, 5.06455, 0.953842, 2.02864, 1.71987, 1.85289, 4.09686, 3.2751, 3.70359, 3.40549, 3.24087, 3.95953, 4.08456, 3.0831, 2.74999
2.97289, 1.85044, 3.60838, 2.65638, 3.82088, 1.63483, 5.04659, 0.954143, 1.96592, 1.68187, 1.84546, 4.07416, 3.26092, 3.68791, 3.38833, 3.22597, 3.9472, 4.07242, 3.06114, 2.73298
2.98469, 1.87147, 3.62356, 2.68773, 3.82757, 1.65897, 5.04506, 0.975478, 1.97868, 1.69716, 1.87374, 4.08354, 3.29762, 3.72205, 3.41365, 3.25976, 4.00191, 4.16165, 3.07993, 2.75858
3.02589, 1.83087, 3.64234, 2.64401, 3.867, 1.57604, 4.96675, 1.04842, 2.01445, 1.67945, 1.88779, 4.06464, 3.30882, 3.6933, 3.42747, 3.22621, 4.00634, 4.13333, 3.10184, 2.72417
3.04569, 1.81967, 3.65751, 2.62728, 3.89392, 1.55789, 5.04942, 0.978048, 2.03092, 1.67325, 1.89701, 4.05566, 3.31866, 3.67974, 3.43924, 3.2115, 4.01333, 4.11822, 3.11634, 2.71094
3.03556, 1.83428, 3.6431, 2.63928, 3.88412, 1.5689, 5.04109, 0.985964, 2.02443, 1.69178, 1.84602, 4.1, 3.29602, 3.69141, 3.42076, 3.22397, 3.99288, 4.12355, 3.10094, 2.7263
3.00612, 1.82327, 3.62438, 2.62844, 3.8617, 1.56485, 5.02475, 0.986114, 1.96585, 1.65752, 1.83936, 4.07948, 3.28313, 3.67734, 3.40517, 3.21061, 3.98188, 4.1127, 3.08093, 2.71113
3.01654, 1.84235, 3.63771, 2.65667, 3.86729, 1.58639, 5.02345, 1.00558, 1.97728, 1.67132, 1.86491, 4.08788, 3.31617, 3.70876, 3.42773, 3.24133, 4.0322, 4.20774, 3.09764, 2.73437
3.00696, 1.85627, 3.62398, 2.66805, 3.85798, 1.59684, 5.01556, 1.01308, 1.9714, 1.68893, 1.8137, 4.1322, 3.29463, 3.71962, 3.4101, 3.25307, 4.0128, 4.21221, 3.08297, 2.74897
3.02464, 1.84618, 3.63754, 2.65307, 3.882, 1.58047, 5.10539, 0.937287, 1.98613, 1.68341, 1.82188, 4.12423, 3.30344, 3.70744, 3.42063, 3.23988, 4.01889, 4.19873, 3.09595, 2.73709
3.03683, 1.86981, 3.65288, 2.6907, 3.88751, 1.60668, 5.10249, 0.959379, 1.99985, 1.70006, 1.85318, 4.132, 3.37531, 3.76505, 3.45318, 3.28669, 3.9035, 4.036, 3.11711, 2.7675
3.04658, 1.88773, 3.66558, 2.71758, 3.89266, 1.62686, 5.10097, 0.977156, 2.01054, 1.71295, 1.87714, 4.13948, 3.40903, 3.79721, 3.47521, 3.31655, 3.94856, 4.10206, 3.13298, 2.78952
3.02108, 1.87762, 3.64948, 2.70788, 3.87301, 1.62294, 5.08671, 0.977314, 1.95916, 1.68162, 1.87123, 4.12162, 3.39807, 3.78533, 3.46196, 3.30496, 3.93874, 4.09231, 3.11583, 2.77624
3.01227, 1.89024, 3.63684, 2.71807, 3.86449, 1.63239, 5.07963, 0.983985, 1.95389, 1.69764, 1.82284, 4.16157, 3.37857, 3.79424, 3.44574, 3.31521, 3.92101, 4.09719, 3.10232, 2.78932
