0.486409
0.473093
0.464727
0.453411
0.514421
0.447208
0.352549
0.439048
0.448411
0.422781
0.389499
0.346688
0.347233
0.408538
0.400828
0.417997
0.427438
0.417417
0.431594
0.296819
0.360339
0.394163
0.38465
0.408737
0.405782
0.412453
0.432807
0.412555
0.408823
0.307452
0.364787
0.399728
0.424445
0.404419
0.398261
0.405348
0.431277
0.434936
0.45249
0.454938
0.443419
0.44767
0.482204
0.486485
0.479247
0.437089
0.429956
0.425193
0.436124
0.390537
0.423764
0.429449
0.439213
0.434545
0.431216
0.43801
0.454276
0.463261
0.460833
0.461805
0.46649
0.477137
0.490602
0.412941
0.47929
0.46761
0.46548
0.471561
0.494542
0.50003
0.504481
0.523078
0.509847
0.517706
0.534252
0.482838
0.492845
0.50996
0.506612
0.504045
0.50504
0.4972
0.488721
0.507887
0.519117
0.536006
0.532043
0.544128
0.529915
0.554115
0.524912
0.53675
0.552073
0.559005
0.558969
0.564218
0.56858
0.54045
0.55169
0.567621
