0.365235
0.370726
0.344852
0.333119
0.345948
0.359938
0.376728
0.390378
0.387111
0.365434
0.376787
0.388655
0.386979
0.373691
0.386152
0.39345
0.365683
0.376469
0.387349
0.399261
0.410702
0.417887
0.399961
0.409664
0.414233
0.419219
0.425181
0.42643
0.405039
0.411989
0.411968
0.419484
0.427539
0.429768
0.432641
0.417781
0.425108
0.427887
0.430164
0.431953
0.433704
0.435254
0.421203
0.42703
0.431804
0.433272
0.434707
0.43611
0.437482
0.438822
0.438729
0.432832
0.434103
0.435345
0.436558
0.437744
0.438903
0.440036
0.441143
0.441832
0.435159
0.438801
0.440951
0.441912
0.44285
0.443767
0.444663
0.44334
0.441153
0.441992
0.442812
0.443613
0.444396
0.44516
0.445907
0.446636
0.44735
0.448047
0.448729
0.449395
0.448576
0.447057
0.44768
0.44829
0.448888
0.449473
0.450047
0.450609
0.45105
0.448933
0.449444
0.449944
0.450434
0.450916
0.451302
0.451677
0.451495
0.450211
0.450557
0.450967
