0.715436
0.652957
0.801381
0.705283
0.616658
0.582175
0.645809
0.724058
0.683974
0.796856
0.778155
0.887812
0.848883
0.60396
0.902055
0.856485
0.920834
0.985289
0.970585
0.953944
0.987999
0.964996
0.881172
0.815194
0.945542
0.70857
0.77769
0.866173
0.887785
0.914161
0.873771
0.98043
0.958525
0.918019
1.00728
1.00838
1.02683
0.788971
0.981707
1.00129
0.939201
0.930719
0.97462
0.974961
0.879503
0.948827
0.962872
1.00243
0.999387
1.04916
1.03424
0.907417
1.00723
1.03368
0.940979
0.992821
1.0282
1.03992
0.988858
0.978584
1.01449
1.00916
1.05347
1.0299
1.02487
1.03029
0.990349
1.03923
1.06416
1.00203
1.0547
1.03901
1.01126
1.01574
1.04157
1.04422
1.06528
1.01265
1.03852
1.05531
1.06681
1.06157
1.09137
1.08459
1.09138
1.07723
1.04555
1.06906
1.02564
1.05386
1.078
1.07635
1.08544
1.09011
1.08892
1.05408
1.07241
1.09616
1.09241
1.09963
