0.433984
0.451461
0.476552
0.495888
0.492695
0.462316
0.487394
0.500939
0.514144
0.5269
0.539196
0.550182
0.496869
0.507199
0.516876
0.525874
0.53421
0.541935
0.549124
0.555866
0.562258
0.568401
0.567391
0.538116
0.543582
0.548656
0.553394
0.557851
0.562077
0.566118
0.570016
0.573807
0.577525
0.5812
0.58486
0.58853
0.586283
0.569317
0.572531
0.575674
0.578765
0.58182
0.584857
0.587889
0.590931
0.593998
0.597106
0.597491
0.586944
0.589519
0.592102
0.593037
0.580468
0.58273
0.584981
0.587227
0.589477
0.591737
0.594015
0.596322
0.598668
0.601069
0.603541
0.606112
0.60882
0.611724
0.614937
0.611254
0.600688
0.601741
0.604568
0.607835
0.609159
0.610449
0.611705
0.612929
0.614121
0.615283
0.616415
0.617518
0.618592
0.619639
0.620659
0.616721
0.61586
0.616768
0.61644
0.613044
0.613867
0.614668
0.615446
0.616203
0.616938
0.617653
0.618349
0.619025
0.619682
0.620321
0.620942
0.621546
