0.113503
0.114443
0.115494
0.116722
0.117973
0.115574
0.116712
0.118145
0.118617
0.119078
0.119527
0.119964
0.12039
0.120804
0.121207
0.121473
0.120758
0.121132
0.121495
0.121849
0.122192
0.122526
0.12285
0.123164
0.123469
0.123765
0.124051
0.123723
0.122982
0.123245
0.123501
0.123749
0.12399
0.124223
0.124449
0.124668
0.124881
0.125087
0.125287
0.12548
0.125668
0.125849
0.126025
0.126196
0.126361
0.126521
0.126676
0.126826
0.126972
0.127113
0.127249
0.127381
0.127509
0.127633
0.127724
0.127186
0.1273
0.127411
0.127518
0.127622
0.127722
0.12782
0.127914
0.128006
0.128095
0.128181
0.128264
0.128345
0.128423
0.128499
0.128572
0.128643
0.128712
0.128779
0.128844
0.128906
0.128967
0.129026
0.129083
0.129139
0.129192
0.129244
0.129295
0.129344
0.129391
0.129437
0.129481
0.129524
0.129566
0.129607
0.129603
0.129463
0.1295
0.129536
0.129571
0.129605
0.129638
0.12967
0.1297
0.12973
