0.0585921
0.05884
0.0590994
0.0593707
0.0596544
0.059951
0.060261
0.060585
0.0609235
0.0612771
0.0616464
0.062032
0.0624347
0.0628551
0.063294
0.0637521
0.0642305
0.0647298
0.0652511
0.0657954
0.0663639
0.0669576
0.0675779
0.0682261
0.0689039
0.0696128
0.0703548
0.0711319
0.0719464
0.0728009
0.0736985
0.0746427
0.0756374
0.0765203
0.0767206
0.0769256
0.0771353
0.0773498
0.0775691
0.0777934
0.0780227
0.078257
0.0784966
0.0787414
0.0789916
0.0792472
0.0795083
0.0797751
0.0800475
0.0803258
0.0806099
0.0809001
0.0811964
0.0814989
0.0818078
0.0821231
0.082445
0.0827736
0.083109
0.0834514
0.0838009
0.0841578
0.084522
0.0847448
0.0848453
0.0849464
0.085048
0.0851503
0.0852531
0.0853564
0.0854604
0.0855649
0.0856699
0.0857756
0.0858818
0.0859886
0.086096
0.0862039
0.0863124
0.0864215
0.0865311
0.0866413
0.0867522
0.0868635
0.0869755
0.087088
0.0872012
0.0873149
0.0874292
0.0875441
0.0876596
0.0877757
0.0878925
0.0880098
0.0881278
0.0882463
0.0883656
0.0884854
0.0886059
0.0887271
