0.743887
0.801269
0.869117
0.950056
1.04813
1.17048
1.33317
1.59807
1.74957
1.90041
1.97561
2.00702
2.04216
2.06136
2.07291
2.11438
2.16098
2.15105
2.18265
2.23554
2.21237
2.24509
2.29659
2.22957
2.28115
2.3395
2.29086
2.31754
2.37007
2.24337
2.2867
2.33422
2.38694
2.34096
2.31108
2.35507
2.40317
2.34822
2.40919
2.36737
2.41102
2.36782
2.40307
2.36937
2.40956
2.37769
2.40237
2.37831
2.40859
2.37766
2.40821
2.38406
2.40917
2.38294
2.40938
2.38813
2.41031
2.38669
2.41093
2.39091
2.41187
2.38926
2.41275
2.39269
2.41372
2.39092
2.41461
2.39857
2.41445
2.39368
2.41452
2.40107
2.41536
2.39577
2.41412
2.40351
2.41624
2.40314
2.41503
2.40482
2.41615
2.40008
2.41434
2.40699
2.41582
2.40685
2.41467
2.40828
2.41593
2.40813
2.41484
2.40951
2.4159
2.40936
2.41488
2.41067
2.41579
2.41052
2.41484
2.41175
