0.52712
0.572283
0.62066
0.674589
0.739796
0.834903
0.885085
0.886704
0.83777
0.883166
0.9025
0.836585
0.878219
0.917512
0.862609
0.878682
0.914925
0.87154
0.878478
0.911893
0.880298
0.877875
0.908643
0.888935
0.876985
0.905279
0.897476
0.875865
0.901854
0.90593
0.874551
0.898398
0.914297
0.873071
0.894935
0.91557
0.892635
0.894084
0.913002
0.89887
0.893153
0.910488
0.904916
0.89216
0.908036
0.910765
0.891121
0.905654
0.916411
0.89005
0.903348
0.915996
0.903293
0.902535
0.914108
0.90774
0.901718
0.912305
0.911974
0.900905
0.910587
0.915994
0.900103
0.908956
0.91742
0.907316
0.908297
0.916035
0.910536
0.907658
0.914732
0.913564
0.907041
0.913506
0.916405
0.906449
0.912357
0.91803
0.910654
0.911854
0.917037
0.912945
0.911375
0.916111
0.91508
0.910922
0.915249
0.917067
0.910495
0.914448
0.918255
0.913243
0.914078
0.917555
0.914849
0.913732
0.916908
0.916337
0.913408
0.916308
