0.190812
0.197279
0.204671
0.213189
0.223125
0.23495
0.249524
0.26879
0.299636
0.313912
0.327468
0.339919
0.35101
0.360626
0.368784
0.375594
0.38113
0.360367
0.368427
0.375398
0.381378
0.386489
0.390856
0.394599
0.396006
0.384363
0.389274
0.393599
0.397419
0.40081
0.403838
0.406563
0.409036
0.407241
0.403565
0.406837
0.409835
0.412595
0.415153
0.417537
0.419772
0.421879
0.423877
0.425781
0.427605
0.429358
0.429529
0.428329
0.430452
0.432486
0.434438
0.43632
0.438137
0.439898
0.441606
0.443267
0.444885
0.446464
0.448007
0.449516
0.450994
0.452442
0.453862
0.455256
0.456625
0.457969
0.45929
0.460589
0.461866
0.463121
0.464356
0.46557
0.466764
0.467938
0.469093
0.470229
0.471346
0.472444
0.473523
0.474584
0.475627
0.476652
0.477658
0.478647
0.479619
0.480573
0.481509
0.482428
0.48333
0.484215
0.485084
0.485935
0.48677
0.487589
0.488392
0.489179
0.489949
0.490704
0.491444
0.492168
