1.64998, 1.08357, 2.06508, 1.30028, 0.750251, 0.553852, 1.10346, 0.761835, 0.751873, 0.519972
1.77154, 1.14237, 2.14789, 1.34265, 0.784423, 0.574494, 1.14824, 0.788107, 0.7855, 0.540893
1.85443, 1.18551, 2.22228, 1.3815, 0.818319, 0.594924, 1.19359, 0.81456, 0.818842, 0.561593
1.93677, 1.22809, 2.28765, 1.41675, 0.851958, 0.615149, 1.23969, 0.841267, 0.851918, 0.58208
2.01652, 1.26928, 2.34429, 1.44866, 0.88536, 0.635182, 1.28674, 0.868326, 0.884745, 0.602366
2.09183, 1.30835, 2.39307, 1.47768, 0.918546, 0.655031, 1.33502, 0.895857, 0.917342, 0.622461
2.16126, 1.34477, 2.43509, 1.5043, 0.951538, 0.67471, 1.38492, 0.924026, 0.949732, 0.642375
2.224, 1.37831, 2.47149, 1.52901, 0.984361, 0.694229, 1.43695, 0.953062, 0.981936, 0.66212
2.27986, 1.40901, 2.50333, 1.55227, 1.01704, 0.713601, 1.49191, 0.983304, 1.01398, 0.681709
2.32912, 1.43704, 2.53152, 1.57446, 1.0496, 0.732841, 1.55107, 1.01529, 1.04588, 0.701155
2.37235, 1.46271, 2.55686, 1.59597, 1.08208, 0.751964, 1.61669, 1.04999, 1.07768, 0.720472
2.41029, 1.48637, 2.58004, 1.61713, 1.11452, 0.770985, 1.6937, 1.08946, 1.1094, 0.739675
2.44367, 1.50832, 2.60167, 1.63831, 1.14694, 0.789924, 1.79698, 1.13989, 1.14108, 0.758782
2.4732, 1.52889, 2.62233, 1.65991, 1.17939, 0.8088, 1.85628, 1.17183, 1.17275, 0.777812
2.49953, 1.54835, 2.64258, 1.68241, 1.21193, 0.827637, 1.91468, 1.20317, 1.20447, 0.796786
2.52321, 1.56694, 2.66305, 1.70647, 1.24461, 0.846461, 1.97147, 1.23359, 1.23628, 0.815727
2.54474, 1.58488, 2.68458, 1.73307, 1.2775, 0.865302, 2.02598, 1.26282, 1.26823, 0.834664
2.46398, 1.5335, 2.6112, 1.68461, 0.996874, 0.632669, 1.91431, 1.19033, 0.961442, 0.586229
2.48834, 1.55003, 2.63233, 1.70329, 1.02025, 0.647484, 1.96577, 1.21882, 0.983848, 0.600793
2.51041, 1.5659, 2.65342, 1.72374, 1.04336, 0.662103, 2.01528, 1.24626, 1.00597, 0.615145
2.53054, 1.58126, 2.67523, 1.74673, 1.06622, 0.676532, 2.06245, 1.27246, 1.02781, 0.629291
2.54907, 1.59623, 2.69885, 1.77361, 1.08883, 0.690775, 2.10697, 1.29732, 1.04938, 0.643235
2.56629, 1.61095, 2.72629, 1.80699, 1.11122, 0.704839, 2.14865, 1.32076, 1.0707, 0.656983
2.58029, 1.6226, 2.75709, 1.84622, 1.13269, 0.718136, 2.18616, 1.34141, 1.09108, 0.669958
2.43102, 1.61544, 2.62091, 1.83229, 1.30917, 0.814404, 1.96767, 1.33026, 1.25739, 0.763315
2.45586, 1.62303, 2.65648, 1.85401, 1.33474, 0.83025, 2.01112, 1.34707, 1.28105, 0.778432
2.39428, 1.58106, 2.60325, 1.81566, 1.1226, 0.674674, 1.93036, 1.29011, 1.01682, 0.583214
2.41896, 1.58893, 2.63363, 1.83197, 1.14194, 0.687258, 1.97127, 1.30738, 1.0342, 0.594876
2.44156, 1.59684, 2.66644, 1.85414, 1.16105, 0.699665, 2.01048, 1.32398, 1.0513, 0.606335
2.46233, 1.60479, 2.70546, 1.88649, 1.17993, 0.7119, 2.04784, 1.33987, 1.06813, 0.617596
2.48147, 1.6128, 2.76358, 1.94462, 1.1986, 0.723968, 2.08326, 1.35503, 1.0847, 0.628662
2.49754, 1.61888, 2.76916, 1.94217, 1.2165, 0.735383, 2.11569, 1.36844, 1.10048, 0.639076
2.51241, 1.62504, 2.77415, 1.94008, 1.2342, 0.746646, 2.14617, 1.38116, 1.116, 0.649309
2.52621, 1.63126, 2.77861, 1.93827, 1.2517, 0.757761, 2.17473, 1.39322, 1.13128, 0.659364
2.53909, 1.63755, 2.78262, 1.93672, 1.26903, 0.768734, 2.20143, 1.40465, 1.14632, 0.669244
2.55114, 1.64391, 2.78623, 1.93539, 1.28618, 0.779569, 2.22635, 1.41546, 1.16112, 0.678954
2.56248, 1.65034, 2.7895, 1.93424, 1.30316, 0.790271, 2.24958, 1.4257, 1.17569, 0.688495
2.57318, 1.65683, 2.79245, 1.93326, 1.31998, 0.800847, 2.27123, 1.43541, 1.19002, 0.697873
2.58333, 1.6634, 2.79514, 1.93242, 1.33665, 0.811302, 2.29139, 1.44461, 1.20414, 0.707089
2.59301, 1.67005, 2.79758, 1.9317, 1.35319, 0.821641, 2.31017, 1.45334, 1.21803, 0.716148
2.55485, 1.64487, 2.76474, 1.90838, 1.21608, 0.724625, 2.26479, 1.42394, 0.95557, 0.517652
2.45348, 1.59046, 2.68624, 1.85874, 1.40052, 0.868633, 2.11158, 1.35607, 1.101, 0.635315
2.46682, 1.59628, 2.71501, 1.88551, 1.4178, 0.879181, 2.13477, 1.36664, 1.1128, 0.643206
2.47823, 1.60071, 2.75098, 1.92243, 1.43459, 0.889263, 2.15603, 1.37599, 1.124, 0.65061
2.48893, 1.60509, 2.75479, 1.92107, 1.45133, 0.899282, 2.17612, 1.3849, 1.13498, 0.657861
2.49898, 1.60942, 2.7583, 1.91987, 1.46805, 0.909248, 2.19511, 1.39339, 1.14575, 0.66496
2.46561, 1.58735, 2.73063, 1.90004, 1.38144, 0.849187, 2.15474, 1.36686, 1.02618, 0.587961
2.4756, 1.5915, 2.73447, 1.89892, 1.39537, 0.857715, 2.17304, 1.37529, 1.03538, 0.594075
2.48501, 1.59558, 2.73802, 1.89794, 1.40918, 0.86614, 2.19037, 1.38334, 1.04438, 0.600047
2.49388, 1.59959, 2.74131, 1.89708, 1.42286, 0.874467, 2.20678, 1.39102, 1.05317, 0.605881
2.50224, 1.60353, 2.74437, 1.89632, 1.43643, 0.882701, 2.22232, 1.39835, 1.06176, 0.611578
2.51015, 1.60741, 2.74721, 1.89565, 1.44989, 0.890845, 2.23701, 1.40534, 1.07016, 0.617142
2.51765, 1.61122, 2.74986, 1.89507, 1.46325, 0.898906, 2.25092, 1.41202, 1.07836, 0.622574
2.52475, 1.61498, 2.75233, 1.89456, 1.47653, 0.906889, 2.26409, 1.4184, 1.08638, 0.627879
2.5315, 1.61867, 2.75464, 1.89411, 1.48973, 0.914799, 2.27654, 1.42449, 1.09421, 0.633058
2.53791, 1.6223, 2.7568, 1.89373, 1.50286, 0.922643, 2.28834, 1.43032, 1.10187, 0.638113
2.54402, 1.62587, 2.75883, 1.8934, 1.51594, 0.930427, 2.29951, 1.43589, 1.10934, 0.643048
2.52058, 1.61051, 2.73882, 1.87928, 1.45816, 0.891265, 2.27214, 1.4183, 1.02072, 0.58639
2.52659, 1.61379, 2.74103, 1.87895, 1.4694, 0.898079, 2.28298, 1.42375, 1.02728, 0.590743
2.53232, 1.61701, 2.74311, 1.87867, 1.48053, 0.904806, 2.29326, 1.42896, 1.03368, 0.594986
2.53779, 1.62016, 2.74507, 1.87843, 1.49155, 0.911451, 2.30302, 1.43396, 1.03992, 0.599122
2.543, 1.62326, 2.74691, 1.87823, 1.50247, 0.918017, 2.3123, 1.43875, 1.046, 0.603153
2.54799, 1.6263, 2.74865, 1.87806, 1.51329, 0.924508, 2.32112, 1.44333, 1.05194, 0.607082
2.55277, 1.62928, 2.75029, 1.87792, 1.52403, 0.930928, 2.3295, 1.44774, 1.05772, 0.61091
2.55734, 1.63221, 2.75184, 1.87781, 1.53469, 0.93728, 2.33747, 1.45196, 1.06336, 0.61464
2.56173, 1.63508, 2.75331, 1.87771, 1.54528, 0.94357, 2.34506, 1.45601, 1.06886, 0.618275
2.56594, 1.6379, 2.7547, 1.87764, 1.5558, 0.949801, 2.35229, 1.4599, 1.07421, 0.621816
2.54883, 1.62672, 2.73983, 1.86723, 1.51547, 0.922877, 2.33264, 1.44739, 1.00643, 0.578936
2.55292, 1.62928, 2.75543, 1.88579, 1.52471, 0.928418, 2.33964, 1.45115, 1.01121, 0.58211
2.55684, 1.6318, 2.75673, 1.88565, 1.53384, 0.933886, 2.34631, 1.45476, 1.01587, 0.5852
2.56061, 1.63426, 2.75798, 1.88553, 1.54288, 0.939284, 2.35268, 1.45824, 1.02041, 0.588207
2.56424, 1.63668, 2.75915, 1.88542, 1.55183, 0.944615, 2.35876, 1.46158, 1.02483, 0.591134
2.56772, 1.63905, 2.76027, 1.88533, 1.56069, 0.949881, 2.36456, 1.46479, 1.02913, 0.593983
2.57107, 1.64137, 2.76134, 1.88526, 1.56948, 0.955086, 2.37011, 1.46789, 1.03332, 0.596755
2.5743, 1.64364, 2.76235, 1.88519, 1.57819, 0.960232, 2.37541, 1.47087, 1.0374, 0.599453
2.57742, 1.64587, 2.76332, 1.88514, 1.58684, 0.965323, 2.38047, 1.47373, 1.04137, 0.602077
2.58042, 1.64805, 2.76424, 1.8851, 1.59542, 0.970363, 2.38532, 1.4765, 1.04523, 0.604631
2.5679, 1.63986, 2.75333, 1.87746, 1.56719, 0.95174, 2.37109, 1.46747, 0.993573, 0.572321
2.57078, 1.64185, 2.75429, 1.87741, 1.57484, 0.956276, 2.37576, 1.47011, 0.99707, 0.574638
2.57357, 1.6438, 2.75521, 1.87737, 1.5824, 0.960752, 2.38024, 1.47266, 1.00047, 0.576891
2.57625, 1.6457, 2.75608, 1.87735, 1.58989, 0.965169, 2.38453, 1.47512, 1.00378, 0.579083
2.57884, 1.64757, 2.75692, 1.87732, 1.59729, 0.969531, 2.38865, 1.47749, 1.007, 0.581213
2.58134, 1.64939, 2.75772, 1.87731, 1.60463, 0.973839, 2.39259, 1.47978, 1.01013, 0.583285
2.58376, 1.65118, 2.75849, 1.8773, 1.6119, 0.978096, 2.39638, 1.48199, 1.01317, 0.585299
2.58609, 1.65292, 2.75922, 1.8773, 1.61911, 0.982305, 2.40001, 1.48412, 1.01613, 0.587257
2.58834, 1.65463, 2.75992, 1.8773, 1.62625, 0.986467, 2.40349, 1.48617, 1.01901, 0.589161
2.59052, 1.6563, 2.76059, 1.8773, 1.63334, 0.990586, 2.40684, 1.48816, 1.02181, 0.591011
2.58134, 1.65029, 2.75252, 1.87166, 1.61348, 0.977611, 2.39646, 1.48159, 0.982584, 0.566747
2.58342, 1.65182, 2.7532, 1.87166, 1.61987, 0.981353, 2.39967, 1.48348, 0.985143, 0.568441
2.58544, 1.65331, 2.75386, 1.87167, 1.6262, 0.985047, 2.40276, 1.4853, 0.98763, 0.570088
2.58738, 1.65477, 2.75449, 1.87168, 1.63246, 0.988694, 2.40573, 1.48706, 0.990047, 0.571688
2.58926, 1.6562, 2.75509, 1.87169, 1.63866, 0.992296, 2.40858, 1.48877, 0.992396, 0.573242
2.59108, 1.65759, 2.75567, 1.8717, 1.6448, 0.995854, 2.41132, 1.49041, 0.994679, 0.574753
2.59284, 1.65895, 2.75623, 1.87172, 1.65088, 0.999371, 2.41396, 1.492, 0.996898, 0.57622
2.59455, 1.66028, 2.75676, 1.87174, 1.65691, 1.00285, 2.41651, 1.49354, 0.999054, 0.577646
2.5962, 1.66158, 2.75728, 1.87176, 1.66289, 1.00629, 2.41895, 1.49503, 1.00115, 0.579032
2.58925, 1.65703, 2.75112, 1.86747, 1.64831, 0.996829, 2.41111, 1.49007, 0.970458, 0.560273
2.59081, 1.65822, 2.75164, 1.86748, 1.65375, 0.999978, 2.41345, 1.49148, 0.972387, 0.561549
2.59233, 1.65939, 2.75213, 1.8675, 1.65914, 1.00309, 2.41571, 1.49284, 0.97426, 0.562788
2.5938, 1.66053, 2.75261, 1.86752, 1.66447, 1.00616, 2.41788, 1.49416, 0.97608, 0.563992
