0.491215
0.509121
0.52972
0.491983
0.563767
0.578595
0.594248
0.611219
0.546672
0.577845
0.600335
0.590167
0.580853
0.572467
0.503615
0.59941
0.594379
0.584894
0.583276
0.601576
0.609354
0.5893
0.602078
0.615975
0.625727
0.634851
0.620684
0.607213
0.625727
0.632493
0.639266
0.643381
0.632201
0.638982
0.62676
0.623305
0.624319
0.620388
0.627855
0.63377
0.639666
0.645561
0.636793
0.638646
0.644634
0.637177
0.648433
0.653658
0.656189
0.648852
0.652881
0.656872
0.660832
0.664768
0.660492
0.650169
0.657597
0.660783
0.663928
0.667037
0.670112
0.668794
0.658513
0.667988
0.670837
0.663645
0.662512
0.664263
0.663301
0.666267
0.668672
0.670621
0.665861
0.668163
0.663374
0.668827
0.670792
0.672722
0.674619
0.672872
0.672463
0.674258
0.676023
0.67676
0.676961
0.677981
0.675209
0.67671
0.678183
0.679628
0.679378
0.680349
0.68004
0.67899
0.680226
0.681437
0.682625
0.681451
0.68319
0.681834
