1.30108
0.861683
1.10975
1.00259
0.497975
0.519068
0.563046
0.655821
0.860622
1.24152
1.00146
0.556914
0.627313
0.765921
1.06799
1.20604
1.09437
1.20164
1.11828
1.19942
1.13928
1.19935
1.15733
1.20114
1.17267
1.20436
1.18568
1.2086
1.19678
1.21347
1.20634
1.21866
1.21468
1.22395
1.22206
1.22919
1.22864
1.23427
1.23458
1.23914
1.23998
1.24376
1.24491
1.24812
1.24944
1.25221
1.25361
1.25604
1.25746
1.25962
1.26102
1.26296
1.26432
1.26607
1.26738
1.26898
1.27023
1.27168
1.27287
1.27421
1.27533
1.27656
1.27762
1.27876
1.27975
1.2808
1.28174
1.28272
1.28359
1.2845
1.28532
1.28616
1.28693
1.28772
1.28844
1.28917
1.28984
1.29053
1.29116
1.29179
1.29239
1.29298
1.29353
1.29409
1.29461
1.29513
1.29562
1.2961
1.29656
1.29701
1.29744
1.29786
1.29826
1.29866
1.29904
1.29941
1.29976
1.30011
1.30044
1.30077
