0.971511
1.00882
1.00132
0.684203
0.86706
0.91292
0.964337
0.992726
1.01716
1.03818
1.05677
1.0725
1.08515
1.10118
1.11025
1.11862
1.12625
1.08748
1.03624
1.04514
1.05198
1.05836
1.06301
1.06764
1.07238
1.07741
1.08294
1.08933
1.0974
1.11055
1.1152
1.11965
1.12387
1.12786
1.10787
1.05826
1.06192
1.06479
1.06766
1.07057
1.07356
1.07666
1.07992
1.0834
1.08722
1.09155
1.09675
1.10399
1.10665
1.10924
1.11174
1.11417
1.11651
1.11876
1.12093
1.123
1.12499
1.12689
1.1287
1.13042
1.12288
1.09793
1.09981
1.10152
1.10318
1.1048
1.10637
1.10789
1.10937
1.1108
1.11218
1.11352
1.11482
1.11607
1.11727
1.11844
1.11956
1.12065
1.12169
1.1227
1.12367
1.1246
1.1255
1.12637
1.1272
1.128
1.12877
1.12951
1.13023
1.13092
1.13158
1.13221
1.1308
1.12106
1.1217
1.12233
1.12293
1.12351
1.12408
1.12462
