0.273685
0.288857
0.261312
0.228964
0.0432421
0.0686569
0.129313
0.278699
0.172097
0.0293387
0.0352853
0.0483499
0.0770909
0.140666
0.263879
0.205743
0.243649
0.264682
0.266763
0.236949
0.184849
0.264506
0.266846
0.240506
0.192083
0.266441
0.263404
0.255736
0.241857
0.266506
0.265668
0.266418
0.263254
0.256829
0.269517
0.236134
0.269759
0.269194
0.228758
0.250304
0.269827
0.275515
0.240155
0.240696
0.267354
0.275838
0.247359
0.277096
0.261164
0.274188
0.264127
0.277369
0.287728
0.256552
0.250614
0.282328
0.28873
0.266098
0.292772
0.285173
0.294185
0.28093
0.293956
0.313697
0.283087
0.296602
0.299939
0.31696
0.296246
0.32878
0.339376
0.317984
0.299199
0.326985
0.068051
0.0920253
0.129423
0.188279
0.260909
0.247139
0.291891
0.308994
0.290621
0.272408
0.312693
0.311688
0.303264
0.304439
0.318825
0.329371
0.316621
0.324
0.322523
0.345768
0.333903
0.337561
0.357191
0.344954
0.311832
0.364709
