0.41031
0.435187
0.417559
0.423629
0.311239
0.328774
0.387021
0.395181
0.404619
0.416256
0.403757
0.404882
0.418484
0.425836
0.412835
0.391024
0.12585
0.185531
0.244639
0.2406
0.286307
0.324335
0.339653
0.418888
0.413164
0.394933
0.409852
0.414193
0.41859
0.423042
0.427557
0.432146
0.436829
0.431518
0.434289
0.438619
0.443037
0.447582
0.451311
0.447642
0.444324
0.446113
0.450774
0.455897
0.461902
0.465011
0.468029
0.470954
0.473788
0.476367
0.471406
0.474011
0.476533
0.478974
0.481335
0.483619
0.48186
0.482746
0.482235
0.447583
0.460459
0.466797
0.468628
0.470406
0.47213
0.473803
0.475424
0.476996
0.478519
0.479994
0.481387
0.47836
0.47972
0.481038
0.481224
0.480796
0.481981
0.483128
0.484239
0.485316
0.486358
0.487367
0.487764
0.485505
0.477631
0.478961
0.479839
0.480691
0.481516
0.482316
0.483091
0.483842
0.484571
0.485277
0.485961
0.486624
0.486517
0.483722
0.485116
0.485702
