0.260006
0.309755
0.317357
0.327865
0.342291
0.362016
0.374567
0.365689
0.392482
0.428985
0.453011
0.442682
0.447008
0.418737
0.413014
0.449187
0.487013
0.486747
0.515906
0.552417
0.556267
0.563729
0.536074
0.589659
0.595057
0.613237
0.648771
0.506703
0.600679
0.622727
0.573958
0.594284
0.583056
0.635277
0.646694
0.66171
0.644774
0.633078
0.637257
0.653753
0.587834
0.647689
0.64971
0.65887
0.6646
0.66794
0.665177
0.660549
0.655361
0.66919
0.625667
0.667194
0.659464
0.655695
0.674666
0.673243
0.684701
0.676703
0.679372
0.673654
0.683673
0.685116
0.686779
0.682257
0.691534
0.691349
0.700496
0.697578
0.693234
0.696519
0.677088
0.685674
0.691318
0.691986
0.687543
0.68957
0.696686
0.697022
0.693698
0.694673
0.699259
0.695138
0.702574
0.703153
0.701636
0.698418
0.692066
0.696688
0.699861
0.702096
0.699843
0.699054
0.70391
0.70423
0.705805
0.704751
0.701885
0.705876
0.706888
0.70921
