0.679939
0.610357
0.403826
0.539515
0.768305
0.59232
0.853549
0.84608
0.977648
1.02337
0.940914
0.778829
0.829342
0.828087
0.866731
0.861558
0.914572
0.982526
0.960485
0.948993
0.989556
1.03315
0.988579
1.03569
1.09418
1.0821
1.08282
1.0575
1.1095
1.1665
1.14293
1.15632
1.22393
1.10235
1.07518
1.23622
1.21037
1.19676
1.1792
1.23808
1.24508
1.27778
1.25993
1.22741
1.26546
1.27465
1.3156
1.31395
1.29829
1.261
1.32299
1.30364
1.0525
1.13071
1.20543
1.19313
1.23251
1.22923
1.2169
1.24238
1.2527
1.26443
1.28581
1.28715
1.29408
1.2852
1.29262
1.28542
1.31659
1.30655
1.32937
1.30553
1.31593
1.30887
1.33655
1.32446
1.34827
1.34446
1.33007
1.23332
1.2625
1.28935
1.2829
1.3051
1.29639
1.31896
1.31115
1.32401
1.30846
1.31736
1.31329
1.33022
1.32271
1.33968
1.33515
1.32689
1.32574
1.3384
1.33402
1.34616
