0.637389
0.658786
0.686132
0.729991
0.725769
0.808966
0.83984
0.864533
0.888797
0.848969
0.870742
0.886889
0.902602
0.917949
0.933097
0.948344
0.96423
0.941293
0.928584
0.945044
0.956237
0.966912
0.977044
0.986625
0.99566
1.00417
1.01219
1.00153
0.969973
0.976888
0.983249
0.989105
0.994505
0.999498
1.00413
1.00844
1.01248
1.01627
1.01985
1.02325
1.02649
1.0296
1.02258
0.999126
1.0018
1.00432
1.00668
1.00891
1.01103
1.01305
1.01497
1.01681
1.01858
1.02027
1.02191
1.02349
1.02502
1.0265
1.02794
1.02934
1.0307
1.03202
1.03277
1.03241
1.03365
1.02875
1.01743
1.01846
1.01947
1.02044
1.02138
1.02229
1.02317
1.02403
1.02487
1.02568
1.02646
1.02723
1.02797
1.0287
1.0294
1.03008
1.03075
1.0314
1.03203
1.03265
1.03325
1.03383
1.03429
1.03402
1.03432
1.02606
1.02654
1.027
1.02746
1.0279
1.02832
1.02874
1.02914
1.02954
