0.0487735
0.0498467
0.0509871
0.0522085
0.0535311
0.0549867
0.0566321
0.0585892
0.0597224
0.0609085
0.0621624
0.0635078
0.0649879
0.0666939
0.0676179
0.0685357
0.0694463
0.0703489
0.0712426
0.0721265
0.0729998
0.0738617
0.0747117
0.0755489
0.076373
0.0771833
0.0779794
0.0787608
0.0795272
0.0802784
0.081014
0.0817339
0.082438
0.083126
0.0837981
0.0844541
0.0850942
0.0857184
0.0863267
0.0869194
0.0874966
0.0880585
0.0886053
0.0891373
0.0896547
0.0901578
0.0906469
0.0911223
0.0915843
0.0917655
0.0898275
0.0903175
0.0907946
0.0912591
0.0917113
0.0921515
0.09258
0.092997
0.0934028
0.0937978
0.0941822
0.0945564
0.0949206
0.0949401
0.093396
0.0937868
0.0941678
0.0945394
0.0949018
0.0952553
0.0956
0.0959363
0.0962643
0.0965844
0.0968967
0.0972016
0.0974991
0.0977896
0.0980732
0.0983502
0.098275
0.0971435
0.0974435
0.0977369
0.0980238
0.0983046
0.0985792
0.098848
0.0991111
0.0993687
0.0996209
0.0998679
0.10011
0.100347
0.100579
0.100807
0.10103
0.101249
0.101464
0.101675
