0.159356
0.162587
0.166194
0.168853
0.171559
0.174321
0.177153
0.180075
0.183118
0.186336
0.189832
0.18572
0.152337
0.18786
0.190704
0.193724
0.197025
0.200861
0.200692
0.18099
0.0969525
0.126295
0.167502
0.178576
0.180192
0.181815
0.183444
0.185082
0.186727
0.188382
0.190046
0.191721
0.192983
0.160935
0.175777
0.178436
0.196305
0.198043
0.199797
0.20157
0.200679
0.19506
0.201257
0.201025
0.198517
0.20017
0.201842
0.203537
0.205261
0.20702
0.208824
0.207297
0.205168
0.205304
0.196354
0.204164
0.20579
0.207448
0.209146
0.210895
0.212709
0.214608
0.2138
0.210401
0.208099
0.209779
0.210345
0.213142
0.215077
0.217173
0.214333
0.209717
0.209918
0.211704
0.213599
0.215657
0.217268
0.219001
0.220163
0.220021
0.222849
0.223975
0.224114
0.206289
0.216139
0.21834
0.219439
0.220532
0.221619
0.2227
0.223776
0.224848
0.225916
0.226701
0.217649
0.216413
0.221397
0.222415
0.223428
0.224437
