1.09564
1.25009
1.64893
1.62579
1.79657
1.7809
1.32307
1.76914
1.80121
1.88423
1.99374
1.69184
1.83086
1.6853
1.79999
1.8085
1.75994
1.96447
1.81533
2.03208
1.89494
2.03889
2.02366
2.13122
1.92959
1.80843
1.86971
1.75125
1.97269
1.73409
1.77797
1.9964
1.86174
2.0314
1.96163
2.11086
2.00617
2.15185
2.04553
2.16544
2.16385
2.24889
2.08497
1.9804
2.1197
2.11334
2.12667
2.17528
2.18528
2.11253
2.15569
2.10489
2.21327
2.2286
2.23833
2.23178
2.30677
2.31884
2.22699
2.20765
2.14931
2.19832
2.16909
2.24243
2.2192
2.26287
2.28195
2.22498
2.32612
2.28735
2.31759
2.32823
2.31344
2.28048
2.2705
2.33726
2.29063
2.20289
2.27704
2.25997
2.30928
2.31379
2.33764
2.33871
2.28531
2.3072
2.29067
2.33708
2.30588
2.35022
2.3409
2.32869
2.33895
2.30907
2.28678
2.33004
2.31037
2.33277
2.28877
2.33182
