2.9029
2.1197
1.64652
2.3446
2.54866
2.39474
2.55894
2.44523
2.56852
2.49244
2.5801
2.5344
2.59452
2.57066
2.61137
2.60175
2.62969
2.62862
2.64854
2.65217
2.66716
2.67313
2.68507
2.69202
2.70201
2.70919
2.71784
2.72487
2.73255
2.73924
2.74617
2.75244
2.75874
2.76457
2.77033
2.77574
2.78101
2.78601
2.79086
2.79548
2.79994
2.8042
2.80831
2.81224
2.81603
2.81966
2.82316
2.82652
2.82975
2.83285
2.83584
2.83871
2.84147
2.84413
2.84668
2.84914
2.85151
2.85379
2.85599
2.85811
2.86015
2.86211
2.864
2.86583
2.86759
2.86928
2.87092
2.8725
2.87402
2.87549
2.8769
2.87827
2.87959
2.88086
2.88209
2.88328
2.88442
2.88553
2.8866
2.88763
2.88863
2.8896
2.89053
2.89143
2.8923
2.89314
2.89395
2.89474
2.8955
2.89624
2.89695
2.89763
2.8983
2.89894
2.89957
2.90017
2.90075
2.90132
2.90186
2.90239
