0.605613
0.550185
0.228304
0.524692
0.507571
0.520711
0.511274
0.520329
0.549796
0.552511
0.477493
0.528308
0.536672
0.577208
0.558983
0.534521
0.54199
0.56679
0.590479
0.570536
0.611754
0.562585
0.596805
0.58877
0.598272
0.63811
0.62897
0.630784
0.635128
0.633758
0.629245
0.640978
0.644969
0.647959
0.633814
0.643159
0.647564
0.650418
0.635239
0.64146
0.647298
0.649039
0.65041
0.649214
0.646546
0.649461
0.651593
0.653697
0.655785
0.656966
0.648407
0.654252
0.65578
0.656774
0.654897
0.653878
0.655364
0.656988
0.6586
0.660208
0.660082
0.660261
0.661268
0.66202
0.662479
0.66152
0.653342
0.655924
0.656978
0.658062
0.65908
0.660115
0.66058
0.65922
0.660111
0.660823
0.660979
0.660279
0.655776
0.659674
0.66035
0.661007
0.661491
0.660751
0.661185
0.661767
0.662247
0.661742
0.66186
0.662376
0.662044
0.662106
0.662012
0.661744
0.662185
0.662613
0.662896
0.662378
0.662768
0.663147
