0.446146
0.454859
0.445175
0.459283
0.47684
0.472628
0.454023
0.474719
0.475597
0.482006
0.476337
0.458177
0.480218
0.489358
0.48848
0.479205
0.476344
0.489679
0.494769
0.49632
0.497815
0.499255
0.500641
0.501975
0.503259
0.504012
0.488268
0.486219
0.492798
0.494256
0.495353
0.496383
0.497255
0.498099
0.498917
0.499709
0.500476
0.501219
0.501938
0.502634
0.503309
0.503962
0.504595
0.505208
0.505801
0.506207
0.50376
0.504307
0.504837
0.505351
0.505849
0.505687
0.505068
0.505521
0.505961
0.506387
0.506799
0.507199
0.507586
0.507928
0.505661
0.50605
0.506396
0.506731
0.507055
0.50737
0.507675
0.50797
0.508257
0.508535
0.508804
0.509065
0.509318
0.509563
0.5098
0.509323
0.50786
0.508671
0.508881
0.509086
0.509284
0.509476
0.509662
0.509843
0.510018
0.510187
0.510352
0.510511
0.510666
0.510816
0.510962
0.510741
0.510214
0.510363
0.510508
0.510644
0.510765
0.510883
0.510997
0.511107
