2.96863
2.21227
1.45685
1.77662
2.59189
2.49276
2.60568
2.54032
2.62065
2.58307
2.63798
2.62031
2.65742
2.65246
2.67808
2.68042
2.69899
2.70509
2.71942
2.72717
2.73891
2.74715
2.7572
2.76535
2.77422
2.78199
2.78997
2.79724
2.80448
2.81124
2.81785
2.82408
2.83013
2.83588
2.84142
2.84671
2.8518
2.85667
2.86135
2.86583
2.87013
2.87425
2.87821
2.88201
2.88566
2.88916
2.89252
2.89575
2.89885
2.90183
2.9047
2.90745
2.9101
2.91265
2.91509
2.91745
2.91972
2.9219
2.924
2.92602
2.92797
2.92984
2.93165
2.93339
2.93507
2.93669
2.93824
2.93975
2.9412
2.94259
2.94394
2.94524
2.9465
2.94771
2.94888
2.95001
2.9511
2.95215
2.95316
2.95415
2.95509
2.95601
2.95689
2.95775
2.95857
2.95937
2.96014
2.96089
2.96161
2.96231
2.96298
2.96364
2.96427
2.96488
2.96547
2.96604
2.96659
2.96713
2.96764
2.96814
