4.34144, 0.919541, 0.659589, 2.27919, 4.49161, 1.14364, 1.14284, 3.28697, 2.64383, 1.60387, 2.67644, 1.30365, 4.65052, 2.07206, 3.56207, 1.8602, 2.1402, 3.44342, 3.28175, 1.71273
4.33916, 0.920155, 0.661287, 2.27841, 4.48944, 1.14392, 1.14384, 3.28569, 2.64339, 1.60091, 2.67551, 1.30482, 4.64876, 2.07147, 3.55667, 1.85751, 2.14062, 3.44156, 3.27626, 1.71006
4.33688, 0.920771, 0.662986, 2.27764, 4.48727, 1.1442, 1.14483, 3.2844, 2.64295, 1.59798, 2.6746, 1.30596, 4.647, 2.07087, 3.5512, 1.85478, 2.14105, 3.4397, 3.27077, 1.70738
4.33459, 0.921387, 0.664687, 2.27686, 4.48509, 1.14448, 1.14583, 3.28311, 2.64251, 1.59509, 2.6737, 1.30709, 4.64523, 2.07028, 3.54563, 1.852, 2.14147, 3.43784, 3.26527, 1.7047
4.3323, 0.922005, 0.66639, 2.27608, 4.48291, 1.14476, 1.14683, 3.28181, 2.64208, 1.59223, 2.67282, 1.30821, 4.64346, 2.06968, 3.53998, 1.84919, 2.1419, 3.43598, 3.25976, 1.70202
4.32603, 0.92993, 0.670461, 2.29591, 4.47614, 1.15247, 1.14814, 3.32068, 2.63626, 1.6055, 2.66771, 1.32059, 4.63452, 2.07698, 3.53172, 1.85989, 2.12284, 3.4652, 3.25232, 1.7135
4.32372, 0.930545, 0.672154, 2.29512, 4.47394, 1.15275, 1.14911, 3.3194, 2.63592, 1.60252, 2.66691, 1.32152, 4.63274, 2.07638, 3.52597, 1.85693, 2.12327, 3.46337, 3.24687, 1.71072
4.3214, 0.931161, 0.673848, 2.29432, 4.47174, 1.15302, 1.15008, 3.31811, 2.63558, 1.59957, 2.66612, 1.32243, 4.63096, 2.07577, 3.52012, 1.85392, 2.1237, 3.46154, 3.24141, 1.70793
4.31908, 0.931778, 0.675545, 2.29353, 4.46954, 1.1533, 1.15105, 3.31683, 2.63525, 1.59665, 2.66534, 1.32334, 4.62919, 2.07516, 3.51417, 1.85086, 2.12413, 3.45971, 3.23595, 1.70514
4.31675, 0.932396, 0.677243, 2.29273, 4.46733, 1.15357, 1.15202, 3.31554, 2.63492, 1.59378, 2.66457, 1.32422, 4.6274, 2.07455, 3.5081, 1.84773, 2.12456, 3.45788, 3.2305, 1.70236
4.31442, 0.933016, 0.678944, 2.29193, 4.46512, 1.15385, 1.153, 3.31425, 2.63459, 1.59094, 2.66381, 1.3251, 4.62562, 2.07395, 3.50192, 1.84455, 2.12499, 3.45604, 3.22504, 1.69957
4.31209, 0.933636, 0.680646, 2.29114, 4.46291, 1.15413, 1.15397, 3.31296, 2.63427, 1.58813, 2.66306, 1.32596, 4.62384, 2.07334, 3.4956, 1.8413, 2.12543, 3.4542, 3.21959, 1.69678
4.30975, 0.934258, 0.68235, 2.29034, 4.46069, 1.15441, 1.15495, 3.31167, 2.63395, 1.58536, 2.66232, 1.32682, 4.62205, 2.07273, 3.48915, 1.83798, 2.12586, 3.45236, 3.21414, 1.694
4.30741, 0.934881, 0.684056, 2.28954, 4.45847, 1.15468, 1.15592, 3.31038, 2.63364, 1.58262, 2.6616, 1.32766, 4.62026, 2.07212, 3.48256, 1.83458, 2.12629, 3.45052, 3.20869, 1.69122
4.30506, 0.935505, 0.685764, 2.28874, 4.45624, 1.15496, 1.1569, 3.30909, 2.63333, 1.57992, 2.66088, 1.32849, 4.61847, 2.0715, 3.4758, 1.83111, 2.12672, 3.44867, 3.20325, 1.68844
4.30271, 0.936131, 0.687474, 2.28794, 4.45402, 1.15524, 1.15788, 3.3078, 2.63302, 1.57726, 2.66017, 1.3293, 4.61668, 2.07089, 3.46887, 1.82754, 2.12716, 3.44683, 3.19782, 1.68566
4.30035, 0.936757, 0.689185, 2.28713, 4.45179, 1.15552, 1.15886, 3.30651, 2.63272, 1.57462, 2.65947, 1.33011, 4.61488, 2.07028, 3.46176, 1.82388, 2.12759, 3.44498, 3.19239, 1.68289
4.29409, 0.944758, 0.693136, 2.30705, 4.44501, 1.16331, 1.16001, 3.34599, 2.62701, 1.58786, 2.65438, 1.34257, 4.60594, 2.07767, 3.45369, 1.83484, 2.10863, 3.47464, 3.18514, 1.69457
4.29171, 0.945382, 0.694837, 2.30623, 4.44276, 1.16358, 1.16096, 3.3447, 2.6268, 1.58509, 2.65376, 1.34319, 4.60414, 2.07704, 3.44638, 1.83094, 2.10907, 3.47282, 3.17978, 1.69169
4.28544, 0.953387, 0.698733, 2.32626, 4.436, 1.17137, 1.16195, 3.38531, 2.62109, 1.59833, 2.64866, 1.35566, 4.5952, 2.08445, 3.43832, 1.84193, 2.08976, 3.50303, 3.17255, 1.70339
4.2697, 0.96799, 0.75683, 2.31127, 4.41917, 1.18507, 1.20825, 3.34852, 2.60231, 1.62939, 2.63235, 1.38423, 4.5733, 2.09537, 3.41465, 1.86396, 2.1235, 3.45342, 3.15061, 1.72832
4.26342, 0.976025, 0.76019, 2.33148, 4.41237, 1.19289, 1.20773, 3.38894, 2.59653, 1.64278, 2.62719, 1.39681, 4.56432, 2.10283, 3.40653, 1.87505, 2.10468, 3.48264, 3.14332, 1.74014
4.25713, 0.98407, 0.763545, 2.35182, 4.40558, 1.20072, 1.20714, 3.4307, 2.59075, 1.6562, 2.62202, 1.40942, 4.55534, 2.1103, 3.39841, 1.88617, 2.08548, 3.51256, 3.13601, 1.75198
4.25465, 0.984675, 0.76526, 2.35092, 4.40326, 1.20096, 1.20803, 3.42941, 2.59102, 1.65261, 2.62187, 1.40909, 4.55352, 2.10962, 3.39081, 1.88134, 2.08592, 3.5108, 3.13104, 1.74851
4.24838, 0.992713, 0.768513, 2.37133, 4.39648, 1.20879, 1.20712, 3.47224, 2.58524, 1.666, 2.6167, 1.42168, 4.54456, 2.11709, 3.38273, 1.89247, 2.06648, 3.54111, 3.12376, 1.76034
4.23241, 1.00749, 0.826092, 2.35446, 4.37941, 1.22265, 1.25123, 3.43351, 2.56562, 1.69837, 2.59977, 1.45118, 4.52228, 2.12817, 3.35827, 1.91518, 2.10004, 3.49137, 3.10101, 1.7861
4.22614, 1.01555, 0.828781, 2.37487, 4.37263, 1.23051, 1.24893, 3.47544, 2.55982, 1.71188, 2.59459, 1.46386, 4.51332, 2.13571, 3.35016, 1.92641, 2.08139, 3.52058, 3.09372, 1.79804
4.21988, 1.02363, 0.83147, 2.39538, 4.36587, 1.23838, 1.24658, 3.51873, 2.55402, 1.72542, 2.58941, 1.47656, 4.50437, 2.14328, 3.34207, 1.93767, 2.06246, 3.55045, 3.08644, 1.81001
4.21363, 1.03172, 0.834143, 2.41595, 4.35912, 1.24627, 1.24412, 3.56347, 2.54823, 1.73898, 2.58424, 1.48927, 4.49543, 2.15087, 3.33399, 1.94896, 2.04326, 3.58099, 3.07917, 1.822
4.2074, 1.03981, 0.836812, 2.4366, 4.35239, 1.25416, 1.24161, 3.6098, 2.54246, 1.75255, 2.57909, 1.50198, 4.4865, 2.15848, 3.32592, 1.96027, 2.02379, 3.61227, 3.07192, 1.834
4.20477, 1.04038, 0.838501, 2.4356, 4.34995, 1.25435, 1.24238, 3.60854, 2.54331, 1.748, 2.57954, 1.50035, 4.48464, 2.15772, 3.31843, 1.95425, 2.02423, 3.61062, 3.06756, 1.82977
4.20213, 1.04095, 0.840192, 2.4346, 4.34751, 1.25453, 1.24316, 3.60728, 2.54416, 1.74348, 2.57998, 1.49874, 4.48279, 2.15695, 3.31062, 1.94797, 2.02467, 3.60896, 3.06321, 1.82554
4.19949, 1.04153, 0.841885, 2.43359, 4.34506, 1.25472, 1.24393, 3.60602, 2.545, 1.73901, 2.58042, 1.49715, 4.48093, 2.15619, 3.30243, 1.94139, 2.02511, 3.6073, 3.05887, 1.82132
4.19684, 1.0421, 0.843581, 2.43259, 4.3426, 1.2549, 1.24471, 3.60477, 2.54583, 1.73458, 2.58085, 1.49558, 4.47907, 2.15542, 3.29381, 1.93447, 2.02554, 3.60564, 3.05454, 1.81711
4.19419, 1.04268, 0.845278, 2.43159, 4.34014, 1.25509, 1.24548, 3.60351, 2.54665, 1.73018, 2.58128, 1.49404, 4.47721, 2.15465, 3.28468, 1.92713, 2.02598, 3.60398, 3.05022, 1.81291
4.19153, 1.04325, 0.846977, 2.43058, 4.33768, 1.25528, 1.24626, 3.60225, 2.54746, 1.72583, 2.5817, 1.49252, 4.47534, 2.15389, 3.27492, 1.91929, 2.02642, 3.60231, 3.04591, 1.80872
4.18886, 1.04383, 0.848678, 2.42957, 4.33521, 1.25546, 1.24704, 3.60098, 2.54827, 1.72153, 2.58211, 1.49101, 4.47347, 2.15312, 3.26439, 1.91083, 2.02686, 3.60065, 3.04161, 1.80454
4.18618, 1.04441, 0.850382, 2.42856, 4.33274, 1.25565, 1.24782, 3.59972, 2.54907, 1.71726, 2.58252, 1.48953, 4.4716, 2.15235, 3.25286, 1.90157, 2.0273, 3.59898, 3.03732, 1.80037
4.1835, 1.04499, 0.852087, 2.42755, 4.33026, 1.25584, 1.24859, 3.59846, 2.54986, 1.71304, 2.58293, 1.48807, 4.46973, 2.15157, 3.23996, 1.89121, 2.02774, 3.59731, 3.03305, 1.79621
4.16672, 1.05848, 0.897809, 2.41127, 4.3126, 1.26823, 1.28038, 3.57023, 2.51329, 1.74507, 2.5546, 1.51923, 4.44772, 2.16062, 3.21277, 1.91128, 2.05855, 3.55707, 3.00544, 1.81911
4.16398, 1.05906, 0.899564, 2.41022, 4.31008, 1.2684, 1.28117, 3.56894, 2.51451, 1.7406, 2.55539, 1.51737, 4.44583, 2.15982, 3.19719, 1.89768, 2.05899, 3.55536, 3.00144, 1.81471
4.16123, 1.05964, 0.901322, 2.40917, 4.30755, 1.26857, 1.28196, 3.56765, 2.51572, 1.73617, 2.55617, 1.51553, 4.44394, 2.15903, 3.19262, 1.89369, 2.05942, 3.55364, 2.99745, 1.81034
4.14425, 1.07313, 0.948639, 2.39218, 4.2897, 1.28097, 1.31427, 3.53853, 2.4804, 1.76766, 2.52769, 1.54616, 4.42172, 2.16806, 3.16513, 1.91421, 2.09061, 3.51181, 2.96958, 1.83353
4.14144, 1.07371, 0.950451, 2.39108, 4.28713, 1.28113, 1.31506, 3.53721, 2.48199, 1.76303, 2.52884, 1.54395, 4.41981, 2.16724, 3.16072, 1.91001, 2.09105, 3.51004, 2.9659, 1.82893
4.13862, 1.07428, 0.952266, 2.38998, 4.28455, 1.28129, 1.31586, 3.53588, 2.48356, 1.75844, 2.52998, 1.54176, 4.4179, 2.16642, 3.15631, 1.9058, 2.09148, 3.50827, 2.96222, 1.82434
4.1358, 1.07486, 0.954083, 2.38888, 4.28196, 1.28145, 1.31666, 3.53456, 2.48512, 1.75388, 2.53111, 1.53961, 4.41599, 2.16559, 3.1519, 1.90159, 2.09191, 3.5065, 2.95856, 1.81977
4.11861, 1.08835, 1.00328, 2.37106, 4.26393, 1.29382, 1.34958, 3.50444, 2.45187, 1.78523, 2.50317, 1.56964, 4.39359, 2.1746, 3.12408, 1.92243, 2.1236, 3.46285, 2.93048, 1.84333
4.11572, 1.08892, 1.00516, 2.36991, 4.26129, 1.29397, 1.35039, 3.50309, 2.45376, 1.78049, 2.50464, 1.56714, 4.39166, 2.17375, 3.11986, 1.91801, 2.12403, 3.46102, 2.92714, 1.83854
4.11282, 1.08949, 1.00704, 2.36876, 4.25865, 1.29411, 1.3512, 3.50173, 2.45564, 1.77578, 2.50609, 1.56466, 4.38973, 2.17289, 3.11563, 1.91359, 2.12446, 3.45919, 2.92381, 1.83377
4.10991, 1.09007, 1.00893, 2.3676, 4.256, 1.29426, 1.35201, 3.50037, 2.4575, 1.77111, 2.50753, 1.56221, 4.3878, 2.17203, 3.1114, 1.90917, 2.12489, 3.45735, 2.9205, 1.82903
4.09252, 1.10356, 1.06031, 2.34888, 4.23778, 1.30663, 1.38567, 3.46917, 2.42548, 1.80309, 2.4801, 1.59214, 4.36519, 2.18103, 3.08319, 1.93043, 2.15726, 3.41168, 2.89211, 1.85308
4.08954, 1.10413, 1.06227, 2.34766, 4.23508, 1.30676, 1.38649, 3.46777, 2.42763, 1.79825, 2.48186, 1.58937, 4.36324, 2.18014, 3.07917, 1.92581, 2.15768, 3.40978, 2.88913, 1.84812
4.08655, 1.1047, 1.06423, 2.34645, 4.23237, 1.30689, 1.38731, 3.46638, 2.42977, 1.79345, 2.4836, 1.58662, 4.36129, 2.17926, 3.07516, 1.92118, 2.15811, 3.40788, 2.88616, 1.84319
4.08355, 1.10527, 1.06619, 2.34523, 4.22966, 1.30702, 1.38813, 3.46499, 2.43189, 1.78868, 2.48533, 1.58392, 4.35933, 2.17837, 3.07115, 1.91655, 2.15853, 3.40598, 2.8832, 1.83827
4.08054, 1.10584, 1.06815, 2.34401, 4.22694, 1.30715, 1.38895, 3.46359, 2.434, 1.78394, 2.48703, 1.58124, 4.35737, 2.17748, 3.06713, 1.91192, 2.15896, 3.40407, 2.88026, 1.83338
4.07752, 1.10642, 1.07012, 2.34279, 4.22421, 1.30729, 1.38977, 3.46219, 2.43609, 1.77924, 2.48871, 1.5786, 4.3554, 2.17659, 3.06312, 1.90729, 2.15939, 3.40216, 2.87733, 1.82852
4.0599, 1.11989, 1.12418, 2.32283, 4.20578, 1.31962, 1.42425, 3.42969, 2.40511, 1.81229, 2.462, 1.60863, 4.3326, 2.18554, 3.03453, 1.92906, 2.19252, 3.35407, 2.84869, 1.85316
4.0568, 1.12046, 1.12623, 2.32154, 4.203, 1.31973, 1.42508, 3.42826, 2.40746, 1.80742, 2.46399, 1.60567, 4.33062, 2.18462, 3.03076, 1.92423, 2.19294, 3.35209, 2.84611, 1.84809
4.05369, 1.12103, 1.12829, 2.32024, 4.20021, 1.31985, 1.42592, 3.42682, 2.4098, 1.80259, 2.46595, 1.60274, 4.32864, 2.18369, 3.027, 1.9194, 2.19336, 3.3501, 2.84354, 1.84305
4.05057, 1.1216, 1.13035, 2.31895, 4.19741, 1.31997, 1.42675, 3.42538, 2.41212, 1.79778, 2.46788, 1.59985, 4.32665, 2.18277, 3.02324, 1.91458, 2.19379, 3.34812, 2.84099, 1.83803
4.04744, 1.12218, 1.13241, 2.31765, 4.19461, 1.32008, 1.42759, 3.42394, 2.41442, 1.79301, 2.4698, 1.59699, 4.32466, 2.18185, 3.01948, 1.90976, 2.19421, 3.34613, 2.83845, 1.83303
4.0443, 1.12276, 1.13448, 2.31634, 4.1918, 1.3202, 1.42842, 3.4225, 2.41671, 1.78827, 2.47169, 1.59416, 4.32267, 2.18092, 3.01573, 1.90495, 2.19463, 3.34414, 2.83592, 1.82807
4.04115, 1.12334, 1.13655, 2.31504, 4.18898, 1.32032, 1.42926, 3.42106, 2.41899, 1.78356, 2.47356, 1.59137, 4.32067, 2.17999, 3.01198, 1.90014, 2.19506, 3.34215, 2.83341, 1.82313
4.03799, 1.12392, 1.13863, 2.31373, 4.18615, 1.32043, 1.4301, 3.41962, 2.42125, 1.77889, 2.47541, 1.58861, 4.31867, 2.17906, 3.00824, 1.89534, 2.19548, 3.34015, 2.83091, 1.81822
4.02007, 1.13736, 1.19478, 2.29259, 4.16745, 1.33271, 1.46549, 3.38555, 2.39003, 1.81338, 2.44883, 1.61915, 4.29565, 2.18791, 2.97913, 1.91767, 2.22879, 3.29024, 2.8018, 1.84351
4.01682, 1.13793, 1.19695, 2.2912, 4.16456, 1.33281, 1.46634, 3.38406, 2.39254, 1.80853, 2.45097, 1.61607, 4.29363, 2.18695, 2.97567, 1.91267, 2.2292, 3.28816, 2.79967, 1.8384
4.01356, 1.13851, 1.19913, 2.2898, 4.16167, 1.33291, 1.46719, 3.38258, 2.39503, 1.80372, 2.45309, 1.61303, 4.29161, 2.18599, 2.97221, 1.90768, 2.22962, 3.28608, 2.79755, 1.83332
4.01028, 1.13909, 1.20131, 2.28841, 4.15876, 1.33301, 1.46805, 3.38109, 2.3975, 1.79894, 2.45518, 1.61003, 4.28958, 2.18503, 2.96877, 1.9027, 2.23004, 3.284, 2.79545, 1.82826
4.00699, 1.13967, 1.2035, 2.28701, 4.15585, 1.33311, 1.4689, 3.3796, 2.39996, 1.79418, 2.45724, 1.60706, 4.28756, 2.18406, 2.96532, 1.89772, 2.23046, 3.28191, 2.79335, 1.82324
4.00369, 1.14025, 1.20569, 2.2856, 4.15293, 1.33321, 1.46975, 3.37811, 2.4024, 1.78946, 2.45929, 1.60412, 4.28552, 2.1831, 2.96189, 1.89276, 2.23088, 3.27982, 2.79127, 1.81825
4.00037, 1.14084, 1.20789, 2.2842, 4.15, 1.33331, 1.47061, 3.37662, 2.40483, 1.78477, 2.46131, 1.60122, 4.28349, 2.18213, 2.95846, 1.88781, 2.2313, 3.27773, 2.7892, 1.81329
3.99704, 1.14142, 1.21009, 2.28279, 4.14707, 1.33341, 1.47146, 3.37513, 2.40723, 1.78012, 2.46331, 1.59835, 4.28145, 2.18116, 2.95504, 1.88287, 2.23172, 3.27563, 2.78715, 1.80837
3.9937, 1.14201, 1.2123, 2.28138, 4.14412, 1.33351, 1.47232, 3.37364, 2.40963, 1.77549, 2.46528, 1.59551, 4.27941, 2.18018, 2.95163, 1.87794, 2.23214, 3.27353, 2.78511, 1.80347
3.99034, 1.14261, 1.21451, 2.27996, 4.14116, 1.33361, 1.47318, 3.37214, 2.412, 1.7709, 2.46723, 1.59271, 4.27737, 2.17921, 2.94823, 1.87303, 2.23256, 3.27143, 2.78308, 1.79861
3.98697, 1.1432, 1.21673, 2.27854, 4.1382, 1.33371, 1.47403, 3.37064, 2.41436, 1.76634, 2.46916, 1.58994, 4.27532, 2.17824, 2.94484, 1.86813, 2.23299, 3.26932, 2.78107, 1.79378
3.98359, 1.1438, 1.21895, 2.27712, 4.13523, 1.33381, 1.47489, 3.36915, 2.4167, 1.76182, 2.47107, 1.5872, 4.27327, 2.17726, 2.94146, 1.86325, 2.23341, 3.26721, 2.77907, 1.78899
3.96949, 1.14515, 1.176, 2.23522, 4.12163, 1.33438, 1.46188, 3.34765, 2.38983, 1.75822, 2.4446, 1.58595, 4.26056, 2.17505, 2.92115, 1.86031, 2.21835, 3.25305, 2.75702, 1.78626
3.96603, 1.14576, 1.17825, 2.23389, 4.11861, 1.33449, 1.46276, 3.34615, 2.39245, 1.75381, 2.44682, 1.58328, 4.25849, 2.17405, 2.91794, 1.8554, 2.2188, 3.25093, 2.75528, 1.78149
3.95195, 1.14701, 1.13461, 2.1927, 4.10505, 1.33497, 1.44961, 3.32479, 2.36578, 1.75009, 2.42052, 1.58182, 4.24584, 2.1718, 2.89773, 1.85238, 2.20378, 3.23689, 2.73334, 1.77865
3.94842, 1.14764, 1.13688, 2.19147, 4.10197, 1.33507, 1.45051, 3.32329, 2.36867, 1.7458, 2.42305, 1.57923, 4.24375, 2.17079, 2.89469, 1.84744, 2.20425, 3.23475, 2.73187, 1.77392
3.93437, 1.14879, 1.09263, 2.15094, 4.08845, 1.33547, 1.43726, 3.30206, 2.34218, 1.74195, 2.3969, 1.57757, 4.23117, 2.1685, 2.87457, 1.84434, 2.18927, 3.22082, 2.71004, 1.77098
3.93076, 1.14944, 1.0949, 2.1498, 4.08532, 1.33558, 1.43818, 3.30056, 2.34533, 1.73778, 2.39972, 1.57505, 4.22906, 2.16747, 2.87173, 1.83939, 2.18977, 3.21867, 2.70883, 1.76628
3.91674, 1.15048, 1.05013, 2.10986, 4.07183, 1.33589, 1.42482, 3.27947, 2.319, 1.73379, 2.37372, 1.57319, 4.21654, 2.16513, 2.85169, 1.8362, 2.17485, 3.20485, 2.6871, 1.76323
3.91304, 1.15115, 1.05239, 2.10881, 4.06865, 1.336, 1.42577, 3.27796, 2.3224, 1.72975, 2.37681, 1.57075, 4.2144, 2.1641, 2.84904, 1.83124, 2.17537, 3.20268, 2.68617, 1.75859
3.89904, 1.1521, 1.00718, 2.06936, 4.05519, 1.33622, 1.41233, 3.25701, 2.29623, 1.72562, 2.35094, 1.56869, 4.20194, 2.16172, 2.82909, 1.82796, 2.1605, 3.18896, 2.66453, 1.75543
3.89525, 1.15279, 1.00944, 2.0684, 4.05195, 1.33634, 1.4133, 3.25551, 2.29986, 1.72171, 2.3543, 1.56633, 4.19978, 2.16066, 2.82664, 1.82301, 2.16104, 3.18678, 2.66387, 1.75084
3.89143, 1.15348, 1.0117, 2.06743, 4.04869, 1.33645, 1.41426, 3.254, 2.30346, 1.71782, 2.35762, 1.56399, 4.19762, 2.15961, 2.82421, 1.81809, 2.16159, 3.18459, 2.66321, 1.74629
3.87748, 1.15428, 0.966002, 2.02855, 4.0353, 1.33655, 1.40083, 3.23339, 2.27771, 1.71353, 2.33212, 1.56166, 4.18526, 2.15717, 2.80443, 1.8147, 2.14687, 3.17106, 2.6418, 1.74301
3.87358, 1.15499, 0.968245, 2.02768, 4.03198, 1.33667, 1.40181, 3.23188, 2.28154, 1.70977, 2.33569, 1.55941, 4.18308, 2.1561, 2.80222, 1.80979, 2.14744, 3.16886, 2.64141, 1.73852
3.85965, 1.1557, 0.922425, 1.98894, 4.01862, 1.33669, 1.38834, 3.2114, 2.25589, 1.70534, 2.31029, 1.55689, 4.17077, 2.15361, 2.7825, 1.80631, 2.13279, 3.15541, 2.62008, 1.73512
3.85564, 1.15644, 0.924646, 1.98815, 4.01523, 1.33681, 1.38935, 3.20989, 2.25993, 1.70171, 2.3141, 1.55472, 4.16856, 2.15252, 2.78051, 1.80142, 2.13339, 3.1532, 2.61996, 1.7307
3.8516, 1.15718, 0.926871, 1.98735, 4.01183, 1.33693, 1.39036, 3.20838, 2.26395, 1.6981, 2.31787, 1.55257, 4.16635, 2.15143, 2.77853, 1.79657, 2.13399, 3.15098, 2.61985, 1.72633
3.83771, 1.15775, 0.881104, 1.94855, 3.99853, 1.33683, 1.37693, 3.18823, 2.23866, 1.69349, 2.29279, 1.54978, 4.15414, 2.14889, 2.75897, 1.79297, 2.1195, 3.1377, 2.59871, 1.72279
3.83357, 1.15852, 0.883303, 1.94784, 3.99506, 1.33695, 1.37796, 3.18672, 2.24287, 1.69002, 2.29679, 1.54772, 4.1519, 2.14778, 2.75722, 1.78815, 2.12013, 3.13547, 2.59887, 1.7185
3.82939, 1.15929, 0.885507, 1.94712, 3.99157, 1.33708, 1.379, 3.18521, 2.24706, 1.68656, 2.30075, 1.54568, 4.14966, 2.14667, 2.75548, 1.78336, 2.12075, 3.13324, 2.59903, 1.71424
3.81554, 1.15971, 0.840142, 1.90785, 3.97833, 1.33686, 1.36565, 3.16537, 2.22209, 1.68177, 2.27595, 1.54263, 4.13754, 2.14406, 2.73606, 1.77964, 2.10643, 3.12011, 2.57807, 1.71056
3.81125, 1.16052, 0.842317, 1.90721, 3.97477, 1.33699, 1.36671, 3.16386, 2.22646, 1.67844, 2.28012, 1.54068, 4.13527, 2.14294, 2.73456, 1.7749, 2.10708, 3.11787, 2.5785, 1.70639
3.80707, 1.17768, 0.854472, 1.91886, 3.96913, 1.35464, 1.39271, 3.17748, 2.23376, 1.6984, 2.28636, 1.5599, 4.12323, 2.16541, 2.73829, 1.79828, 2.14259, 3.15195, 2.58337, 1.72841
3.80268, 1.17845, 0.856658, 1.9182, 3.96553, 1.35473, 1.39375, 3.17596, 2.238, 1.69489, 2.29041, 1.55773, 4.12098, 2.16425, 2.73678, 1.79339, 2.14317, 3.14972, 2.58372, 1.72406
3.79826, 1.17922, 0.858848, 1.91753, 3.96191, 1.35481, 1.39479, 3.17443, 2.24221, 1.6914, 2.29443, 1.55558, 4.11872, 2.16309, 2.73528, 1.78854, 2.14377, 3.1475, 2.58407, 1.71976
