0.348759
0.369619
0.391438
0.395023
0.374831
0.405302
0.41759
0.408302
0.399333
0.397029
0.388859
0.394293
0.375176
0.396653
0.408554
0.41945
0.429349
0.413987
0.411888
0.42047
0.428228
0.430517
0.414649
0.421503
0.427688
0.433277
0.43835
0.442984
0.447249
0.437579
0.436119
0.440012
0.4436
0.446933
0.44366
0.443334
0.446561
0.449578
0.441609
0.441265
0.44403
0.44662
0.449056
0.45136
0.453547
0.446858
0.44688
0.448891
0.4508
0.449814
0.448557
0.450385
0.452125
0.453786
0.449812
0.448733
0.450257
0.451712
0.453105
0.45444
0.455033
0.452809
0.454073
0.451594
0.450233
0.451392
0.452503
0.45357
0.454596
0.455583
0.45416
0.452483
0.453387
0.454257
0.455096
0.455904
0.456684
0.455084
0.454278
0.454992
0.45568
0.456345
0.456988
0.455544
0.454916
0.455504
0.456072
0.456621
0.457152
0.457666
0.456561
0.456661
0.457135
0.457594
0.456982
0.4567
0.457123
0.457532
0.457307
0.456211
