0.0744577
0.249702
0.297375
0.361586
0.147717
0.305421
0.486492
0.485352
0.468322
0.531516
0.276414
0.341462
0.455708
0.602134
0.386785
0.592893
0.566081
0.413522
0.52342
0.508078
0.546754
0.608437
0.577214
0.688572
0.631737
0.547727
0.599964
0.573253
0.664465
0.652114
0.684063
0.662688
0.707706
0.726754
0.746505
0.746844
0.73559
0.2865
0.383885
0.518199
0.652353
0.660883
0.631722
0.68582
0.70079
0.709353
0.722671
0.724234
0.707452
0.726032
0.730744
0.722555
0.722701
0.654787
0.721722
0.729756
0.731625
0.730307
0.733979
0.737568
0.73638
0.73889
0.742187
0.745407
0.74855
0.751618
0.74948
0.733458
0.737547
0.750942
0.75356
0.756113
0.758603
0.755698
0.759713
0.7606
0.759512
0.761656
0.763746
0.765783
0.76245
0.766754
0.768388
0.769372
0.771135
0.769882
0.770114
0.770102
0.771662
0.77318
0.774657
0.776096
0.777496
0.777049
0.7782
0.779484
0.779348
0.77935
0.780524
0.781667
