0.52081
0.455076
0.244292
0.429387
0.115513
0.133006
0.273925
0.391121
0.410091
0.419439
0.402712
0.419057
0.410171
0.208237
0.0789862
0.128254
0.216009
0.37479
0.39236
0.390988
0.393882
0.407102
0.427466
0.431426
0.418194
0.416271
0.432097
0.441021
0.453175
0.45252
0.457322
0.467464
0.45456
0.485589
0.467575
0.476987
0.496926
0.490899
0.489894
0.486086
0.494872
0.496041
0.496831
0.497605
0.498362
0.496991
0.497762
0.498786
0.499429
0.49678
0.505583
0.506163
0.506
0.505571
0.506134
0.506685
0.507224
0.506292
0.501069
0.505787
0.506438
0.507089
0.507742
0.507576
0.507629
0.505301
0.508814
0.509412
0.509805
0.51019
0.510565
0.510859
0.508756
0.507295
0.509262
0.509705
0.510144
0.510577
0.511006
0.511432
0.511855
0.511329
0.511641
0.509703
0.510974
0.511321
0.511663
0.512001
0.512334
0.511037
0.512929
0.513239
0.513017
0.513168
0.513456
0.513652
0.513843
0.513645
0.512915
0.513625
