2.56627, 2.58943, 2.33456, 4.3933, 3.06645, 3.30872, 4.32767, 3.88123, 1.74192, 1.97036, 5.30977, 4.98984, 3.32382, 3.08286, 4.0007, 4.09927, 4.33169, 3.96765, 4.16607, 4.2756, 4.49909, 4.19039, 4.54978, 4.35941, 3.26148, 3.08868, 4.82118, 4.45808, 5.8918, 5.56617
2.54673, 2.66382, 2.26017, 4.53819, 3.02451, 3.38804, 4.26563, 3.93067, 1.74328, 2.03694, 5.24104, 5.0064, 3.28446, 3.15217, 3.92946, 4.15853, 4.26738, 4.01673, 4.09037, 4.3284, 4.43062, 4.23369, 4.47765, 4.39974, 3.22263, 3.15946, 4.7514, 4.49088, 5.83047, 5.56925
2.61671, 2.65293, 2.30397, 4.50814, 3.09588, 3.35593, 4.33343, 3.84468, 1.79928, 2.03855, 5.2546, 4.92894, 3.36844, 3.11888, 3.98788, 4.09228, 4.33035, 3.93304, 4.14182, 4.25855, 4.48108, 4.14895, 4.5212, 4.31839, 3.30442, 3.12753, 4.78586, 4.40455, 5.82956, 5.50352
2.56628, 2.60541, 2.28438, 4.46652, 3.05937, 3.31804, 4.30349, 3.81982, 1.72034, 1.95471, 5.23218, 4.90883, 3.3289, 3.08497, 3.9596, 4.06448, 4.30109, 3.90806, 4.11489, 4.23196, 4.45358, 4.12486, 4.49489, 4.29447, 3.26484, 3.0927, 4.76031, 4.38224, 5.80983, 5.4856
2.54442, 2.69884, 2.68385, 4.10601, 2.99845, 3.42412, 4.22735, 3.8723, 1.72575, 2.03209, 5.15439, 4.92389, 3.27566, 3.17094, 3.86747, 4.1266, 4.22222, 3.9597, 4.02061, 4.28535, 4.37145, 4.16918, 4.40919, 4.33484, 3.21205, 3.1814, 4.67905, 4.41485, 5.74156, 5.48657
2.50048, 2.76439, 2.56374, 4.15126, 2.92807, 3.47412, 4.17221, 3.8891, 1.71297, 2.0995, 5.10879, 4.92314, 3.21813, 3.21407, 3.80256, 4.14274, 4.16616, 3.97525, 3.95783, 4.29693, 4.31633, 4.18036, 4.35379, 4.34323, 3.15346, 3.22627, 4.62769, 4.421, 5.70269, 5.48138
2.45599, 2.8306, 2.43058, 4.19909, 2.85621, 3.52486, 4.11767, 3.9057, 1.70018, 2.16688, 5.06404, 4.92241, 3.16043, 3.25719, 3.73789, 4.15875, 4.11069, 3.99061, 3.89544, 4.30839, 4.26187, 4.19139, 4.29907, 4.3515, 3.09457, 3.27123, 4.5771, 4.42705, 5.66466, 5.4763
2.52911, 2.77628, 2.4708, 4.1513, 2.90809, 3.46403, 4.14957, 3.82225, 1.77807, 2.14404, 5.06498, 4.85404, 3.2177, 3.18393, 3.76939, 4.08854, 4.14066, 3.90951, 3.92242, 4.23812, 4.28525, 4.11232, 4.31915, 4.27582, 3.15192, 3.20023, 4.59082, 4.3496, 5.65644, 5.41855
2.51143, 2.84043, 2.41703, 4.25383, 2.8723, 3.53441, 4.09992, 3.86615, 1.77836, 2.20099, 5.00673, 4.87193, 3.18492, 3.24316, 3.71092, 4.14374, 4.08893, 3.95364, 3.85979, 4.28857, 4.2296, 4.15256, 4.25983, 4.31437, 3.11942, 3.26095, 4.53329, 4.38143, 5.60383, 5.42368
2.58034, 2.78732, 2.45412, 4.20931, 2.92083, 3.47691, 4.13112, 3.78708, 1.85308, 2.17722, 5.00874, 4.8067, 3.23901, 3.17323, 3.74111, 4.0779, 4.11823, 3.87694, 3.88592, 4.22267, 4.25281, 4.0778, 4.27991, 4.24288, 3.1735, 3.19325, 4.54758, 4.30788, 5.59676, 5.36842
2.60317, 2.80683, 2.48573, 4.22408, 2.94906, 3.49779, 4.16545, 3.82134, 1.8722, 2.19351, 5.07762, 4.86832, 3.26531, 3.19718, 3.77868, 4.10579, 4.15399, 3.91102, 3.92648, 4.25218, 4.29247, 4.11425, 4.32305, 4.27969, 3.19989, 3.21663, 4.59344, 4.35104, 5.79006, 5.5328
2.56299, 2.86105, 2.35642, 4.26443, 2.88694, 3.54035, 4.1191, 3.83649, 1.85693, 2.25198, 5.03885, 4.8682, 3.21667, 3.23318, 3.723, 4.12043, 4.1067, 3.92515, 3.87259, 4.263, 4.24573, 4.12473, 4.27587, 4.28779, 3.15008, 3.25411, 4.54976, 4.35717, 5.75811, 5.52827
2.61371, 2.84996, 2.39172, 4.24239, 2.93531, 3.51698, 4.17346, 3.77803, 1.89955, 2.25091, 5.05358, 4.80971, 3.27552, 3.20848, 3.76699, 4.07686, 4.15732, 3.86829, 3.91304, 4.21635, 4.28846, 4.06582, 4.31339, 4.23082, 3.20718, 3.23025, 4.58178, 4.29444, 5.75842, 5.47916
2.57998, 2.81504, 2.37501, 4.21087, 2.9102, 3.48757, 4.15079, 3.7588, 1.85075, 2.19556, 5.03654, 4.79419, 3.24715, 3.18243, 3.74603, 4.05496, 4.1352, 3.84889, 3.89293, 4.19542, 4.26759, 4.04707, 4.29344, 4.21215, 3.17896, 3.20347, 4.56229, 4.2771, 5.74378, 5.46575
2.54667, 2.78055, 2.35864, 4.18, 2.88557, 3.45872, 4.12867, 3.74002, 1.80131, 2.13946, 5.01994, 4.77907, 3.21932, 3.15688, 3.72556, 4.03357, 4.1136, 3.82995, 3.8733, 4.17498, 4.24724, 4.02878, 4.27398, 4.19394, 3.15128, 3.1772, 4.5433, 4.2602, 5.72955, 5.45272
2.53212, 2.83224, 2.30981, 4.2653, 2.85693, 3.51593, 4.08998, 3.77581, 1.80124, 2.18537, 4.97301, 4.79484, 3.19324, 3.20442, 3.67971, 4.07905, 4.07323, 3.8661, 3.82413, 4.21703, 4.20365, 4.06225, 4.2273, 4.22638, 3.12538, 3.226, 4.49782, 4.28732, 5.68785, 5.45627
2.57674, 2.82298, 2.34084, 4.24618, 2.89971, 3.49584, 4.14044, 3.72464, 1.83842, 2.18507, 4.9878, 4.74222, 3.24534, 3.18335, 3.71947, 4.04137, 4.12012, 3.81638, 3.861, 4.17655, 4.24363, 4.01044, 4.26245, 4.17626, 3.1759, 3.20565, 4.52852, 4.23145, 5.68903, 5.41181
2.54646, 2.79147, 2.32629, 4.21796, 2.87733, 3.46943, 4.12005, 3.70747, 1.79291, 2.13332, 4.97245, 4.72827, 3.21995, 3.16002, 3.70071, 4.02169, 4.10022, 3.79903, 3.84299, 4.15772, 4.22485, 3.99364, 4.24451, 4.1595, 3.15066, 3.18164, 4.51096, 4.2159, 5.67589, 5.39979
2.51661, 2.76039, 2.31206, 4.19035, 2.85539, 3.44356, 4.10014, 3.69073, 1.74681, 2.0809, 4.95752, 4.7147, 3.19508, 3.13716, 3.6824, 4.00248, 4.0808, 3.78211, 3.82542, 4.13936, 4.20654, 3.97726, 4.22701, 4.14316, 3.12592, 3.15811, 4.49386, 4.20075, 5.6631, 5.38809
2.50427, 2.80618, 2.26518, 4.26672, 2.83051, 3.49449, 4.06662, 3.7228, 1.74746, 2.1208, 4.91585, 4.7299, 3.1724, 3.17938, 3.6425, 4.04358, 4.04578, 3.81461, 3.78254, 4.17767, 4.16864, 4.00766, 4.18628, 4.1729, 3.10342, 3.20147, 4.45409, 4.2258, 5.62563, 5.39205
2.52113, 2.82022, 2.28798, 4.27657, 2.85124, 3.50935, 4.09117, 3.74729, 1.76133, 2.13252, 4.96274, 4.77165, 3.19178, 3.19663, 3.66951, 4.06324, 4.07134, 3.83889, 3.81148, 4.19839, 4.19675, 4.03341, 4.21672, 4.19873, 3.12287, 3.21828, 4.48614, 4.25587, 5.78282, 5.5259
2.55936, 2.81245, 2.31447, 4.26027, 2.88799, 3.49221, 4.13554, 3.70309, 1.79291, 2.13268, 4.97579, 4.72615, 3.23661, 3.17865, 3.70393, 4.03107, 4.11247, 3.79605, 3.8435, 4.1638, 4.2319, 3.98874, 4.2476, 4.15559, 3.16631, 3.20093, 4.51331, 4.20755, 5.7828, 5.48854
2.53322, 2.78515, 2.30215, 4.23595, 2.86875, 3.46943, 4.11791, 3.68834, 1.75208, 2.08626, 4.96256, 4.71414, 3.21476, 3.15854, 3.68777, 4.01408, 4.09527, 3.78113, 3.82798, 4.14755, 4.21568, 3.97428, 4.2321, 4.14114, 3.14459, 3.18023, 4.49814, 4.19414, 5.77169, 5.4784
2.5075, 2.75828, 2.29012, 4.21218, 2.84992, 3.44714, 4.10073, 3.67396, 1.71082, 2.03936, 4.94969, 4.70246, 3.19338, 3.13887, 3.67201, 3.99752, 4.07851, 3.76659, 3.81285, 4.1317, 4.19986, 3.96018, 4.217, 4.12706, 3.12333, 3.15998, 4.48336, 4.18109, 5.7609, 5.46854
2.497, 2.79765, 2.24769, 4.27833, 2.82854, 3.491, 4.07216, 3.70148, 1.71176, 2.07318, 4.91393, 4.71568, 3.1739, 3.17516, 3.63785, 4.03299, 4.04866, 3.79451, 3.77614, 4.16485, 4.16754, 3.9864, 4.18222, 4.15279, 3.104, 3.19726, 4.4494, 4.20282, 5.72946, 5.47106
2.53068, 2.79109, 2.27099, 4.26415, 2.86104, 3.47617, 4.11285, 3.6627, 1.73934, 2.07371, 4.92656, 4.67492, 3.21357, 3.1597, 3.66875, 4.00503, 4.08628, 3.75697, 3.80505, 4.13472, 4.19993, 3.9471, 4.21068, 4.11483, 3.14243, 3.18232, 4.47489, 4.15988, 5.72995, 5.4374
2.50728, 2.76655, 2.26026, 4.24241, 2.84392, 3.45578, 4.09705, 3.64957, 1.70125, 2.03036, 4.9147, 4.66417, 3.19407, 3.14174, 3.65432, 3.98982, 4.07087, 3.74367, 3.79119, 4.12016, 4.18538, 3.93418, 4.19678, 4.10191, 3.12305, 3.16382, 4.46128, 4.1479, 5.72002, 5.42834
2.48428, 2.74243, 2.24978, 4.22119, 2.82718, 3.43585, 4.08165, 3.63678, 1.66278, 1.98656, 4.90316, 4.65371, 3.175, 3.12418, 3.64027, 3.975, 4.05585, 3.73071, 3.77768, 4.10597, 4.17121, 3.9216, 4.18326, 4.08932, 3.10409, 3.14574, 4.44803, 4.13624, 5.71036, 5.41952
2.47531, 2.77728, 2.20802, 4.28032, 2.80851, 3.47485, 4.05678, 3.66132, 1.66403, 2.01599, 4.87148, 4.66614, 3.158, 3.15638, 3.61042, 4.00685, 4.02984, 3.75567, 3.74558, 4.1359, 4.14301, 3.9452, 4.15284, 4.11263, 3.08723, 3.17882, 4.41829, 4.15604, 5.6822, 5.4222
2.50498, 2.77172, 2.22851, 4.26798, 2.83726, 3.46198, 4.0939, 3.62729, 1.68812, 2.01679, 4.88353, 4.62968, 3.19309, 3.14305, 3.63809, 3.98251, 4.06409, 3.72277, 3.77158, 4.10963, 4.17268, 3.91062, 4.17891, 4.07924, 3.12122, 3.16594, 4.44201, 4.11791, 5.68306, 5.39195
2.5173, 2.7821, 2.24522, 4.27512, 2.85242, 3.473, 4.11124, 3.64552, 1.6981, 2.02534, 4.91543, 4.65959, 3.20723, 3.15587, 3.65756, 3.99709, 4.08219, 3.74081, 3.79235, 4.12497, 4.19249, 3.92966, 4.20037, 4.09829, 3.13542, 3.17843, 4.46427, 4.13989