0.39087
0.413048
0.440975
0.481364
0.50434
0.526672
0.547923
0.513521
0.515068
0.533839
0.522541
0.512241
0.528715
0.543988
0.557989
0.53681
0.532466
0.544991
0.556262
0.566333
0.575306
0.583304
0.590465
0.58056
0.568392
0.574989
0.574741
0.563045
0.569134
0.574583
0.579467
0.583859
0.587825
0.591424
0.59471
0.597729
0.600522
0.593536
0.586661
0.589188
0.591491
0.593599
0.595538
0.59733
0.598994
0.600547
0.602003
0.603374
0.60467
0.605901
0.607074
0.608195
0.609272
0.60771
0.604186
0.605255
0.606279
0.607262
0.606226
0.599398
0.600232
0.601025
0.60178
0.602501
0.603191
0.603851
0.604485
0.605093
0.605679
0.606242
0.606786
0.607311
0.607818
0.608308
0.608782
0.609241
0.609686
0.610118
0.610537
0.610943
0.611337
0.611721
0.612093
0.612455
0.612807
0.613149
0.610733
0.609913
0.610211
0.6105
0.610782
0.611054
0.611319
0.611577
0.611827
0.612069
0.612305
0.612534
0.612585
0.611235
