0.806162
1.12913
0.610762
0.627648
0.664135
0.743487
0.921944
1.36762
1.20563
1.3469
1.24602
1.33572
1.27759
1.33296
1.30196
1.33563
1.32084
1.34151
1.33586
1.34904
1.34823
1.35719
1.3588
1.36537
1.36807
1.37326
1.37638
1.38071
1.3839
1.38765
1.39075
1.39409
1.39702
1.40003
1.40278
1.40551
1.40806
1.41056
1.41292
1.41521
1.41739
1.4195
1.42151
1.42345
1.4253
1.42709
1.4288
1.43045
1.43204
1.43356
1.43502
1.43643
1.43778
1.43908
1.44033
1.44154
1.4427
1.44382
1.44489
1.44593
1.44692
1.44788
1.44881
1.4497
1.45056
1.45139
1.45219
1.45296
1.4537
1.45442
1.45511
1.45577
1.45642
1.45704
1.45764
1.45822
1.45878
1.45932
1.45984
1.46034
1.46083
1.4613
1.46175
1.46219
1.46262
1.46303
1.46342
1.46381
1.46418
1.46454
1.46488
1.46522
1.46554
1.46585
1.46616
1.46645
1.46674
1.46701
1.46728
1.46753
