0.409945, 1.14776, 1.76091, 1.71667, 0.51355, 1.18723
0.397769, 1.13807, 1.75357, 1.71311, 0.498191, 1.17675
0.417038, 1.14605, 1.82278, 1.74087, 0.51843, 1.18515
0.40459, 1.13647, 1.81577, 1.73749, 0.502915, 1.17478
0.392558, 1.12721, 1.80872, 1.7341, 0.487772, 1.16466
0.411598, 1.13503, 1.88438, 1.76329, 0.50771, 1.17287
0.399294, 1.12586, 1.87767, 1.76009, 0.49241, 1.16285
0.387413, 1.11701, 1.87092, 1.75687, 0.477501, 1.15309
0.46656, 1.14637, 1.84571, 1.74567, 0.519582, 1.17499
0.452373, 1.13706, 1.83881, 1.74237, 0.503954, 1.16499
0.43861, 1.12804, 1.83186, 1.73905, 0.488708, 1.15523
0.42528, 1.11929, 1.82488, 1.73572, 0.473862, 1.14573
0.412389, 1.11084, 1.81786, 1.73236, 0.459429, 1.13649
0.399939, 1.10267, 1.8108, 1.72899, 0.445421, 1.12753
0.38793, 1.09479, 1.8037, 1.7256, 0.431848, 1.11884
0.376362, 1.0872, 1.79656, 1.72219, 0.418714, 1.11044
0.40265, 1.11257, 1.72603, 1.67829, 0.445443, 1.13601
0.42299, 1.12128, 1.81191, 1.71517, 0.466286, 1.14488
0.410193, 1.11273, 1.80477, 1.71182, 0.452098, 1.13563
0.397834, 1.10448, 1.79758, 1.70845, 0.438336, 1.12666
0.445973, 1.11566, 1.69079, 1.65861, 0.488311, 1.13792
0.432318, 1.10745, 1.68287, 1.6549, 0.473365, 1.12907
0.419111, 1.09952, 1.67489, 1.65115, 0.458847, 1.12048
0.406358, 1.09186, 1.66685, 1.64738, 0.44477, 1.11215
0.394056, 1.08447, 1.65876, 1.64358, 0.431139, 1.10408
0.382206, 1.07735, 1.6506, 1.63976, 0.41796, 1.09628
0.370803, 1.0705, 1.64238, 1.6359, 0.405236, 1.08875
0.423423, 1.08397, 1.53134, 1.58408, 0.459814, 1.10246
0.410442, 1.07699, 1.52206, 1.57972, 0.44561, 1.09487
0.397926, 1.07026, 1.51269, 1.57532, 0.431866, 1.08752
0.385873, 1.06377, 1.50321, 1.57088, 0.418587, 1.08042
0.374278, 1.05753, 1.49364, 1.56638, 0.405774, 1.07357
0.363136, 1.05154, 1.48395, 1.56184, 0.393426, 1.06696
0.352439, 1.04578, 1.47416, 1.55724, 0.381539, 1.06061
0.342179, 1.04026, 1.46426, 1.55259, 0.37011, 1.0545
0.332347, 1.03497, 1.45423, 1.54789, 0.359131, 1.04863
0.322931, 1.0299, 1.44409, 1.54313, 0.348595, 1.04299
0.31392, 1.02506, 1.43381, 1.5383, 0.338493, 1.03759
0.305303, 1.02042, 1.4234, 1.53342, 0.328814, 1.03242
0.297067, 1.01599, 1.41286, 1.52847, 0.319548, 1.02746
0.289199, 1.01176, 1.40217, 1.52345, 0.310683, 1.02272
0.281688, 1.00771, 1.39132, 1.51836, 0.302208, 1.01819
0.27452, 1.00386, 1.38032, 1.5132, 0.294109, 1.01386
0.267682, 1.00018, 1.36915, 1.50796, 0.286374, 1.00973
0.261162, 0.99667, 1.35781, 1.50264, 0.278991, 1.00578
0.254947, 0.993326, 1.34629, 1.49723, 0.271946, 1.00201
0.249024, 0.99014, 1.33456, 1.49172, 0.265227, 0.998418
0.243382, 0.987104, 1.32264, 1.48613, 0.258821, 0.994993
0.238009, 0.984213, 1.3105, 1.48043, 0.252716, 0.991729
0.232892, 0.98146, 1.29812, 1.47462, 0.246899, 0.988618
0.228022, 0.97884, 1.2855, 1.4687, 0.241357, 0.985655
0.223386, 0.976345, 1.27262, 1.46265, 0.23608, 0.982834
0.218975, 0.973972, 1.25947, 1.45648, 0.231056, 0.980147
0.214777, 0.971714, 1.24601, 1.45016, 0.226274, 0.97759
0.210785, 0.969565, 1.23222, 1.44369, 0.221723, 0.975157
0.206987, 0.967522, 1.21809, 1.43706, 0.217392, 0.972841
0.203375, 0.965578, 1.20358, 1.43025, 0.213271, 0.970638
0.19994, 0.96373, 1.18865, 1.42324, 0.209352, 0.968543
0.196673, 0.961973, 1.17326, 1.41602, 0.205624, 0.966549
0.193568, 0.960302, 1.15737, 1.40856, 0.202079, 0.964654
0.190615, 0.958713, 1.14092, 1.40084, 0.198707, 0.962851
0.187809, 0.957203, 1.12383, 1.39282, 0.195501, 0.961137
0.18514, 0.955768, 1.10604, 1.38447, 0.192454, 0.959507
0.182604, 0.954403, 1.08742, 1.37573, 0.189556, 0.957958
0.180194, 0.953106, 1.06784, 1.36654, 0.186802, 0.956485
0.177903, 0.951874, 1.04713, 1.35683, 0.184183, 0.955085
0.175726, 0.950702, 1.02506, 1.34647, 0.181695, 0.953755
0.173657, 0.949589, 1.00128, 1.33531, 0.179329, 0.95249
0.17169, 0.948531, 0.975312, 1.32312, 0.177081, 0.951288
0.169822, 0.947526, 0.946366, 1.30953, 0.174945, 0.950145
0.168046, 0.94657, 0.913061, 1.2939, 0.172914, 0.94906
0.166359, 0.945662, 0.872524, 1.27488, 0.170985, 0.948028
0.164755, 0.9448, 0.816629, 1.24864, 0.169151, 0.947048
0.163232, 0.94398, 0.797299, 1.23957, 0.167409, 0.946116
0.161784, 0.943201, 0.777911, 1.23047, 0.165753, 0.945231
0.160409, 0.942461, 0.758499, 1.22136, 0.16418, 0.94439
0.159102, 0.941758, 0.739099, 1.21226, 0.162685, 0.943591
0.15786, 0.94109, 0.719746, 1.20317, 0.161265, 0.942831
0.156681, 0.940455, 0.700479, 1.19413, 0.159916, 0.94211
0.15556, 0.939852, 0.681334, 1.18515, 0.158633, 0.941424
0.154495, 0.939279, 0.662349, 1.17624, 0.157415, 0.940773
0.153483, 0.938735, 0.643561, 1.16742, 0.156258, 0.940154
0.152522, 0.938218, 0.625005, 1.15871, 0.155158, 0.939566
0.151609, 0.937726, 0.606716, 1.15013, 0.154113, 0.939007
0.150741, 0.93726, 0.588725, 1.14168, 0.15312, 0.938476
0.149917, 0.936816, 0.571064, 1.13339, 0.152177, 0.937972
0.149134, 0.936395, 0.55376, 1.12527, 0.151281, 0.937493
0.14839, 0.935994, 0.536838, 1.11733, 0.15043, 0.937038
0.147683, 0.935614, 0.520321, 1.10958, 0.149621, 0.936605
0.147012, 0.935253, 0.504228, 1.10203, 0.148853, 0.936195
0.146374, 0.93491, 0.488574, 1.09468, 0.148123, 0.935804
0.145768, 0.934584, 0.473375, 1.08755, 0.14743, 0.935434
0.145192, 0.934274, 0.458639, 1.08063, 0.146771, 0.935081
0.144645, 0.933979, 0.444374, 1.07394, 0.146145, 0.934747
0.144125, 0.9337, 0.430585, 1.06746, 0.14555, 0.934429
0.143631, 0.933434, 0.417273, 1.06122, 0.144985, 0.934127
0.143162, 0.933182, 0.40444, 1.05519, 0.144449, 0.93384
0.142717, 0.932942, 0.392082, 1.04939, 0.143939, 0.933567
0.142294, 0.932714, 0.380195, 1.04381, 0.143454, 0.933308
0.141891, 0.932498, 0.368773, 1.03845, 0.142994, 0.933062
