0.617368
0.562029
0.527963
0.669058
0.626914
0.643005
0.651144
0.552187
0.12676
0.135095
0.184984
0.254898
0.353289
0.49354
0.541159
0.563985
0.58247
0.588295
0.585833
0.607015
0.599261
0.624771
0.611775
0.597152
0.634
0.626815
0.65509
0.648297
0.679479
0.66833
0.666826
0.694749
0.692408
0.716278
0.713597
0.712657
0.723015
0.7389
0.731192
0.743104
0.743637
0.744215
0.74484
0.737547
0.745133
0.74547
0.745401
0.74605
0.746739
0.747469
0.748241
0.741176
0.748631
0.749426
0.750257
0.749842
0.750648
0.751492
0.752367
0.745625
0.752836
0.753716
0.754623
0.755554
0.754288
0.756015
0.756939
0.749946
0.757454
0.758365
0.759291
0.760231
0.759241
0.754316
0.759016
0.760148
0.760984
0.761826
0.762419
0.762261
0.763074
0.763889
0.762201
0.764359
0.764781
0.763238
0.763292
0.760388
0.76141
0.76318
0.763799
0.764415
0.765027
0.764489
0.765348
0.765927
0.763717
0.744281
0.673464
0.690657
