0.646109
0.601485
0.707506
0.957796
1.00094
1.10222
1.13471
1.02738
1.0144
1.10428
1.12073
1.12596
1.16817
1.16484
1.23899
1.26135
1.16335
1.16522
1.22696
1.22331
1.21248
1.27023
1.27923
1.24704
1.19751
1.24689
1.26549
1.22404
1.27182
1.3072
1.24891
1.2974
1.32228
1.29936
1.25464
1.30219
1.33916
1.30002
1.32066
1.30083
1.34707
1.29308
1.33074
1.35586
1.34792
1.32211
1.34432
1.35158
1.32576
1.3251
1.30368
1.32916
1.35704
1.34343
1.3486
1.32831
1.35325
1.37042
1.37511
1.36969
1.35575
1.35751
1.37177
1.38535
1.39589
1.38515
1.35977
1.36664
1.36983
1.35874
1.36719
1.37794
1.36578
1.36922
1.37874
1.3728
1.37697
1.38559
1.38404
1.37692
1.38453
1.38447
1.38332
1.39023
1.39685
1.39501
1.38883
1.39418
1.38798
1.39353
1.39886
1.40398
1.40769
1.39662
1.39696
1.38694
1.3952
1.39181
1.39413
1.3982
