1.76825, 3.22575, 1.81325, 3.00173, 2.09037, 1.7811, 1.92721, 2.29719, 1.74942, 3.31774
1.70616, 3.2408, 1.75384, 3.03552, 2.05326, 1.79078, 1.88882, 2.32022, 1.68792, 3.32164
1.73407, 2.88781, 1.77678, 2.6696, 1.98186, 1.95167, 1.79092, 2.66048, 1.71081, 3.00782
1.68785, 2.92729, 1.70829, 2.76017, 1.94766, 1.96227, 1.72526, 2.74315, 1.66287, 3.04248
1.64558, 2.96561, 1.6693, 2.80084, 1.91461, 1.97262, 1.61351, 2.92691, 1.62009, 3.07499
1.60745, 3.00212, 1.63315, 2.84132, 1.88274, 1.9827, 1.5793, 2.96583, 1.58244, 3.10491
1.57348, 3.03632, 1.59998, 2.881, 1.85204, 1.99252, 1.54882, 3.00247, 1.54964, 3.13205
1.60099, 2.77575, 1.64565, 2.55265, 1.74219, 2.30562, 1.58248, 2.73428, 1.57299, 2.89628
1.57351, 2.81415, 1.61064, 2.61289, 1.71443, 2.32808, 1.55707, 2.77275, 1.54593, 2.93347
1.61626, 2.68172, 1.65965, 2.46546, 1.7718, 2.14778, 1.60211, 2.63842, 1.58583, 2.80861
1.55792, 2.81929, 1.63177, 2.50419, 1.74619, 2.16091, 1.55922, 2.73892, 1.56059, 2.84489
1.53543, 2.85477, 1.60404, 2.54952, 1.72176, 2.17416, 1.53757, 2.77436, 1.53757, 2.88004
1.51499, 2.88899, 1.57558, 2.60552, 1.69847, 2.18756, 1.51775, 2.80914, 1.51671, 2.91376
1.55276, 2.77728, 1.62094, 2.47595, 1.75926, 2.01168, 1.55796, 2.69346, 1.55367, 2.80315
1.53303, 2.80987, 1.59741, 2.51326, 1.73616, 2.01921, 1.53875, 2.72526, 1.53362, 2.83568
1.51494, 2.84157, 1.57401, 2.55678, 1.71401, 2.02651, 1.52099, 2.75669, 1.51527, 2.86717
1.49843, 2.8722, 1.55001, 2.6104, 1.6928, 2.03359, 1.50465, 2.78756, 1.49855, 2.89743
1.48341, 2.90157, 1.52346, 2.68442, 1.67249, 2.04046, 1.48966, 2.81765, 1.48338, 2.9263
1.46979, 2.92956, 1.50839, 2.71268, 1.65307, 2.04713, 1.47597, 2.84682, 1.46966, 2.95367
1.50157, 2.83918, 1.54506, 2.61235, 1.71692, 1.88517, 1.50973, 2.75314, 1.50084, 2.86417
1.48782, 2.86639, 1.52098, 2.68138, 1.69654, 1.88856, 1.49593, 2.78052, 1.48701, 2.89108
1.47523, 2.89253, 1.50737, 2.70715, 1.67688, 1.89162, 1.48321, 2.8072, 1.47438, 2.91682
1.46375, 2.9175, 1.49472, 2.73254, 1.65789, 1.89435, 1.4715, 2.83309, 1.46288, 2.9413
1.45328, 2.94126, 1.483, 2.75746, 1.63957, 1.89677, 1.46076, 2.85809, 1.45242, 2.96449
1.44377, 2.96378, 1.47215, 2.78181, 1.62189, 1.89888, 1.45092, 2.88212, 1.44292, 2.98638
1.43512, 2.98504, 1.46213, 2.8055, 1.60483, 1.90069, 1.44192, 2.90513, 1.43431, 3.00697
1.46047, 2.91428, 1.49069, 2.7288, 1.67217, 1.75217, 1.46874, 2.83197, 1.45926, 2.93682
1.45141, 2.93539, 1.48051, 2.75085, 1.6537, 1.75259, 1.45938, 2.85411, 1.45022, 2.95746
1.4431, 2.95545, 1.47103, 2.77239, 1.6357, 1.75266, 1.45075, 2.87543, 1.44195, 2.97702
1.43549, 2.97448, 1.46223, 2.79336, 1.61815, 1.75239, 1.4428, 2.89588, 1.43439, 2.9955
1.45051, 2.85066, 1.4838, 2.64208, 1.58543, 1.8694, 1.4602, 2.76226, 1.44885, 2.87395
1.44306, 2.87015, 1.46805, 2.71089, 1.57087, 1.86989, 1.45241, 2.78199, 1.44146, 2.89321
1.43618, 2.88889, 1.46023, 2.72973, 1.55678, 1.87015, 1.44516, 2.80116, 1.43465, 2.91167
1.42982, 2.90685, 1.45292, 2.74815, 1.54314, 1.87016, 1.43843, 2.81975, 1.42836, 2.92932
1.42395, 2.92404, 1.4461, 2.76611, 1.52993, 1.86996, 1.43218, 2.83773, 1.42255, 2.94615
1.41853, 2.94045, 1.43975, 2.7836, 1.51715, 1.86954, 1.42638, 2.85508, 1.4172, 2.96218
1.41353, 2.9561, 1.43382, 2.80057, 1.50476, 1.86891, 1.421, 2.87179, 1.41227, 2.97742
1.43241, 2.90522, 1.45483, 2.74608, 1.55969, 1.76725, 1.44105, 2.81908, 1.43086, 2.92698
1.4271, 2.92046, 1.44873, 2.76197, 1.54632, 1.76595, 1.43541, 2.835, 1.42562, 2.94192
1.42217, 2.93504, 1.44301, 2.77744, 1.53327, 1.76443, 1.43016, 2.85038, 1.42075, 2.95618
1.41759, 2.94898, 1.43765, 2.79247, 1.52055, 1.76271, 1.42525, 2.8652, 1.41623, 2.96978
1.41333, 2.96228, 1.43263, 2.80705, 1.50813, 1.76077, 1.42068, 2.87949, 1.41204, 2.98274
1.42339, 2.87514, 1.44593, 2.70361, 1.49073, 1.844, 1.4323, 2.78477, 1.42177, 2.8972
1.41915, 2.8885, 1.44095, 2.71705, 1.48038, 1.84275, 1.42774, 2.79849, 1.41759, 2.91037
1.41519, 2.90135, 1.43627, 2.73017, 1.47032, 1.84135, 1.42347, 2.81179, 1.41369, 2.923
1.41149, 2.9137, 1.43186, 2.74295, 1.46055, 1.83982, 1.41945, 2.82466, 1.41005, 2.93511
1.40802, 2.92555, 1.4277, 2.7554, 1.45106, 1.83816, 1.41569, 2.83712, 1.40664, 2.94672
1.40478, 2.93691, 1.42378, 2.76751, 1.44183, 1.83638, 1.41215, 2.84916, 1.40346, 2.95783
1.40175, 2.94781, 1.42009, 2.77927, 1.43285, 1.83448, 1.40884, 2.86078, 1.40049, 2.96846
1.41506, 2.91251, 1.43509, 2.74129, 1.47469, 1.76606, 1.42301, 2.82418, 1.4136, 2.93346
1.41189, 2.92302, 1.43134, 2.7523, 1.46517, 1.76392, 1.41958, 2.83521, 1.41048, 2.94375
1.40891, 2.93311, 1.42778, 2.76302, 1.45588, 1.76166, 1.41635, 2.84587, 1.40755, 2.95362
1.4061, 2.94279, 1.42442, 2.77343, 1.4468, 1.75929, 1.4133, 2.85618, 1.4048, 2.96308
1.40346, 2.95209, 1.42124, 2.78354, 1.43793, 1.75681, 1.41042, 2.86613, 1.40221, 2.97215
1.40098, 2.961, 1.41823, 2.79335, 1.42926, 1.75424, 1.40771, 2.87573, 1.39977, 2.98083
1.39865, 2.96956, 1.41538, 2.80286, 1.42078, 1.75156, 1.40515, 2.885, 1.39748, 2.98915
1.40468, 2.91326, 1.42331, 2.7355, 1.41246, 1.80375, 1.41204, 2.82384, 1.40334, 2.93383
1.40236, 2.92174, 1.4205, 2.74438, 1.4052, 1.80155, 1.40951, 2.83275, 1.40107, 2.94214
1.40018, 2.92989, 1.41783, 2.75302, 1.39813, 1.79929, 1.40711, 2.84137, 1.39892, 2.95012
1.39811, 2.93774, 1.41529, 2.76141, 1.39122, 1.79697, 1.40484, 2.84971, 1.3969, 2.9578
1.39615, 2.94529, 1.41289, 2.76956, 1.38449, 1.79459, 1.40269, 2.85777, 1.39498, 2.96517
1.40545, 2.92082, 1.42344, 2.74316, 1.41598, 1.74758, 1.41259, 2.83239, 1.40415, 2.94089
1.40345, 2.92804, 1.42103, 2.75081, 1.40899, 1.74517, 1.41041, 2.84002, 1.40218, 2.94797
1.40155, 2.93501, 1.41873, 2.75823, 1.40217, 1.7427, 1.40834, 2.84741, 1.40032, 2.95478
1.39975, 2.94171, 1.41654, 2.76545, 1.39549, 1.74019, 1.40637, 2.85455, 1.39856, 2.96134
1.39804, 2.94816, 1.41446, 2.77245, 1.38895, 1.73763, 1.40449, 2.86145, 1.39688, 2.96764
1.39642, 2.95438, 1.41247, 2.77925, 1.38256, 1.73503, 1.40271, 2.86813, 1.39529, 2.9737
1.39488, 2.96036, 1.41057, 2.78585, 1.3763, 1.73239, 1.40102, 2.87458, 1.39378, 2.97953
1.39892, 2.92124, 1.41593, 2.73869, 1.37142, 1.76731, 1.40563, 2.83207, 1.39771, 2.94107
1.39742, 2.92708, 1.41408, 2.74486, 1.36593, 1.765, 1.40397, 2.83823, 1.39623, 2.94679
1.39598, 2.9327, 1.41232, 2.75085, 1.36057, 1.76266, 1.40239, 2.8442, 1.39483, 2.9523
1.39461, 2.93813, 1.41063, 2.75666, 1.35533, 1.7603, 1.40088, 2.84998, 1.39349, 2.9576
1.39331, 2.94336, 1.40902, 2.76231, 1.35021, 1.75793, 1.39944, 2.85557, 1.39221, 2.96272
1.39207, 2.94841, 1.40747, 2.7678, 1.3452, 1.75554, 1.39807, 2.86097, 1.391, 2.96765
1.39833, 2.93198, 1.41462, 2.75005, 1.36797, 1.7241, 1.40475, 2.84394, 1.39718, 2.95134
1.39709, 2.93679, 1.4131, 2.7552, 1.36289, 1.72177, 1.40338, 2.84905, 1.39596, 2.95605
1.3959, 2.94143, 1.41164, 2.7602, 1.35792, 1.71942, 1.40208, 2.854, 1.39479, 2.96059
1.39477, 2.94591, 1.41024, 2.76505, 1.35306, 1.71707, 1.40083, 2.8588, 1.39368, 2.96496
1.39369, 2.95023, 1.40891, 2.76977, 1.3483, 1.7147, 1.39964, 2.86343, 1.39262, 2.96918
1.39265, 2.9544, 1.40763, 2.77434, 1.34364, 1.71233, 1.3985, 2.86792, 1.39161, 2.97325
1.39166, 2.95842, 1.4064, 2.77878, 1.33908, 1.70996, 1.3974, 2.87226, 1.39064, 2.97718
1.39428, 2.93225, 1.40989, 2.74721, 1.33609, 1.73197, 1.40039, 2.84387, 1.39319, 2.95143
1.39333, 2.93614, 1.40871, 2.75137, 1.33199, 1.72981, 1.39933, 2.848, 1.39225, 2.95523
1.39241, 2.93989, 1.40757, 2.7554, 1.32799, 1.72765, 1.39832, 2.852, 1.39135, 2.9589
1.39153, 2.94351, 1.40648, 2.75932, 1.32407, 1.7255, 1.39735, 2.85587, 1.39049, 2.96244
1.39069, 2.94701, 1.40543, 2.76312, 1.32024, 1.72336, 1.39641, 2.85962, 1.38967, 2.96586
1.38988, 2.95039, 1.40442, 2.76681, 1.31649, 1.72122, 1.39552, 2.86326, 1.38888, 2.96916
1.3941, 2.93935, 1.40924, 2.75487, 1.33275, 1.70012, 1.40001, 2.85181, 1.39304, 2.9582
1.3933, 2.94256, 1.40826, 2.75834, 1.32902, 1.69806, 1.39914, 2.85524, 1.39226, 2.96134
1.39254, 2.94566, 1.40732, 2.76171, 1.32537, 1.69601, 1.3983, 2.85856, 1.39151, 2.96437
1.39181, 2.94866, 1.40641, 2.76498, 1.3218, 1.69397, 1.39749, 2.86178, 1.3908, 2.9673
1.39111, 2.95156, 1.40554, 2.76815, 1.3183, 1.69195, 1.39672, 2.86489, 1.39011, 2.97013
1.39296, 2.93283, 1.40803, 2.7455, 1.31619, 1.70703, 1.39883, 2.84458, 1.39191, 2.9517
1.39228, 2.93561, 1.4072, 2.74847, 1.31301, 1.70516, 1.39808, 2.84754, 1.39125, 2.95442
1.39164, 2.93829, 1.40639, 2.75136, 1.3099, 1.7033, 1.39737, 2.8504, 1.39062, 2.95705
1.39101, 2.94089, 1.40562, 2.75416, 1.30686, 1.70146, 1.39668, 2.85317, 1.39001, 2.95959
1.39041, 2.9434, 1.40487, 2.75687, 1.30388, 1.69964, 1.39602, 2.85586, 1.38942, 2.96204
1.38984, 2.94583, 1.40415, 2.75951, 1.30098, 1.69783, 1.39538, 2.85846, 1.38886, 2.96442
1.38928, 2.94818, 1.40346, 2.76207, 1.29813, 1.69604, 1.39476, 2.86098, 1.38831, 2.96671
1.38875, 2.95045, 1.40279, 2.76455, 1.29535, 1.69426, 1.39417, 2.86342, 1.38779, 2.96893
