0.248724
0.266851
0.282395
0.300773
0.322294
0.346507
0.323223
0.346161
0.371985
0.394669
0.410179
0.421063
0.431103
0.429988
0.408991
0.39816
0.412494
0.412093
0.406946
0.419078
0.430223
0.440162
0.446681
0.452714
0.458239
0.46329
0.467206
0.469348
0.461365
0.46508
0.468862
0.472352
0.467083
0.466077
0.470407
0.464055
0.461934
0.465853
0.469214
0.471283
0.468041
0.467564
0.470514
0.471982
0.473747
0.470659
0.470289
0.47178
0.472861
0.474366
0.475789
0.477067
0.477781
0.479013
0.480189
0.481293
0.478079
0.478891
0.48035
0.481066
0.482003
0.482905
0.481927
0.480535
0.481155
0.48198
0.482773
0.483312
0.48388
0.484599
0.485287
0.485605
0.486262
0.485654
0.484581
0.485305
0.485814
0.486157
0.48671
0.485743
0.485351
0.486052
0.484124
0.483435
0.484063
0.484674
0.481867
0.483694
0.484248
0.484709
0.485025
0.48524
0.485592
0.485932
0.486186
0.486404
0.486716
0.486036
0.485822
0.486219
