0.0626798
0.0627912
0.0629041
0.0630186
0.0631347
0.0632523
0.0633716
0.0634924
0.0636148
0.0637389
0.0638646
0.063992
0.064121
0.0642517
0.064384
0.0645181
0.0646538
0.0647913
0.0649306
0.0650716
0.0652143
0.0653589
0.0655052
0.0656534
0.0658034
0.0659553
0.0661091
0.0662648
0.0664224
0.066582
0.0667435
0.0669071
0.0670726
0.0672403
0.0674101
0.067582
0.067756
0.0679323
0.0681109
0.0682917
0.0684749
0.0686604
0.0688484
0.0690389
0.069232
0.0694277
0.0696261
0.0698273
0.0700313
0.0702382
0.0704482
0.0706613
0.0708776
0.0710973
0.0713205
0.0715472
0.0717778
0.0720123
0.0722508
0.0724937
0.0727412
0.0729934
0.0732506
0.0735132
0.0737814
0.0740557
0.0743365
0.0746242
0.0749194
0.0752228
0.0755351
0.0758571
0.0761899
0.0765348
0.0768932
0.0772669
0.0776584
0.0780705
0.0785072
0.0789739
0.0794782
0.0800316
0.0806529
0.0813765
0.0816025
0.0818271
0.0820502
0.0822717
0.0824916
0.0827098
0.0829263
0.083141
0.0833539
0.083565
0.0837743
0.0839816
0.084187
0.0843905
0.0845919
0.0847914
