2.1834, 2.05619, 1.39061, 1.97442, 2.18045, 2.04608, 2.14042, 2.04592, 0.68639, 1.02281
2.1774, 2.04532, 1.42671, 1.92693, 2.17382, 2.03399, 2.13535, 2.03086, 0.77784, 1.02665
2.17104, 2.03331, 1.46227, 1.87119, 2.16677, 2.0206, 2.12954, 2.01433, 0.896812, 1.0269
2.16425, 2.02005, 1.49827, 1.80145, 2.15922, 2.00578, 2.12293, 1.99614, 1.13895, 1.01205
2.15698, 2.00545, 1.53764, 1.70098, 2.15111, 1.98941, 2.11544, 1.97609, 1.2086, 1.01574
2.05804, 1.90826, 1.41364, 1.54857, 2.0512, 1.89183, 2.01454, 1.87634, 0.908398, 0.740159
2.04645, 1.8731, 1.4492, 1.50698, 2.03831, 1.85326, 2.00174, 1.83096, 1.10555, 0.798498
2.03222, 1.83184, 1.48159, 1.46696, 2.02219, 1.80708, 1.98449, 1.77453, 1.16867, 0.82244
2.01418, 1.78143, 1.51079, 1.42899, 2.00097, 1.74845, 1.95906, 1.69661, 1.22777, 0.844556
1.9126, 1.68662, 1.36832, 1.28214, 1.89706, 1.65273, 1.85099, 1.59793, 0.880258, 0.596697
1.90566, 1.65282, 1.40849, 1.25877, 1.89013, 1.61795, 1.84604, 1.56163, 0.981123, 0.645447
1.89835, 1.61935, 1.44438, 1.23729, 1.88288, 1.5838, 1.84076, 1.52654, 1.03505, 0.67405
1.89077, 1.58645, 1.47622, 1.21774, 1.87545, 1.55051, 1.83527, 1.49291, 1.08784, 0.701738
1.88305, 1.55436, 1.5043, 1.2001, 1.86794, 1.51832, 1.82969, 1.4609, 1.13886, 0.728234
1.87531, 1.52328, 1.52897, 1.18428, 1.86047, 1.48741, 1.82414, 1.43067, 1.18755, 0.753303
1.86762, 1.49338, 1.55061, 1.17015, 1.85313, 1.45794, 1.81869, 1.40229, 1.23345, 0.776768
1.76554, 1.40798, 1.40347, 1.05394, 1.74806, 1.37164, 1.70829, 1.31361, 0.92141, 0.578372
1.9123, 1.56605, 1.49864, 1.15138, 1.88557, 1.52085, 1.83388, 1.45012, 0.99147, 0.648776
1.90386, 1.53911, 1.52118, 1.1412, 1.87781, 1.49382, 1.82847, 1.42374, 1.03511, 0.671998
1.89556, 1.51304, 1.54112, 1.13206, 1.87025, 1.46793, 1.82321, 1.39892, 1.07771, 0.694472
1.88748, 1.48793, 1.55878, 1.12388, 1.86293, 1.44325, 1.81814, 1.37566, 1.11897, 0.71606
1.87964, 1.46387, 1.57441, 1.11655, 1.8559, 1.41984, 1.81329, 1.35394, 1.15859, 0.736646
1.87208, 1.44091, 1.58827, 1.11, 1.84916, 1.39771, 1.80868, 1.33373, 1.19634, 0.756141
1.86484, 1.4191, 1.60058, 1.10413, 1.84276, 1.37688, 1.80431, 1.31495, 1.23206, 0.774489
1.78041, 1.35236, 1.48072, 1.01923, 1.75518, 1.30908, 1.71157, 1.24514, 0.986034, 0.618437
1.8871, 1.47219, 1.55414, 1.09891, 1.8548, 1.42122, 1.80308, 1.34807, 1.04224, 0.675575
1.88013, 1.45181, 1.56792, 1.09432, 1.84893, 1.40158, 1.79961, 1.3303, 1.07667, 0.693721
1.87343, 1.43236, 1.58029, 1.09016, 1.84332, 1.38301, 1.7963, 1.31374, 1.11, 0.711178
1.86702, 1.41385, 1.59142, 1.08641, 1.83798, 1.36551, 1.79316, 1.29832, 1.14211, 0.727893
1.8609, 1.39627, 1.60144, 1.08301, 1.83292, 1.34903, 1.79018, 1.28398, 1.17286, 0.743827
1.94906, 1.4412, 1.67263, 1.1268, 1.91876, 1.39409, 1.87272, 1.32915, 1.22797, 0.781844
1.88333, 1.39104, 1.58102, 1.06381, 1.85036, 1.3429, 1.80018, 1.27627, 1.03038, 0.654385
1.87666, 1.37577, 1.59081, 1.06203, 1.84486, 1.3287, 1.7969, 1.26412, 1.05881, 0.670008
1.96905, 1.48705, 1.65081, 1.12997, 1.92818, 1.42835, 1.87183, 1.35282, 1.10421, 0.716668
1.96046, 1.47207, 1.65588, 1.12477, 1.92036, 1.41371, 1.86569, 1.33937, 1.1311, 0.730319
1.95221, 1.45759, 1.6605, 1.11999, 1.91292, 1.39971, 1.85989, 1.32666, 1.15694, 0.743377
1.94432, 1.44365, 1.6647, 1.1156, 1.90583, 1.38633, 1.85441, 1.31467, 1.18169, 0.755834
1.93676, 1.43023, 1.66854, 1.11157, 1.8991, 1.37357, 1.84926, 1.30335, 1.20532, 0.767689
1.88309, 1.38932, 1.59342, 1.0606, 1.84273, 1.33159, 1.7891, 1.25984, 1.03565, 0.658153
1.96272, 1.48519, 1.64335, 1.11727, 1.91238, 1.41463, 1.85106, 1.33289, 1.0732, 0.696521
1.95574, 1.47265, 1.64794, 1.11348, 1.90629, 1.4025, 1.84664, 1.32203, 1.09569, 0.708152
1.94903, 1.46052, 1.65216, 1.10998, 1.90048, 1.39089, 1.84245, 1.31175, 1.11743, 0.719343
1.94259, 1.44883, 1.65604, 1.10674, 1.89493, 1.37979, 1.83848, 1.30203, 1.13838, 0.730092
1.9364, 1.43756, 1.65963, 1.10373, 1.88965, 1.36919, 1.83473, 1.29283, 1.15853, 0.740396
1.93048, 1.42672, 1.66295, 1.10093, 1.88462, 1.35908, 1.83117, 1.28413, 1.17788, 0.75026
1.9248, 1.41629, 1.66601, 1.09833, 1.87983, 1.34943, 1.82781, 1.2759, 1.19642, 0.759689
1.8822, 1.38395, 1.60641, 1.0584, 1.83464, 1.31605, 1.77936, 1.24124, 1.05943, 0.671594
1.94383, 1.45829, 1.64553, 1.10316, 1.88775, 1.37938, 1.82678, 1.29719, 1.08909, 0.702069
1.93858, 1.44852, 1.64902, 1.10069, 1.88343, 1.37023, 1.82393, 1.28934, 1.10666, 0.711196
1.93353, 1.4391, 1.65227, 1.09839, 1.8793, 1.36148, 1.82123, 1.28189, 1.12362, 0.719986
1.92868, 1.43003, 1.65531, 1.09623, 1.87536, 1.35312, 1.81866, 1.27483, 1.13998, 0.728441
1.92402, 1.42129, 1.65813, 1.09421, 1.8716, 1.34512, 1.81621, 1.26813, 1.15575, 0.736566
1.91955, 1.41288, 1.66078, 1.09232, 1.868, 1.33748, 1.81389, 1.26178, 1.17092, 0.744368
1.91526, 1.40478, 1.66325, 1.09055, 1.86458, 1.33018, 1.81169, 1.25574, 1.18551, 0.751852
1.91115, 1.397, 1.66556, 1.08888, 1.8613, 1.32321, 1.80959, 1.25002, 1.19952, 0.759027
1.87821, 1.37218, 1.61987, 1.05858, 1.8261, 1.2975, 1.77181, 1.2233, 1.0958, 0.692641
1.92378, 1.42725, 1.64966, 1.09292, 1.86529, 1.34427, 1.80709, 1.26503, 1.11865, 0.716295
1.91999, 1.41996, 1.65218, 1.09133, 1.86236, 1.3377, 1.80533, 1.2596, 1.13189, 0.723165
1.91634, 1.41294, 1.65455, 1.08982, 1.85955, 1.3314, 1.80366, 1.25443, 1.14467, 0.729782
1.91283, 1.40618, 1.65679, 1.0884, 1.85687, 1.32537, 1.80206, 1.24951, 1.15699, 0.736151
1.90946, 1.39967, 1.65889, 1.08706, 1.85429, 1.3196, 1.80054, 1.24483, 1.16887, 0.742279
1.90622, 1.39341, 1.66087, 1.0858, 1.85183, 1.31408, 1.79908, 1.24037, 1.18031, 0.748172
1.90311, 1.38737, 1.66275, 1.0846, 1.84948, 1.30879, 1.7977, 1.23612, 1.19133, 0.753838
1.94195, 1.43514, 1.68742, 1.11345, 1.88196, 1.3481, 1.82678, 1.27096, 1.21051, 0.77407
1.91775, 1.41668, 1.65376, 1.09088, 1.85583, 1.32886, 1.79867, 1.25092, 1.13517, 0.72518
1.91482, 1.41103, 1.65564, 1.08968, 1.85366, 1.32386, 1.79744, 1.24687, 1.14548, 0.730511
1.91201, 1.40557, 1.65742, 1.08853, 1.85157, 1.31906, 1.79626, 1.243, 1.15543, 0.73565
1.90929, 1.40032, 1.65911, 1.08745, 1.84957, 1.31445, 1.79513, 1.2393, 1.16504, 0.740602
1.90668, 1.39525, 1.6607, 1.08642, 1.84765, 1.31004, 1.79405, 1.23577, 1.17431, 0.745373
1.93977, 1.43594, 1.68128, 1.11043, 1.87473, 1.34276, 1.81825, 1.26468, 1.1902, 0.762057
1.91961, 1.42054, 1.65309, 1.0915, 1.85284, 1.32663, 1.79466, 1.24787, 1.12382, 0.718892
1.91717, 1.41581, 1.65467, 1.09049, 1.85107, 1.32248, 1.7937, 1.24452, 1.13244, 0.723366
1.91481, 1.41124, 1.65617, 1.08952, 1.84937, 1.31849, 1.79278, 1.24132, 1.14078, 0.727686
1.91253, 1.40683, 1.6576, 1.0886, 1.84774, 1.31465, 1.79189, 1.23826, 1.14884, 0.731855
1.91034, 1.40258, 1.65896, 1.08772, 1.84617, 1.31097, 1.79104, 1.23532, 1.15663, 0.735878
1.90822, 1.39847, 1.66025, 1.08689, 1.84466, 1.30743, 1.79023, 1.23251, 1.16415, 0.739761
1.93522, 1.43168, 1.67688, 1.10629, 1.86643, 1.33369, 1.80969, 1.25573, 1.17694, 0.753159
1.93304, 1.42774, 1.67781, 1.10524, 1.86479, 1.3302, 1.80868, 1.25289, 1.18396, 0.756682
1.93093, 1.42392, 1.6787, 1.10423, 1.86321, 1.32685, 1.80771, 1.25016, 1.19072, 0.760079
1.9289, 1.42024, 1.67955, 1.10327, 1.8617, 1.32362, 1.80678, 1.24753, 1.19726, 0.763356
1.91384, 1.40879, 1.65862, 1.08931, 1.84526, 1.31161, 1.78908, 1.23503, 1.14902, 0.732167
1.91206, 1.40535, 1.6597, 1.08859, 1.84402, 1.30866, 1.78843, 1.23269, 1.15531, 0.735415
1.91034, 1.40202, 1.66073, 1.08791, 1.84282, 1.30581, 1.78781, 1.23044, 1.16139, 0.738553
1.9324, 1.42917, 1.67419, 1.10359, 1.86036, 1.32695, 1.80349, 1.24913, 1.17172, 0.749362
1.93066, 1.42599, 1.67497, 1.10277, 1.85908, 1.32416, 1.80274, 1.24688, 1.1774, 0.75223
1.92897, 1.42291, 1.67572, 1.10199, 1.85786, 1.32148, 1.80201, 1.24472, 1.18289, 0.755
1.92735, 1.41993, 1.67644, 1.10124, 1.85668, 1.3189, 1.80132, 1.24264, 1.1882, 0.757675
1.92578, 1.41705, 1.67713, 1.10051, 1.85554, 1.3164, 1.80065, 1.24064, 1.19333, 0.760258
1.91393, 1.40806, 1.66067, 1.08955, 1.84257, 1.30695, 1.78667, 1.23079, 1.15504, 0.735529
1.91254, 1.40536, 1.6615, 1.08898, 1.84161, 1.30466, 1.78618, 1.22898, 1.15996, 0.738063
1.93056, 1.42756, 1.67238, 1.10167, 1.85575, 1.32169, 1.79883, 1.24405, 1.1683, 0.746789
1.92917, 1.42499, 1.67303, 1.10103, 1.85475, 1.31947, 1.79826, 1.24226, 1.1729, 0.749119
1.92782, 1.4225, 1.67366, 1.10041, 1.85379, 1.31732, 1.79771, 1.24055, 1.17735, 0.751371
1.92651, 1.4201, 1.67426, 1.09981, 1.85286, 1.31525, 1.79719, 1.23889, 1.18165, 0.753548
1.92524, 1.41777, 1.67484, 1.09924, 1.85197, 1.31325, 1.79668, 1.23729, 1.18581, 0.755652
1.92402, 1.41551, 1.67539, 1.09869, 1.8511, 1.31132, 1.79619, 1.23576, 1.18984, 0.757686
1.92284, 1.41333, 1.67592, 1.09817, 1.85027, 1.30946, 1.79572, 1.23427, 1.19373, 0.759652
1.9217, 1.41121, 1.67644, 1.09766, 1.84946, 1.30766, 1.79526, 1.23285, 1.19749, 0.761552
1.91292, 1.40456, 1.66426, 1.08957, 1.83982, 1.30066, 1.78488, 1.22555, 1.16953, 0.743536
1.9266, 1.42143, 1.67254, 1.09924, 1.8505, 1.31352, 1.79445, 1.23697, 1.1759, 0.750207
