0.503626
0.514153
0.527011
0.544008
0.574667
0.567455
0.5885
0.620117
0.640546
0.661805
0.660209
0.683212
0.700965
0.717863
0.733718
0.748386
0.755093
0.722669
0.718425
0.731459
0.743771
0.755297
0.76599
0.775827
0.77124
0.697317
0.753473
0.762531
0.771005
0.778891
0.779864
0.736773
0.770735
0.772084
0.751978
0.759047
0.765718
0.771989
0.763512
0.773971
0.753019
0.758826
0.764344
0.769575
0.774523
0.779194
0.780835
0.764971
0.764493
0.768809
0.772916
0.77682
0.780527
0.784043
0.787374
0.788342
0.754811
0.776846
0.779915
0.782841
0.785628
0.788282
0.790807
0.787106
0.760545
0.782102
0.784428
0.786651
0.788776
0.78813
0.78017
0.78103
0.782974
0.784837
0.786623
0.788336
0.786531
0.783206
0.784812
0.786352
0.782206
0.786958
0.788336
0.786449
0.784219
0.785505
0.786742
0.78793
0.78872
0.78832
0.786875
0.784999
0.786031
0.787025
0.787983
0.788905
0.789793
0.790649
0.788892
0.785672
