0.196866
0.208576
0.218559
0.229714
0.242199
0.256206
0.27197
0.289784
0.310015
0.333127
0.359706
0.39049
0.404292
0.398219
0.432144
0.45905
0.470528
0.505064
0.532474
0.563089
0.581729
0.608846
0.572388
0.585019
0.594632
0.594718
0.618255
0.602266
0.600391
0.604685
0.626106
0.631514
0.652489
0.624892
0.630532
0.64533
0.662925
0.677405
0.691299
0.656678
0.67132
0.694792
0.6907
0.700089
0.703851
0.671049
0.698091
0.703787
0.715791
0.466493
0.695582
0.696745
0.715748
0.714092
0.726858
0.725762
0.725956
0.745726
0.741056
0.727027
0.739316
0.15521
0.224071
0.368313
0.661667
0.697078
0.702292
0.720259
0.717124
0.720172
0.733574
0.717912
0.734177
0.735247
0.739581
0.748366
0.754529
0.762892
0.765527
0.765782
0.765831
0.756618
0.776687
0.761756
0.76811
0.767955
0.165918
0.202654
0.26542
0.374675
0.563075
0.736215
0.735965
0.734838
0.748419
0.74635
0.758563
0.760388
0.758789
0.771826
