0.41311
0.572171
0.158891
0.235197
0.405178
0.76166
0.730714
0.619889
0.724757
0.740238
0.755198
0.769924
0.779716
0.789211
0.798792
0.808836
0.796662
0.780811
0.761869
0.714991
0.780283
0.790083
0.800028
0.810551
0.822424
0.837859
0.84711
0.856251
0.865259
0.874115
0.858382
0.673061
0.42191
0.571491
0.803469
0.764925
0.757859
0.672821
0.768593
0.77623
0.783729
0.791116
0.798435
0.805754
0.813214
0.813402
0.796472
0.802549
0.80704
0.797813
0.805548
0.809742
0.813886
0.817991
0.822067
0.826125
0.830171
0.834214
0.838259
0.830746
0.825976
0.829419
0.822481
0.82859
0.83184
0.835081
0.838316
0.841548
0.844782
0.84802
0.851268
0.854529
0.85781
0.853818
0.842092
0.846351
0.84914
0.851938
0.854753
0.85759
0.860459
0.86337
0.866339
0.869386
0.869261
0.851946
0.84162
0.865591
0.867936
0.859148
0.861632
0.864187
0.864559
0.864781
0.867364
0.870102
0.871612
0.873088
0.874533
0.875946
