3.19492
2.54843
2.9139
2.66286
2.86952
2.74675
2.85967
2.80807
2.86867
2.85336
2.88728
2.88848
2.90971
2.91747
2.93278
2.9426
2.95498
2.965
2.97569
2.98524
2.99476
3.00361
3.0122
3.02031
3.0281
3.0355
3.04257
3.04931
3.05574
3.06187
3.06772
3.0733
3.07862
3.08371
3.08856
3.09319
3.09762
3.10184
3.10588
3.10974
3.11343
3.11696
3.12034
3.12357
3.12667
3.12963
3.13247
3.13519
3.13779
3.14029
3.14269
3.14499
3.14719
3.14931
3.15134
3.1533
3.15517
3.15697
3.15871
3.16037
3.16197
3.16351
3.165
3.16642
3.16779
3.16911
3.17039
3.17161
3.17279
3.17393
3.17503
3.17608
3.1771
3.17808
3.17903
3.17995
3.18083
3.18168
3.1825
3.18329
3.18406
3.18479
3.18551
3.1862
3.18686
3.1875
3.18812
3.18872
3.1893
3.18986
3.1904
3.19093
3.19143
3.19192
3.19239
3.19285
3.19329
3.19372
3.19413
3.19454
