0.283336
0.284158
0.284979
0.285802
0.286626
0.287453
0.288285
0.289123
0.289966
0.290818
0.291677
0.292546
0.293424
0.294312
0.29521
0.29612
0.29704
0.297972
0.298915
0.29987
0.300837
0.301815
0.302804
0.303805
0.304817
0.30584
0.306874
0.307919
0.308973
0.310038
0.311111
0.312194
0.313286
0.314386
0.315495
0.31661
0.317733
0.318863
0.319998
0.32114
0.322287
0.323439
0.324595
0.325756
0.32692
0.328088
0.329258
0.330431
0.331607
0.332784
0.333963
0.335143
0.336325
0.337507
0.338689
0.339872
0.341055
0.342238
0.343421
0.344604
0.345787
0.346969
0.348151
0.349333
0.350515
0.351697
0.35288
0.354063
0.355247
0.356433
0.357621
0.358811
0.360005
0.361204
0.362408
0.363618
0.364837
0.366066
0.367307
0.368563
0.369838
0.371134
0.372458
0.373816
0.375216
0.376671
0.378198
0.379823
0.381589
0.383572
0.384253
0.384917
0.385564
0.386196
0.386811
0.387411
0.387996
0.388566
0.389121
0.389662
