1.51384, 2.20247, 2.73351, 2.2599, 3.14087, 2.25663, 3.17601, 2.25538, 2.47242, 2.25365
1.46175, 2.23594, 2.64886, 2.27621, 3.082, 2.26355, 3.11859, 2.26193, 2.34861, 2.29218
1.42391, 2.25987, 2.55678, 2.29561, 3.02229, 2.27081, 3.0605, 2.26876, 2.16873, 2.3639
1.39445, 2.2701, 2.46075, 2.31679, 2.96588, 2.27717, 3.00577, 2.2747, 2.06509, 2.38215
1.37223, 2.27669, 2.34512, 2.34733, 2.90848, 2.28393, 2.95026, 2.28098, 1.96267, 2.39669
1.35533, 2.28078, 2.16697, 2.41106, 2.84982, 2.29119, 2.89378, 2.28766, 1.86204, 2.40478
1.34236, 2.28317, 2.0725, 2.42348, 2.78954, 2.29907, 2.83605, 2.29484, 1.76125, 2.40227
1.33229, 2.28441, 1.98013, 2.43303, 2.72715, 2.30778, 2.7767, 2.30265, 1.65128, 2.38007
1.32439, 2.28489, 1.89054, 2.43796, 2.66192, 2.3176, 2.71524, 2.31129, 1.4754, 2.28994
1.32158, 2.28936, 1.80881, 2.43963, 2.59527, 2.32964, 2.65336, 2.32165, 1.44858, 2.30116
1.31952, 2.29301, 1.72793, 2.4324, 2.52309, 2.34399, 2.58775, 2.33353, 1.42713, 2.30947
1.31802, 2.29601, 1.64133, 2.41013, 2.44188, 2.36225, 2.51662, 2.34773, 1.40991, 2.31557
1.31692, 2.29851, 1.51938, 2.34617, 2.34274, 2.38867, 2.43643, 2.36586, 1.396, 2.32002
1.31613, 2.3006, 1.49202, 2.35174, 2.18282, 2.44458, 2.33802, 2.39227, 1.3847, 2.32323
1.44557, 2.27093, 1.63463, 2.31317, 2.51197, 2.28149, 2.62675, 2.28348, 1.51884, 2.29025
1.42636, 2.28107, 1.59432, 2.32576, 2.44319, 2.30008, 2.56966, 2.29573, 1.49106, 2.3012
1.41055, 2.28915, 1.55991, 2.33551, 2.36387, 2.32425, 2.5086, 2.30987, 1.46788, 2.30973
1.39751, 2.2956, 1.53064, 2.3429, 2.26007, 2.36202, 2.44139, 2.32701, 1.4485, 2.31632
1.38669, 2.30075, 1.50575, 2.34839, 2.1989, 2.37438, 2.36321, 2.34965, 1.43225, 2.32139
1.50264, 2.27349, 1.62948, 2.31495, 2.57111, 2.20473, 2.62647, 2.26362, 1.55098, 2.2918
1.47998, 2.28383, 1.59538, 2.32548, 2.52124, 2.21894, 2.5781, 2.27459, 1.52384, 2.30205
1.46069, 2.29228, 1.56572, 2.33391, 2.46846, 2.23488, 2.5273, 2.28681, 1.50055, 2.31033
1.44425, 2.29918, 1.53998, 2.34055, 2.41135, 2.25341, 2.47299, 2.30085, 1.48055, 2.31697
1.4302, 2.30479, 1.51763, 2.34573, 2.34706, 2.27634, 2.41321, 2.31776, 1.46335, 2.32226
1.41815, 2.30937, 1.49821, 2.3497, 2.26817, 2.30856, 2.34366, 2.33992, 1.44852, 2.32647
1.51646, 2.28557, 1.60071, 2.32202, 2.45983, 2.24821, 2.55541, 2.27094, 1.54833, 2.30118
1.49667, 2.29368, 1.57473, 2.32962, 2.4075, 2.2651, 2.51031, 2.28238, 1.52618, 2.30899
1.4794, 2.30046, 1.55178, 2.33585, 2.34887, 2.28584, 2.46239, 2.29536, 1.50676, 2.31545
1.4643, 2.30613, 1.53151, 2.34092, 2.27773, 2.31441, 2.41019, 2.31068, 1.48971, 2.32079
1.45106, 2.31085, 1.51358, 2.345, 2.16555, 2.3696, 2.3507, 2.33004, 1.47471, 2.32517
1.53726, 2.28967, 1.60265, 2.32101, 2.39303, 2.2727, 2.5352, 2.27211, 1.56194, 2.30291
1.5188, 2.29684, 1.58019, 2.32765, 2.33831, 2.29254, 2.49508, 2.28267, 1.54197, 2.3098
1.5024, 2.30296, 1.56006, 2.33323, 2.27146, 2.32002, 2.45268, 2.29453, 1.52416, 2.31565
1.4878, 2.30819, 1.54202, 2.33791, 2.23318, 2.32912, 2.40687, 2.30831, 1.50827, 2.3206
1.47478, 2.31264, 1.52584, 2.3418, 2.19549, 2.33793, 2.35551, 2.32526, 1.49407, 2.32478
1.54994, 2.29394, 1.60305, 2.32104, 2.32538, 2.29336, 2.51548, 2.27604, 1.56997, 2.30528
1.53337, 2.30011, 1.58374, 2.32674, 2.26269, 2.32015, 2.47965, 2.28578, 1.55237, 2.31122
1.51844, 2.30547, 1.56623, 2.33165, 2.22869, 2.32826, 2.44193, 2.29663, 1.53646, 2.31635
1.50495, 2.31013, 1.55034, 2.33585, 2.19528, 2.33611, 2.40143, 2.30909, 1.52208, 2.32079
1.57292, 2.29311, 1.62002, 2.31715, 2.31033, 2.29681, 2.5584, 2.26725, 1.59067, 2.30313
1.55698, 2.29897, 1.60199, 2.32264, 2.24999, 2.32376, 2.5292, 2.27468, 1.57394, 2.30881
1.54246, 2.30415, 1.58548, 2.32745, 2.21973, 2.33092, 2.49923, 2.28262, 1.55867, 2.31381
1.52921, 2.30872, 1.57037, 2.33165, 2.19006, 2.33784, 2.46821, 2.29122, 1.54472, 2.31821
1.51712, 2.31275, 1.55652, 2.33533, 2.16102, 2.34448, 2.43577, 2.30069, 1.53197, 2.32207
1.50606, 2.31631, 1.54382, 2.33853, 2.13264, 2.3508, 2.40129, 2.31138, 1.52031, 2.32546
1.56263, 2.30196, 1.60155, 2.323, 2.26417, 2.29934, 2.53201, 2.27626, 1.57729, 2.31065
1.54994, 2.30636, 1.5874, 2.32711, 2.23845, 2.30592, 2.50636, 2.28299, 1.56405, 2.31492
1.53825, 2.31031, 1.57433, 2.33076, 2.21323, 2.31232, 2.48008, 2.29016, 1.55185, 2.31873
1.52749, 2.31383, 1.56225, 2.334, 2.18853, 2.31849, 2.45298, 2.29788, 1.54059, 2.32212
1.51756, 2.31698, 1.55109, 2.33687, 2.16438, 2.32443, 2.42473, 2.30632, 1.5302, 2.32514
1.50839, 2.3198, 1.54076, 2.33942, 2.14078, 2.33012, 2.39487, 2.31574, 1.5206, 2.32783
1.55553, 2.30774, 1.58872, 2.3265, 2.25896, 2.2854, 2.50197, 2.28604, 1.56804, 2.31544
1.5453, 2.31114, 1.57745, 2.32967, 2.20467, 2.31456, 2.47914, 2.29229, 1.55742, 2.31874
1.53579, 2.31422, 1.56695, 2.33252, 2.1834, 2.31985, 2.45575, 2.29893, 1.54754, 2.32171
1.52696, 2.31701, 1.55718, 2.33509, 2.16262, 2.32494, 2.43161, 2.30608, 1.53836, 2.3244
1.51874, 2.31953, 1.54807, 2.33739, 2.14235, 2.32981, 2.40646, 2.31388, 1.52981, 2.32682
1.55953, 2.30906, 1.5895, 2.32625, 2.2446, 2.29105, 2.50129, 2.28856, 1.57083, 2.3161
1.55062, 2.31199, 1.57979, 2.32899, 2.2261, 2.29597, 2.4816, 2.29392, 1.56162, 2.31893
1.54229, 2.31466, 1.5707, 2.33148, 2.20802, 2.30072, 2.46158, 2.29956, 1.55301, 2.32152
1.53451, 2.3171, 1.56218, 2.33374, 2.19035, 2.30533, 2.44112, 2.30552, 1.54495, 2.32389
1.52721, 2.31934, 1.55419, 2.3358, 2.17311, 2.30977, 2.42006, 2.3119, 1.5374, 2.32604
1.52038, 2.32138, 1.5467, 2.33768, 2.15629, 2.31404, 2.39821, 2.31881, 1.53032, 2.32801
1.55438, 2.31262, 1.58117, 2.32841, 2.2512, 2.27856, 2.47548, 2.29735, 1.56449, 2.31905
1.54713, 2.31493, 1.57332, 2.33057, 2.23588, 2.28278, 2.45798, 2.30231, 1.55701, 2.3213
1.54031, 2.31706, 1.56593, 2.33255, 2.2209, 2.28687, 2.4402, 2.30751, 1.54998, 2.32336
1.53389, 2.31903, 1.55897, 2.33438, 2.20629, 2.29084, 2.42202, 2.31301, 1.54336, 2.32527
1.52785, 2.32085, 1.5524, 2.33606, 2.19203, 2.29467, 2.40332, 2.31888, 1.53712, 2.32702
1.52215, 2.32252, 1.54621, 2.3376, 2.17812, 2.29838, 2.38393, 2.32522, 1.53124, 2.32864
1.5505, 2.3152, 1.57491, 2.32988, 2.22551, 2.28369, 2.44605, 2.30701, 1.55972, 2.32116
1.54457, 2.31704, 1.56853, 2.33161, 2.2126, 2.28722, 2.43021, 2.31174, 1.55361, 2.32296
1.53896, 2.31876, 1.56248, 2.33322, 2.20001, 2.29064, 2.41407, 2.31671, 1.54784, 2.32462
1.53366, 2.32036, 1.55676, 2.3347, 2.18774, 2.29395, 2.39753, 2.32198, 1.54238, 2.32617
1.52864, 2.32184, 1.55134, 2.33608, 2.17578, 2.29715, 2.38045, 2.32762, 1.53721, 2.32761
1.55309, 2.31552, 1.57609, 2.32943, 2.2164, 2.28459, 2.43336, 2.31189, 1.56178, 2.32116
1.54795, 2.31711, 1.57058, 2.33093, 2.20528, 2.28764, 2.41919, 2.31622, 1.5565, 2.32271
1.54307, 2.31861, 1.56535, 2.33233, 2.19444, 2.29058, 2.40478, 2.32075, 1.55149, 2.32417
1.53844, 2.32, 1.56038, 2.33364, 2.18388, 2.29343, 2.39005, 2.32552, 1.54673, 2.32552
1.53404, 2.32131, 1.55565, 2.33486, 2.1736, 2.29619, 2.37489, 2.33061, 1.5422, 2.32679
1.55512, 2.31585, 1.57698, 2.32913, 2.20842, 2.28545, 2.41975, 2.31701, 1.56338, 2.32123
1.55067, 2.31723, 1.57223, 2.33043, 2.19884, 2.28808, 2.407, 2.321, 1.55882, 2.32257
1.54644, 2.31852, 1.56771, 2.33165, 2.18951, 2.29061, 2.39404, 2.32518, 1.55447, 2.32383
1.5424, 2.31974, 1.5634, 2.33279, 2.18043, 2.29307, 2.38081, 2.32957, 1.55034, 2.32501
1.56119, 2.31487, 1.5824, 2.32769, 2.21148, 2.28357, 2.42107, 2.31754, 1.5692, 2.32006
1.55716, 2.31613, 1.57811, 2.32888, 2.20301, 2.2859, 2.40981, 2.32105, 1.56507, 2.32129
1.55331, 2.31732, 1.57402, 2.33, 2.19476, 2.28816, 2.39844, 2.32468, 1.56113, 2.32245
1.54964, 2.31844, 1.57011, 2.33106, 2.18674, 2.29034, 2.38691, 2.32846, 1.55737, 2.32354
1.54613, 2.3195, 1.56637, 2.33206, 2.17894, 2.29245, 2.37518, 2.33242, 1.55378, 2.32457
1.56231, 2.31531, 1.58273, 2.32767, 2.20557, 2.28432, 2.4093, 2.32202, 1.57002, 2.32031
1.55883, 2.31639, 1.57904, 2.3287, 2.19828, 2.28632, 2.3992, 2.32525, 1.56647, 2.32136
1.5555, 2.31741, 1.57551, 2.32967, 2.19118, 2.28826, 2.38901, 2.32858, 1.56307, 2.32236
1.55232, 2.31838, 1.57214, 2.33058, 2.18429, 2.29014, 2.3787, 2.33203, 1.55981, 2.32331
1.54928, 2.3193, 1.5689, 2.33145, 2.17758, 2.29196, 2.36823, 2.33562, 1.5567, 2.32421
1.5632, 2.31569, 1.58298, 2.32768, 2.20042, 2.28499, 2.39709, 2.32664, 1.57068, 2.32053
1.56021, 2.31662, 1.57981, 2.32856, 2.19415, 2.28671, 2.38798, 2.32963, 1.56762, 2.32144
1.55734, 2.3175, 1.57677, 2.32939, 2.18805, 2.28838, 2.37879, 2.3327, 1.56468, 2.3223
1.55459, 2.31834, 1.57386, 2.33019, 2.18212, 2.29, 2.36951, 2.33588, 1.56187, 2.32312
1.56697, 2.31512, 1.58637, 2.32684, 2.20244, 2.28383, 2.39512, 2.32792, 1.5743, 2.31985
1.56428, 2.31596, 1.58353, 2.32763, 2.19689, 2.28536, 2.38698, 2.3306, 1.57155, 2.32067
1.5617, 2.31676, 1.5808, 2.32839, 2.1915, 2.28684, 2.3788, 2.33334, 1.56892, 2.32145
1.55922, 2.31752, 1.57818, 2.32911, 2.18625, 2.28827, 2.37057, 2.33616, 1.56639, 2.32219
