0.693626
0.645882
0.622209
0.66435
0.71822
0.752297
0.646715
0.732769
0.791152
0.75239
0.772282
0.747614
0.779194
0.81771
0.868064
0.825422
0.892319
0.865846
0.753066
0.777083
0.765221
0.796262
0.775062
0.812604
0.784927
0.806788
0.80021
0.830731
0.806069
0.812786
0.82313
0.841619
0.841643
0.829306
0.851939
0.849225
0.868977
0.847671
0.878005
0.866169
0.889071
0.877363
0.886506
0.89759
0.909077
0.910925
0.894517
0.932932
0.922838
0.925808
0.93537
0.947158
0.949971
0.961151
0.948708
0.947408
0.964995
0.94777
0.914311
0.911679
0.929121
0.925433
0.928186
0.930227
0.947778
0.939445
0.93421
0.953185
0.953063
0.956532
0.955288
0.967472
0.959565
0.970373
0.96949
0.960298
0.966069
0.961411
0.977995
0.977003
0.974736
0.980375
0.981438
0.953785
0.957841
0.962254
0.962897
0.966864
0.963628
0.969807
0.970282
0.972776
0.969067
0.977913
0.973833
0.978454
0.97755
0.975012
0.972454
0.979378
