2.58127
1.69743
2.23673
1.94813
1.10086
1.28775
1.71549
2.35807
1.99797
1.02138
1.09406
1.2349
1.5167
2.14039
2.34226
2.18184
2.3463
2.2214
2.35095
2.25771
2.3571
2.29013
2.36497
2.31861
2.37435
2.34347
2.38483
2.36517
2.396
2.38421
2.40744
2.40106
2.41886
2.4161
2.43001
2.42963
2.44076
2.44189
2.45101
2.45308
2.46071
2.46333
2.46984
2.47275
2.47841
2.48144
2.48643
2.48947
2.49392
2.4969
2.5009
2.5038
2.50742
2.51019
2.5135
2.51614
2.51916
2.52166
2.52444
2.5268
2.52937
2.53158
2.53396
2.53604
2.53824
2.54019
2.54224
2.54407
2.54596
2.54768
2.54944
2.55105
2.5527
2.5542
2.55573
2.55714
2.55857
2.55989
2.56122
2.56246
2.5637
2.56486
2.56602
2.56711
2.5682
2.56921
2.57023
2.57118
2.57213
2.57302
2.57391
2.57475
2.57558
2.57637
2.57714
2.57788
2.57861
2.5793
2.57998
2.58063
