0.150761
0.164289
0.166078
0.167843
0.169586
0.171307
0.173006
0.174684
0.176341
0.177979
0.1796
0.181204
0.182792
0.184368
0.184948
0.189118
0.190855
0.19001
0.191931
0.193537
0.195151
0.194399
0.199339
0.201301
0.203372
0.205621
0.208207
0.209839
0.211318
0.213218
0.215321
0.216697
0.218046
0.219368
0.220664
0.221342
0.22077
0.222379
0.223631
0.224855
0.226054
0.227226
0.228373
0.229493
0.230588
0.231658
0.232703
0.233683
0.234157
0.235195
0.236207
0.237194
0.238155
0.239093
0.240007
0.240897
0.241764
0.242609
0.243431
0.244232
0.244159
0.238635
0.244755
0.245522
0.246269
0.246997
0.247706
0.248397
0.24907
0.249726
0.250365
0.25002
0.250563
0.251198
0.251818
0.252423
0.253013
0.253588
0.254151
0.254699
0.255235
0.255758
0.256269
0.256768
0.257256
0.257732
0.258198
0.257407
0.257965
0.258439
0.258903
0.259357
0.259802
0.260238
0.260665
0.261084
0.261494
0.261703
0.261915
0.262067
