1.14015
0.184589
0.203715
0.24542
0.336091
0.535518
0.995497
0.432762
0.725598
1.08742
0.311881
0.445048
0.709988
1.20766
0.191055
0.207249
0.234752
0.281288
0.360166
0.495447
0.73531
1.20305
0.2473
0.292066
0.36188
0.471768
0.64892
0.952141
0.933538
0.991946
0.877215
1.14438
0.527925
0.698125
0.971216
1.00449
0.946249
1.08679
0.782778
1.071
0.853367
1.17655
0.598791
0.751051
0.976098
1.12923
0.797147
1.02706
1.06175
1.00024
1.13853
0.844261
1.06504
1.04094
1.10126
0.985382
1.2256
0.665413
0.778388
0.926742
1.13921
0.966735
1.18947
0.861436
1.01854
1.24067
1.10306
1.10291
1.11169
1.10296
1.12788
1.08758
1.17124
1.0128
1.18742
0.993264
1.14793
1.09497
1.19836
1.00233
1.14252
1.13337
1.15634
1.12063
1.19021
1.06691
1.2097
1.03877
1.16105
1.14818
1.17592
1.13249
1.21151
1.07487
1.18935
1.12955
1.23342
1.05209
1.14572
1.22062
