0.141376
0.141958
0.142529
0.143088
0.143635
0.14417
0.144693
0.145203
0.145701
0.146187
0.146661
0.147122
0.147573
0.148011
0.148439
0.148855
0.149261
0.149657
0.150043
0.150419
0.150787
0.151145
0.151495
0.151838
0.152172
0.1525
0.15282
0.153134
0.153442
0.153744
0.15404
0.154332
0.154618
0.1549
0.155177
0.155451
0.155721
0.155987
0.15625
0.15651
0.156768
0.157023
0.157275
0.157525
0.157774
0.15802
0.158265
0.158509
0.158751
0.158992
0.159232
0.159471
0.15971
0.159948
0.160185
0.160423
0.16066
0.160897
0.161134
0.161371
0.161608
0.161846
0.162084
0.162322
0.162561
0.162801
0.163042
0.163284
0.163527
0.163771
0.164016
0.164262
0.16451
0.16476
0.165011
0.165264
0.165519
0.165776
0.166036
0.166297
0.166562
0.166828
0.167098
0.167371
0.167647
0.167927
0.168211
0.168498
0.16879
0.169087
0.169389
0.169697
0.170011
0.170332
0.17066
0.170996
0.171342
0.171699
0.172067
0.172449
