0.0146998
0.0147045
0.0147091
0.0147137
0.0147182
0.0147226
0.014727
0.0147313
0.0147356
0.0147398
0.0147439
0.0147479
0.0147519
0.0147558
0.0147596
0.0147634
0.0147671
0.0147707
0.0147743
0.0147778
0.0147812
0.0147845
0.0147878
0.014791
0.0147942
0.0147973
0.0148003
0.0148032
0.0148061
0.0148089
0.0148117
0.0148144
0.014817
0.0148196
0.0148221
0.0148245
0.0148269
0.0148293
0.0148315
0.0148338
0.0148359
0.0148381
0.0148401
0.0148421
0.0148441
0.014846
0.0148479
0.0148497
0.0148515
0.0148532
0.0148549
0.0148565
0.0148581
0.0148596
0.0148612
0.0148626
0.0148641
0.0148654
0.0148668
0.0148681
0.0148694
0.0148707
0.0148719
0.0148731
0.0148742
0.0148753
0.0148764
0.0148775
0.0148785
0.0148795
0.0148805
0.0148814
0.0148823
0.0148832
0.0148841
0.0148849
0.0148858
0.0148866
0.0148873
0.0148881
0.0148888
0.0148895
0.0148902
0.0148909
0.0148915
0.0148922
0.0148928
0.0148934
0.014894
0.0148945
0.0148951
0.0148956
0.0148961
0.0148966
0.0148971
0.0148976
0.014898
0.0148985
0.0148989
0.0148993
