0.751897
0.584656
0.445297
0.180136
0.296524
0.353091
0.429079
0.430209
0.505777
0.519708
0.408972
0.489694
0.669827
0.408267
0.0472083
0.0712997
0.112848
0.184916
0.312738
0.302536
0.314163
0.332388
0.360801
0.312434
0.375902
0.425791
0.43142
0.260613
0.117674
0.16561
0.23566
0.33948
0.328061
0.34591
0.370529
0.348612
0.386642
0.425039
0.412455
0.456107
0.518918
0.516644
0.582329
0.663766
0.275609
0.350539
0.447719
0.574542
0.533219
0.651331
0.645409
0.766971
0.74974
0.75745
0.765406
0.753522
0.760333
0.768087
0.776201
0.784795
0.794089
0.80456
0.798468
0.7872
0.792668
0.798106
0.803519
0.808913
0.814296
0.819681
0.825083
0.830528
0.836051
0.841711
0.847613
0.841593
0.830973
0.824145
0.827999
0.83181
0.835582
0.83932
0.843032
0.846726
0.850414
0.847118
0.849696
0.853292
0.856946
0.859913
0.862452
0.733112
0.777973
0.822276
0.843064
0.846394
0.849881
0.851647
0.848822
0.850445
