1.72785, 1.59347, 3.15779, 3.86486, 4.50052, 3.37633, 3.99745, 1.27068, 2.46837, 0.77028, 3.9774, 0.806452, 2.26422, 2.86174, 4.22597, 4.13714, 4.18522, 2.90588, 2.15263, 2.85805
1.72491, 1.59632, 3.15518, 3.86418, 4.49866, 3.37621, 3.99572, 1.2715, 2.4666, 0.772083, 3.97584, 0.80739, 2.26, 2.8622, 4.22409, 4.13665, 4.1832, 2.90597, 2.14811, 2.85858
1.72205, 1.5991, 3.15265, 3.86351, 4.49686, 3.37609, 3.99405, 1.2723, 2.46488, 0.773834, 3.97433, 0.8083, 2.25591, 2.86265, 4.22228, 4.13618, 4.18124, 2.90606, 2.14373, 2.8591
1.71927, 1.6018, 3.15019, 3.86287, 4.49511, 3.37597, 3.99242, 1.27308, 2.4632, 0.775534, 3.97286, 0.809184, 2.25192, 2.86309, 4.22051, 4.13572, 4.17934, 2.90614, 2.13946, 2.8596
1.71657, 1.60442, 3.1478, 3.86225, 4.49341, 3.37586, 3.99085, 1.27383, 2.46158, 0.777185, 3.97144, 0.810041, 2.24805, 2.86351, 4.2188, 4.13528, 4.17749, 2.90623, 2.1353, 2.86009
1.71395, 1.60697, 3.14548, 3.86164, 4.49176, 3.37575, 3.98932, 1.27456, 2.46, 0.778787, 3.97006, 0.810873, 2.24428, 2.86392, 4.21714, 4.13484, 4.1757, 2.90631, 2.13126, 2.86056
1.71139, 1.60945, 3.14323, 3.86105, 4.49016, 3.37564, 3.98783, 1.27527, 2.45847, 0.780342, 3.96872, 0.81168, 2.24062, 2.86432, 4.21553, 4.13443, 4.17396, 2.90639, 2.12733, 2.86102
1.70891, 1.61185, 3.14105, 3.86048, 4.48861, 3.37554, 3.98639, 1.27595, 2.45699, 0.781852, 3.96742, 0.812464, 2.23706, 2.86471, 4.21396, 4.13402, 4.17227, 2.90647, 2.12351, 2.86147
1.7065, 1.61419, 3.13893, 3.85993, 4.4871, 3.37544, 3.98499, 1.27662, 2.45555, 0.783317, 3.96615, 0.813224, 2.2336, 2.86509, 4.21245, 4.13363, 4.17064, 2.90654, 2.11979, 2.8619
1.70415, 1.61647, 3.13687, 3.85939, 4.48564, 3.37534, 3.98364, 1.27727, 2.45415, 0.784739, 3.96493, 0.813961, 2.23023, 2.86545, 4.21097, 4.13324, 4.16905, 2.90661, 2.11618, 2.86233
1.70187, 1.61868, 3.13487, 3.85887, 4.48422, 3.37524, 3.98232, 1.27789, 2.45279, 0.78612, 3.96374, 0.814677, 2.22696, 2.86581, 4.20954, 4.13287, 4.1675, 2.90669, 2.11267, 2.86274
1.69966, 1.62083, 3.13293, 3.85836, 4.48284, 3.37515, 3.98104, 1.2785, 2.45147, 0.78746, 3.96259, 0.815372, 2.22378, 2.86616, 4.20816, 4.13251, 4.16601, 2.90675, 2.10925, 2.86314
1.69751, 1.62292, 3.13104, 3.85787, 4.48151, 3.37506, 3.97981, 1.2791, 2.45019, 0.788761, 3.96147, 0.816045, 2.22069, 2.8665, 4.20681, 4.13216, 4.16455, 2.90682, 2.10593, 2.86353
1.69542, 1.62495, 3.12921, 3.85739, 4.48021, 3.37498, 3.9786, 1.27967, 2.44895, 0.790024, 3.96038, 0.816699, 2.21769, 2.86682, 4.2055, 4.13182, 4.16314, 2.90688, 2.1027, 2.86391
1.69338, 1.62692, 3.12744, 3.85693, 4.47895, 3.37489, 3.97744, 1.28023, 2.44774, 0.791249, 3.95933, 0.817334, 2.21477, 2.86714, 4.20424, 4.13149, 4.16178, 2.90695, 2.09956, 2.86428
1.69141, 1.62884, 3.12572, 3.85647, 4.47773, 3.37481, 3.9763, 1.28077, 2.44657, 0.792438, 3.95831, 0.817949, 2.21194, 2.86745, 4.20301, 4.13118, 4.16045, 2.90701, 2.09651, 2.86464
1.68949, 1.6307, 3.12404, 3.85604, 4.47655, 3.37473, 3.9752, 1.28129, 2.44543, 0.793593, 3.95731, 0.818547, 2.20918, 2.86775, 4.20182, 4.13087, 4.15916, 2.90707, 2.09354, 2.86498
1.68763, 1.63251, 3.12242, 3.85561, 4.4754, 3.37466, 3.97414, 1.2818, 2.44433, 0.794713, 3.95635, 0.819126, 2.2065, 2.86805, 4.20066, 4.13057, 4.15791, 2.90712, 2.09065, 2.86532
1.68582, 1.63426, 3.12085, 3.8552, 4.47428, 3.37458, 3.9731, 1.28229, 2.44326, 0.7958, 3.95542, 0.819688, 2.2039, 2.86833, 4.19953, 4.13027, 4.1567, 2.90718, 2.08785, 2.86565
1.68406, 1.63597, 3.11932, 3.8548, 4.4732, 3.37451, 3.9721, 1.28277, 2.44222, 0.796855, 3.95451, 0.820234, 2.20137, 2.86861, 4.19844, 4.12999, 4.15552, 2.90723, 2.08513, 2.86597
1.68235, 1.63763, 3.11783, 3.85441, 4.47215, 3.37444, 3.97113, 1.28324, 2.44122, 0.79788, 3.95363, 0.820763, 2.19892, 2.86887, 4.19739, 4.12972, 4.15438, 2.90728, 2.08248, 2.86628
1.68069, 1.63924, 3.11639, 3.85404, 4.47113, 3.37437, 3.97018, 1.28369, 2.44024, 0.798873, 3.95278, 0.821277, 2.19653, 2.86914, 4.19636, 4.12945, 4.15327, 2.90734, 2.07991, 2.86658
1.67908, 1.64081, 3.11499, 3.85367, 4.47015, 3.3743, 3.96927, 1.28412, 2.43929, 0.799838, 3.95195, 0.821775, 2.19421, 2.86939, 4.19537, 4.12919, 4.1522, 2.90738, 2.07741, 2.86688
1.67751, 1.64233, 3.11364, 3.85332, 4.46919, 3.37424, 3.96838, 1.28455, 2.43837, 0.800774, 3.95115, 0.822258, 2.19196, 2.86963, 4.1944, 4.12894, 4.15116, 2.90743, 2.07498, 2.86716
1.67599, 1.6438, 3.11232, 3.85297, 4.46826, 3.37418, 3.96751, 1.28496, 2.43747, 0.801682, 3.95037, 0.822727, 2.18977, 2.86987, 4.19346, 4.1287, 4.15014, 2.90748, 2.07262, 2.86744
1.67451, 1.64524, 3.11104, 3.85264, 4.46736, 3.37412, 3.96668, 1.28536, 2.43661, 0.802564, 3.94961, 0.823183, 2.18765, 2.87011, 4.19255, 4.12846, 4.14916, 2.90752, 2.07033, 2.86771
1.67308, 1.64663, 3.1098, 3.85232, 4.46648, 3.37406, 3.96586, 1.28575, 2.43577, 0.803419, 3.94888, 0.823624, 2.18559, 2.87033, 4.19167, 4.12823, 4.14821, 2.90757, 2.0681, 2.86797
1.67168, 1.64798, 3.1086, 3.852, 4.46563, 3.374, 3.96508, 1.28612, 2.43495, 0.804249, 3.94817, 0.824052, 2.18358, 2.87055, 4.19082, 4.12801, 4.14729, 2.90761, 2.06593, 2.86822
1.67033, 1.64929, 3.10743, 3.8517, 4.46481, 3.37395, 3.96431, 1.28649, 2.43416, 0.805055, 3.94748, 0.824468, 2.18164, 2.87076, 4.18998, 4.12779, 4.14639, 2.90765, 2.06383, 2.86847
1.66902, 1.65057, 3.1063, 3.8514, 4.46401, 3.3739, 3.96357, 1.28684, 2.43339, 0.805836, 3.94681, 0.824871, 2.17974, 2.87097, 4.18918, 4.12759, 4.14552, 2.90769, 2.06179, 2.86871
1.66774, 1.65181, 3.1052, 3.85111, 4.46323, 3.37384, 3.96285, 1.28719, 2.43264, 0.806595, 3.94616, 0.825262, 2.17791, 2.87117, 4.1884, 4.12738, 4.14468, 2.90773, 2.0598, 2.86894
1.6665, 1.65301, 3.10413, 3.85083, 4.46248, 3.37379, 3.96215, 1.28752, 2.43192, 0.807331, 3.94553, 0.825642, 2.17613, 2.87136, 4.18764, 4.12719, 4.14386, 2.90777, 2.05788, 2.86917
1.6653, 1.65418, 3.10309, 3.85056, 4.46175, 3.37374, 3.96147, 1.28784, 2.43121, 0.808045, 3.94492, 0.82601, 2.17439, 2.87155, 4.1869, 4.12699, 4.14306, 2.9078, 2.056, 2.86939
1.66413, 1.65531, 3.10209, 3.8503, 4.46104, 3.3737, 3.96082, 1.28816, 2.43053, 0.808738, 3.94433, 0.826367, 2.17271, 2.87174, 4.18619, 4.12681, 4.14229, 2.90784, 2.05419, 2.8696
1.663, 1.65641, 3.10111, 3.85005, 4.46035, 3.37365, 3.96018, 1.28846, 2.42987, 0.80941, 3.94375, 0.826714, 2.17108, 2.87191, 4.1855, 4.12663, 4.14154, 2.90787, 2.05242, 2.86981
1.66189, 1.65748, 3.10017, 3.8498, 4.45969, 3.37361, 3.95956, 1.28875, 2.42923, 0.810063, 3.94319, 0.82705, 2.16949, 2.87209, 4.18482, 4.12645, 4.14082, 2.9079, 2.0507, 2.87001
1.66082, 1.65852, 3.09925, 3.84956, 4.45904, 3.37356, 3.95896, 1.28904, 2.42861, 0.810696, 3.94265, 0.827376, 2.16795, 2.87226, 4.18417, 4.12629, 4.14011, 2.90794, 2.04904, 2.8702
1.65979, 1.65953, 3.09836, 3.84933, 4.45841, 3.37352, 3.95838, 1.28932, 2.428, 0.81131, 3.94212, 0.827693, 2.16646, 2.87242, 4.18354, 4.12612, 4.13943, 2.90797, 2.04742, 2.87039
1.65878, 1.66051, 3.09749, 3.8491, 4.4578, 3.37348, 3.95781, 1.28959, 2.42742, 0.811906, 3.94161, 0.828, 2.16501, 2.87258, 4.18293, 4.12596, 4.13877, 2.908, 2.04585, 2.87058
1.6578, 1.66146, 3.09665, 3.84888, 4.45721, 3.37344, 3.95726, 1.28985, 2.42685, 0.812484, 3.94112, 0.828297, 2.1636, 2.87273, 4.18233, 4.12581, 4.13812, 2.90803, 2.04432, 2.87076
1.65685, 1.66238, 3.09584, 3.84867, 4.45664, 3.3734, 3.95673, 1.2901, 2.42629, 0.813045, 3.94064, 0.828586, 2.16223, 2.87288, 4.18175, 4.12566, 4.1375, 2.90806, 2.04284, 2.87093
1.65593, 1.66327, 3.09505, 3.84846, 4.45608, 3.37337, 3.95622, 1.29035, 2.42576, 0.81359, 3.94017, 0.828867, 2.1609, 2.87303, 4.18119, 4.12551, 4.1369, 2.90808, 2.0414, 2.8711
1.65503, 1.66414, 3.09428, 3.84826, 4.45554, 3.37333, 3.95572, 1.29059, 2.42524, 0.814118, 3.93972, 0.829138, 2.15961, 2.87317, 4.18065, 4.12537, 4.13631, 2.90811, 2.04001, 2.87126
1.65416, 1.66499, 3.09354, 3.84807, 4.45502, 3.3733, 3.95523, 1.29082, 2.42473, 0.81463, 3.93928, 0.829402, 2.15836, 2.8733, 4.18012, 4.12523, 4.13574, 2.90814, 2.03865, 2.87142
1.65332, 1.66581, 3.09282, 3.84788, 4.45451, 3.37326, 3.95476, 1.29104, 2.42424, 0.815128, 3.93886, 0.829658, 2.15714, 2.87344, 4.17961, 4.1251, 4.13519, 2.90816, 2.03733, 2.87158
1.6525, 1.6666, 3.09212, 3.84769, 4.45402, 3.37323, 3.9543, 1.29126, 2.42377, 0.81561, 3.93845, 0.829906, 2.15596, 2.87357, 4.17912, 4.12497, 4.13465, 2.90819, 2.03605, 2.87173
1.6517, 1.66737, 3.09144, 3.84752, 4.45354, 3.3732, 3.95386, 1.29147, 2.42331, 0.816078, 3.93805, 0.830147, 2.15482, 2.87369, 4.17863, 4.12485, 4.13413, 2.90821, 2.03481, 2.87187
1.65093, 1.66812, 3.09078, 3.84734, 4.45308, 3.37317, 3.95343, 1.29168, 2.42286, 0.816532, 3.93766, 0.830381, 2.15371, 2.87381, 4.17817, 4.12473, 4.13363, 2.90823, 2.03361, 2.87201
1.65018, 1.66885, 3.09014, 3.84718, 4.45263, 3.37314, 3.95301, 1.29188, 2.42243, 0.816973, 3.93728, 0.830608, 2.15263, 2.87393, 4.17771, 4.12461, 4.13314, 2.90826, 2.03244, 2.87215
1.64945, 1.66955, 3.08952, 3.84702, 4.4522, 3.37311, 3.95261, 1.29207, 2.42201, 0.817401, 3.93692, 0.830827, 2.15158, 2.87404, 4.17727, 4.12449, 4.13266, 2.90828, 2.0313, 2.87228
1.64875, 1.67024, 3.08892, 3.84686, 4.45177, 3.37308, 3.95222, 1.29226, 2.4216, 0.817815, 3.93656, 0.831041, 2.15056, 2.87416, 4.17685, 4.12438, 4.1322, 2.9083, 2.0302, 2.87241
1.64806, 1.6709, 3.08833, 3.84671, 4.45136, 3.37305, 3.95183, 1.29244, 2.4212, 0.818218, 3.93622, 0.831248, 2.14957, 2.87426, 4.17643, 4.12428, 4.13176, 2.90832, 2.02913, 2.87254
1.6474, 1.67155, 3.08777, 3.84656, 4.45096, 3.37303, 3.95147, 1.29262, 2.42082, 0.818608, 3.93589, 0.831448, 2.14862, 2.87437, 4.17603, 4.12417, 4.13132, 2.90834, 2.02809, 2.87266
1.64675, 1.67218, 3.08722, 3.84641, 4.45058, 3.373, 3.95111, 1.29279, 2.42045, 0.818987, 3.93556, 0.831643, 2.14769, 2.87447, 4.17564, 4.12407, 4.1309, 2.90836, 2.02708, 2.87278
1.64613, 1.67278, 3.08668, 3.84627, 4.4502, 3.37297, 3.95076, 1.29295, 2.42009, 0.819354, 3.93525, 0.831832, 2.14678, 2.87457, 4.17527, 4.12397, 4.13049, 2.90838, 2.0261, 2.87289
1.64552, 1.67337, 3.08617, 3.84614, 4.44984, 3.37295, 3.95042, 1.29311, 2.41974, 0.819711, 3.93494, 0.832015, 2.14591, 2.87466, 4.1749, 4.12388, 4.1301, 2.90839, 2.02515, 2.87301
1.64493, 1.67395, 3.08566, 3.84601, 4.44949, 3.37293, 3.95009, 1.29327, 2.41939, 0.820057, 3.93465, 0.832193, 2.14506, 2.87476, 4.17454, 4.12379, 4.12971, 2.90841, 2.02423, 2.87311
1.64436, 1.6745, 3.08518, 3.84588, 4.44914, 3.3729, 3.94978, 1.29342, 2.41906, 0.820392, 3.93436, 0.832366, 2.14423, 2.87485, 4.1742, 4.1237, 4.12934, 2.90843, 2.02333, 2.87322
1.6438, 1.67504, 3.08471, 3.84576, 4.44881, 3.37288, 3.94947, 1.29357, 2.41874, 0.820718, 3.93409, 0.832533, 2.14343, 2.87493, 4.17386, 4.12361, 4.12898, 2.90845, 2.02246, 2.87332
1.64326, 1.67556, 3.08425, 3.84564, 4.44849, 3.37286, 3.94917, 1.29371, 2.41843, 0.821034, 3.93382, 0.832695, 2.14265, 2.87502, 4.17354, 4.12352, 4.12863, 2.90846, 2.02162, 2.87342
1.64274, 1.67607, 3.0838, 3.84552, 4.44818, 3.37284, 3.94888, 1.29385, 2.41813, 0.82134, 3.93355, 0.832853, 2.1419, 2.8751, 4.17323, 4.12344, 4.12829, 2.90848, 2.0208, 2.87352
1.64223, 1.67657, 3.08337, 3.84541, 4.44788, 3.37282, 3.9486, 1.29398, 2.41784, 0.821637, 3.9333, 0.833005, 2.14117, 2.87518, 4.17292, 4.12336, 4.12796, 2.90849, 2.02, 2.87361
1.64174, 1.67704, 3.08295, 3.8453, 4.44758, 3.3728, 3.94833, 1.29411, 2.41756, 0.821926, 3.93305, 0.833153, 2.14046, 2.87526, 4.17262, 4.12329, 4.12764, 2.90851, 2.01923, 2.8737
1.64126, 1.67751, 3.08255, 3.84519, 4.4473, 3.37278, 3.94806, 1.29424, 2.41728, 0.822205, 3.93282, 0.833297, 2.13977, 2.87533, 4.17234, 4.12321, 4.12733, 2.90852, 2.01848, 2.87379
1.6408, 1.67796, 3.08215, 3.84509, 4.44702, 3.37276, 3.94781, 1.29436, 2.41701, 0.822477, 3.93258, 0.833437, 2.1391, 2.87541, 4.17206, 4.12314, 4.12703, 2.90853, 2.01776, 2.87387
1.64034, 1.6784, 3.08177, 3.84499, 4.44675, 3.37274, 3.94756, 1.29448, 2.41675, 0.82274, 3.93236, 0.833572, 2.13845, 2.87548, 4.17179, 4.12307, 4.12674, 2.90855, 2.01705, 2.87396
1.63991, 1.67882, 3.0814, 3.84489, 4.44649, 3.37273, 3.94731, 1.2946, 2.4165, 0.822996, 3.93214, 0.833703, 2.13782, 2.87555, 4.17153, 4.123, 4.12645, 2.90856, 2.01637, 2.87404
1.63948, 1.67923, 3.08104, 3.8448, 4.44624, 3.37271, 3.94708, 1.29471, 2.41626, 0.823243, 3.93193, 0.83383, 2.13721, 2.87561, 4.17127, 4.12294, 4.12618, 2.90857, 2.0157, 2.87411
1.63907, 1.67963, 3.08069, 3.84471, 4.44599, 3.37269, 3.94685, 1.29482, 2.41602, 0.823484, 3.93173, 0.833954, 2.13661, 2.87568, 4.17102, 4.12287, 4.12591, 2.90859, 2.01506, 2.87419
1.63867, 1.68002, 3.08035, 3.84462, 4.44576, 3.37268, 3.94663, 1.29492, 2.41579, 0.823717, 3.93153, 0.834074, 2.13604, 2.87574, 4.17078, 4.12281, 4.12565, 2.9086, 2.01443, 2.87426
1.63829, 1.68039, 3.08002, 3.84453, 4.44553, 3.37266, 3.94642, 1.29502, 2.41557, 0.823943, 3.93133, 0.83419, 2.13548, 2.8758, 4.17055, 4.12275, 4.1254, 2.90861, 2.01382, 2.87433
1.63791, 1.68076, 3.0797, 3.84445, 4.4453, 3.37265, 3.94621, 1.29512, 2.41535, 0.824163, 3.93115, 0.834302, 2.13494, 2.87586, 4.17033, 4.12269, 4.12516, 2.90862, 2.01323, 2.8744
1.63754, 1.68111, 3.07939, 3.84437, 4.44509, 3.37263, 3.94601, 1.29522, 2.41515, 0.824376, 3.93097, 0.834412, 2.13441, 2.87592, 4.17011, 4.12263, 4.12492, 2.90863, 2.01266, 2.87447
1.63719, 1.68146, 3.07909, 3.84429, 4.44488, 3.37262, 3.94582, 1.29531, 2.41494, 0.824582, 3.93079, 0.834518, 2.1339, 2.87598, 4.1699, 4.12258, 4.12469, 2.90864, 2.01211, 2.87454
1.63685, 1.68179, 3.0788, 3.84421, 4.44467, 3.37261, 3.94563, 1.2954, 2.41474, 0.824783, 3.93062, 0.834621, 2.1334, 2.87603, 4.16969, 4.12253, 4.12447, 2.90865, 2.01157, 2.8746
1.63651, 1.68211, 3.07852, 3.84414, 4.44447, 3.37259, 3.94544, 1.29549, 2.41455, 0.824977, 3.93045, 0.83472, 2.13292, 2.87608, 4.16949, 4.12247, 4.12425, 2.90866, 2.01105, 2.87466
1.63619, 1.68243, 3.07825, 3.84407, 4.44428, 3.37258, 3.94526, 1.29558, 2.41437, 0.825166, 3.93029, 0.834817, 2.13246, 2.87613, 4.1693, 4.12242, 4.12405, 2.90867, 2.01054, 2.87472
1.63588, 1.68273, 3.07798, 3.844, 4.4441, 3.37257, 3.94509, 1.29566, 2.41419, 0.825348, 3.93014, 0.834911, 2.132, 2.87618, 4.16911, 4.12237, 4.12384, 2.90868, 2.01005, 2.87478
1.63557, 1.68303, 3.07772, 3.84393, 4.44392, 3.37255, 3.94492, 1.29574, 2.41401, 0.825526, 3.92998, 0.835002, 2.13157, 2.87623, 4.16893, 4.12233, 4.12365, 2.90869, 2.00957, 2.87483
1.63528, 1.68331, 3.07747, 3.84387, 4.44374, 3.37254, 3.94476, 1.29582, 2.41384, 0.825698, 3.92984, 0.835091, 2.13114, 2.87628, 4.16875, 4.12228, 4.12345, 2.9087, 2.00911, 2.87489
1.63499, 1.68359, 3.07723, 3.8438, 4.44357, 3.37253, 3.9446, 1.29589, 2.41368, 0.825865, 3.9297, 0.835176, 2.13073, 2.87632, 4.16858, 4.12224, 4.12327, 2.90871, 2.00866, 2.87494
1.63471, 1.68386, 3.077, 3.84374, 4.44341, 3.37252, 3.94445, 1.29596, 2.41352, 0.826027, 3.92956, 0.835259, 2.13032, 2.87637, 4.16841, 4.12219, 4.12309, 2.90871, 2.00822, 2.87499
1.63444, 1.68412, 3.07677, 3.84368, 4.44325, 3.37251, 3.9443, 1.29604, 2.41337, 0.826184, 3.92942, 0.83534, 2.12994, 2.87641, 4.16825, 4.12215, 4.12292, 2.90872, 2.0078, 2.87504
1.63418, 1.68438, 3.07655, 3.84363, 4.44309, 3.3725, 3.94416, 1.2961, 2.41322, 0.826337, 3.92929, 0.835418, 2.12956, 2.87645, 4.1681, 4.12211, 4.12275, 2.90873, 2.00739, 2.87509
1.63393, 1.68462, 3.07633, 3.84357, 4.44294, 3.37249, 3.94402, 1.29617, 2.41307, 0.826485, 3.92917, 0.835494, 2.12919, 2.87649, 4.16794, 4.12207, 4.12258, 2.90874, 2.00699, 2.87514
1.63368, 1.68486, 3.07612, 3.84351, 4.44279, 3.37248, 3.94388, 1.29624, 2.41293, 0.826628, 3.92905, 0.835568, 2.12884, 2.87653, 4.1678, 4.12203, 4.12242, 2.90875, 2.0066, 2.87518
1.63344, 1.68509, 3.07592, 3.84346, 4.44265, 3.37247, 3.94375, 1.2963, 2.41279, 0.826767, 3.92893, 0.835639, 2.12849, 2.87657, 4.16765, 4.122, 4.12227, 2.90875, 2.00623, 2.87522
1.63321, 1.68532, 3.07573, 3.84341, 4.44251, 3.37246, 3.94362, 1.29636, 2.41266, 0.826902, 3.92881, 0.835708, 2.12816, 2.8766, 4.16752, 4.12196, 4.12212, 2.90876, 2.00586, 2.87527
1.63298, 1.68554, 3.07554, 3.84336, 4.44238, 3.37245, 3.9435, 1.29642, 2.41253, 0.827033, 3.9287, 0.835776, 2.12783, 2.87664, 4.16738, 4.12193, 4.12197, 2.90877, 2.00551, 2.87531
1.63277, 1.68575, 3.07535, 3.84331, 4.44225, 3.37244, 3.94338, 1.29647, 2.41241, 0.82716, 3.92859, 0.835841, 2.12752, 2.87667, 4.16725, 4.12189, 4.12183, 2.90877, 2.00517, 2.87535
1.63255, 1.68596, 3.07517, 3.84327, 4.44213, 3.37244, 3.94326, 1.29653, 2.41228, 0.827283, 3.92849, 0.835904, 2.12721, 2.87671, 4.16712, 4.12186, 4.1217, 2.90878, 2.00484, 2.87539
1.63235, 1.68616, 3.075, 3.84322, 4.442, 3.37243, 3.94315, 1.29658, 2.41217, 0.827403, 3.92838, 0.835965, 2.12691, 2.87674, 4.167, 4.12183, 4.12156, 2.90878, 2.00451, 2.87543
1.63215, 1.68635, 3.07483, 3.84318, 4.44189, 3.37242, 3.94304, 1.29664, 2.41205, 0.827519, 3.92829, 0.836025, 2.12663, 2.87677, 4.16688, 4.1218, 4.12144, 2.90879, 2.0042, 2.87546
1.63196, 1.68654, 3.07467, 3.84313, 4.44177, 3.37241, 3.94293, 1.29669, 2.41194, 0.827631, 3.92819, 0.836083, 2.12635, 2.8768, 4.16677, 4.12177, 4.12131, 2.9088, 2.0039, 2.8755
1.63177, 1.68672, 3.07451, 3.84309, 4.44166, 3.3724, 3.94283, 1.29674, 2.41183, 0.827741, 3.9281, 0.836139, 2.12608, 2.87683, 4.16665, 4.12174, 4.12119, 2.9088, 2.0036, 2.87553
1.63159, 1.6869, 3.07435, 3.84305, 4.44155, 3.3724, 3.94273, 1.29678, 2.41173, 0.827846, 3.92801, 0.836193, 2.12581, 2.87686, 4.16655, 4.12171, 4.12107, 2.90881, 2.00332, 2.87557
1.63141, 1.68707, 3.0742, 3.84301, 4.44145, 3.37239, 3.94263, 1.29683, 2.41163, 0.827949, 3.92792, 0.836246, 2.12556, 2.87689, 4.16644, 4.12168, 4.12096, 2.90881, 2.00304, 2.8756
1.63124, 1.68723, 3.07406, 3.84298, 4.44135, 3.37238, 3.94254, 1.29688, 2.41153, 0.828049, 3.92783, 0.836297, 2.12531, 2.87691, 4.16634, 4.12166, 4.12085, 2.90882, 2.00277, 2.87563
1.63107, 1.68739, 3.07392, 3.84294, 4.44125, 3.37238, 3.94245, 1.29692, 2.41144, 0.828145, 3.92775, 0.836346, 2.12507, 2.87694, 4.16624, 4.12163, 4.12074, 2.90882, 2.00251, 2.87566
1.63091, 1.68755, 3.07378, 3.8429, 4.44115, 3.37237, 3.94236, 1.29696, 2.41134, 0.828239, 3.92767, 0.836394, 2.12484, 2.87696, 4.16614, 4.1216, 4.12064, 2.90883, 2.00225, 2.87569
