0.194613
0.265476
0.399432
0.424774
0.434627
0.438857
0.424762
0.348213
0.210371
0.322484
0.294909
0.393294
0.399601
0.407448
0.393775
0.40004
0.406607
0.413412
0.420512
0.428003
0.427725
0.420742
0.429254
0.438768
0.428218
0.436878
0.447051
0.45361
0.461243
0.45953
0.455115
0.464017
0.469601
0.466561
0.460608
0.467296
0.474799
0.478944
0.479362
0.485977
0.485971
0.478469
0.482355
0.486047
0.489547
0.492863
0.488245
0.490314
0.493209
0.495948
0.498224
0.497736
0.50005
0.502243
0.500063
0.496878
0.498954
0.500925
0.502799
0.50458
0.506274
0.504007
0.504577
0.506075
0.507502
0.508863
0.510161
0.511401
0.510704
0.507809
0.508979
0.510098
0.511169
0.512194
0.513176
0.513651
0.513365
0.514235
0.515069
0.512426
0.514038
0.514786
0.515505
0.516196
0.516803
0.513985
0.514632
0.515255
0.515855
0.516433
0.516989
0.517525
0.518042
0.518249
0.518064
0.518529
0.518978
0.519411
0.519202
0.518817
