0.683254
0.706821
0.724399
0.695691
0.713513
0.730771
0.742389
0.706465
0.700049
0.72937
0.732976
0.75005
0.741346
0.744494
0.75548
0.765671
0.751687
0.753068
0.764808
0.759145
0.768297
0.739523
0.737368
0.740718
0.219848
0.249916
0.286802
0.332058
0.387693
0.456401
0.541999
0.623042
0.560099
0.380847
0.459445
0.558164
0.594306
0.653575
0.655261
0.668395
0.712588
0.756673
0.752453
0.751177
0.752591
0.75353
0.742856
0.760532
0.764361
0.746852
0.765583
0.768267
0.76695
0.767037
0.759388
0.762497
0.763188
0.766218
0.76117
0.764331
0.767396
0.76995
0.763843
0.766718
0.770811
0.771115
0.770641
0.76148
0.767385
0.76654
0.76868
0.76911
0.767616
0.76939
0.771274
0.770795
0.769227
0.772011
0.770724
0.772099
0.769089
0.770541
0.772848
0.772982
0.772735
0.767577
0.771235
0.772227
0.772039
0.771685
0.771797
0.772669
0.773808
0.7725
0.772899
0.774166
0.7731
0.774148
0.771438
0.773554
