0.244338
0.261922
0.284011
0.313271
0.305349
0.308536
0.336876
0.318495
0.341843
0.366224
0.391273
0.404656
0.329672
0.291843
0.30782
0.324448
0.34125
0.357906
0.374226
0.390214
0.39657
0.389739
0.399955
0.363064
0.318905
0.333869
0.347702
0.35658
0.300637
0.322709
0.333814
0.344852
0.355764
0.366524
0.371621
0.366203
0.375939
0.385573
0.393013
0.38192
0.390789
0.391205
0.377472
0.385254
0.380045
0.381893
0.389061
0.393308
0.387636
0.357503
0.376129
0.38359
0.391077
0.396819
0.381504
0.376431
0.379374
0.385524
0.391656
0.391987
0.392519
0.398304
0.404145
0.400461
0.378841
0.391128
0.396027
0.39834
0.395046
0.399667
0.404332
0.409094
0.404291
0.390376
0.378002
0.395175
0.399043
0.403018
0.40003
0.401726
0.404304
0.406851
0.409373
0.406681
0.395839
0.401793
0.401522
0.402773
0.404776
0.406747
0.408689
0.407797
0.407893
0.409694
0.409606
0.404496
0.398929
0.401834
0.403312
0.404761
