0.0258625
0.0261828
0.0265085
0.0268396
0.0271762
0.0275184
0.0278663
0.02822
0.0285796
0.0289452
0.029317
0.0296951
0.0300795
0.0304706
0.0308683
0.0312729
0.0316846
0.0321036
0.03253
0.0329642
0.0334062
0.0338565
0.0343153
0.0347828
0.0352595
0.0357458
0.0362419
0.0367485
0.037266
0.0377949
0.0383359
0.0388898
0.0394574
0.0400395
0.0406374
0.0412522
0.0418855
0.042539
0.043215
0.0439161
0.0446456
0.0454079
0.0462088
0.047056
0.0479611
0.0489419
0.0500285
0.0512803
0.0519034
0.0525322
0.0531672
0.0538088
0.0544575
0.055114
0.0557791
0.0564538
0.0571393
0.0578372
0.0585494
0.0592783
0.0600272
0.0608002
0.0616033
0.0624449
0.0633378
0.0643029
0.065379
0.0659219
0.0664594
0.0669916
0.0675182
0.0680391
0.0685543
0.0690636
0.0695669
0.0700642
0.0705554
0.0710403
0.0715191
0.0719915
0.0724577
0.0729175
0.0733709
0.0738179
0.0742585
0.0746927
0.0751206
0.075542
0.075957
0.0763657
0.0767681
0.0771642
0.077554
0.0779376
0.078315
0.0786863
0.0790516
0.0794108
0.079764
0.0801114
