2.66331, 3.25883, 3.24107, 3.7449, 2.65369, 2.88775, 2.2425, 4.17007, 1.77528, 4.27757, 4.08365, 2.80805, 2.71327, 2.31529, 3.50833, 2.04167, 3.82549, 3.06197, 3.9139, 1.39603
2.69641, 3.34995, 3.26962, 3.89066, 2.67819, 2.96669, 2.32923, 4.27419, 1.86576, 4.35111, 4.06418, 2.89019, 2.72848, 2.38123, 3.50697, 2.1057, 3.81189, 3.15827, 3.90741, 1.44831
2.77245, 3.35303, 3.36591, 3.87195, 2.75129, 2.97964, 2.39114, 4.25817, 1.91939, 4.33787, 4.21784, 2.95438, 2.79458, 2.40722, 3.58142, 2.15698, 3.95231, 3.18487, 3.95903, 1.5141
2.67186, 3.3338, 3.29819, 3.84845, 2.64508, 2.97908, 2.31237, 4.19579, 1.84072, 4.24471, 4.16212, 2.95462, 2.69953, 2.43351, 3.51726, 2.17547, 3.89177, 3.18077, 3.9092, 1.53679
2.71408, 3.29414, 3.33051, 3.80001, 2.69357, 2.94054, 2.34293, 4.16161, 1.87088, 4.21519, 4.20761, 2.87213, 2.7597, 2.39735, 3.59955, 2.11489, 3.93359, 3.11218, 4.06166, 1.45747
2.71764, 3.37339, 3.30394, 3.8986, 2.69671, 3.00803, 2.38329, 4.29025, 1.93501, 4.31452, 4.18189, 2.92439, 2.76074, 2.45262, 3.58906, 2.16307, 3.90741, 3.17282, 4.05029, 1.49624
2.62319, 3.35384, 3.24122, 3.87565, 2.59624, 3.006, 2.31282, 4.23278, 1.8615, 4.2301, 4.13046, 2.92506, 2.67123, 2.47576, 3.53058, 2.17975, 3.85127, 3.16918, 4.00593, 1.51612
2.62968, 3.43025, 3.21808, 3.97561, 2.6017, 3.07093, 2.3571, 4.3594, 1.92305, 4.32355, 4.1063, 2.97606, 2.67372, 2.52906, 3.52118, 2.22628, 3.82692, 3.22875, 3.99537, 1.55333
2.6656, 3.39574, 3.24537, 3.93457, 2.64295, 3.03727, 2.38261, 4.32898, 1.94914, 4.29678, 4.14669, 2.90539, 2.72488, 2.49676, 3.5919, 2.17214, 3.86337, 3.17033, 4.13751, 1.47215
2.57706, 3.37587, 3.18753, 3.91207, 2.54788, 3.03382, 2.31997, 4.27637, 1.88088, 4.22035, 4.09922, 2.90628, 2.64048, 2.51708, 3.53848, 2.18719, 3.81132, 3.16695, 4.09801, 1.48967
2.63392, 3.37756, 3.25961, 3.89788, 2.60288, 3.04186, 2.36834, 4.26386, 1.92378, 4.21127, 4.22478, 2.95872, 2.69259, 2.53444, 3.59986, 2.2276, 3.92159, 3.18725, 4.13846, 1.54706
2.63949, 3.4461, 3.23775, 3.98723, 2.60771, 3.10026, 2.40614, 4.38261, 1.97597, 4.29711, 4.20203, 3.00297, 2.69456, 2.58262, 3.59054, 2.26901, 3.89875, 3.23916, 4.1281, 1.57963
2.55848, 3.4255, 3.18565, 3.96579, 2.5191, 3.09395, 2.35126, 4.33538, 1.91379, 4.229, 4.15946, 3.00254, 2.61442, 2.59865, 3.54089, 2.28131, 3.852, 3.23513, 4.09111, 1.5949
2.5893, 3.39671, 3.20932, 3.93086, 2.55393, 3.06609, 2.37336, 4.30926, 1.93685, 4.20605, 4.19272, 2.94089, 2.65677, 2.57142, 3.59987, 2.23387, 3.88296, 3.18451, 4.21715, 1.51296
2.53328, 3.44707, 3.14799, 3.95599, 2.5093, 3.11613, 2.24764, 4.35675, 1.78866, 4.31122, 4.15768, 2.96152, 2.6238, 2.61529, 3.57057, 2.26263, 3.8432, 3.20712, 4.19439, 1.53601
2.58134, 3.44731, 3.20821, 3.94319, 2.55622, 3.1216, 2.28775, 4.34561, 1.82421, 4.30302, 4.27641, 3.00859, 2.66926, 2.62877, 3.6259, 2.29752, 3.94156, 3.22319, 4.22961, 1.58844
2.50695, 3.42774, 3.16098, 3.92437, 2.47492, 3.11468, 2.23686, 4.29966, 1.76945, 4.23416, 4.23959, 3.00817, 2.59642, 2.64178, 3.58228, 2.30776, 3.90074, 3.21992, 4.19755, 1.60121
2.515, 3.48555, 3.14599, 4.00229, 2.48161, 3.16432, 2.27666, 4.39413, 1.81602, 4.2985, 4.21994, 3.04529, 2.59949, 2.68332, 3.57432, 2.34314, 3.88151, 3.26391, 4.18839, 1.6284
2.54083, 3.46125, 3.1661, 3.97282, 2.51065, 3.14066, 2.29532, 4.37226, 1.83539, 4.27937, 4.24677, 2.99171, 2.63466, 2.65971, 3.62335, 2.30123, 3.90736, 3.22022, 4.30057, 1.5462
2.47143, 3.44203, 3.12276, 3.95471, 2.434, 3.13313, 2.24984, 4.3306, 1.78407, 4.21663, 4.21286, 2.99149, 2.56622, 2.67103, 3.58348, 2.31054, 3.86966, 3.21721, 4.27202, 1.55768
2.47967, 3.49491, 3.11001, 4.02812, 2.4409, 3.17858, 2.28748, 4.41995, 1.82566, 4.27561, 4.1953, 3.02553, 2.56946, 2.70928, 3.57619, 2.34285, 3.85248, 3.25771, 4.26348, 1.582
2.5189, 3.49448, 3.15857, 4.01647, 2.4792, 3.18215, 2.32091, 4.40989, 1.85569, 4.2689, 4.30348, 3.06446, 2.60731, 2.71908, 3.62433, 2.37129, 3.93609, 3.26883, 4.29337, 1.62789
2.45538, 3.47546, 3.11948, 3.99937, 2.40793, 3.1733, 2.28067, 4.37266, 1.80829, 4.21249, 4.27308, 3.06364, 2.54295, 2.7278, 3.58755, 2.37897, 3.90212, 3.26562, 4.26685, 1.63797
2.46349, 3.52446, 3.10723, 4.06878, 2.41485, 3.21537, 2.31631, 4.45929, 1.84588, 4.26722, 4.25595, 3.09463, 2.5463, 2.7634, 3.58059, 2.40905, 3.88553, 3.30279, 4.25879, 1.66055
2.48465, 3.50461, 3.12359, 4.04474, 2.43846, 3.19617, 2.33148, 4.44094, 1.86218, 4.25115, 4.27699, 3.05011, 2.57452, 2.74401, 3.6198, 2.37394, 3.90648, 3.26669, 4.35339, 1.58465
2.42558, 3.48623, 3.08782, 4.02843, 2.3714, 3.18708, 2.29561, 4.40727, 1.81808, 4.19969, 4.24901, 3.04947, 2.51414, 2.75151, 3.58616, 2.38095, 3.87515, 3.26372, 4.32971, 1.59378
2.43363, 3.53097, 3.07734, 4.09378, 2.37832, 3.22551, 2.32959, 4.49, 1.85182, 4.24973, 4.23364, 3.07788, 2.51757, 2.78422, 3.57981, 2.40842, 3.86029, 3.29793, 4.32226, 1.614
2.46573, 3.53024, 3.11664, 4.0834, 2.40961, 3.22789, 2.35741, 4.4809, 1.87709, 4.24422, 4.33213, 3.11045, 2.54894, 2.79141, 3.62132, 2.43158, 3.931, 3.3056, 4.3474, 1.65384
2.41169, 3.51242, 3.08437, 4.06812, 2.34734, 3.2181, 2.32568, 4.4508, 1.83656, 4.19781, 4.30705, 3.10946, 2.49239, 2.79703, 3.59039, 2.43739, 3.90271, 3.3026, 4.32547, 1.66189
2.4299, 3.49573, 3.09846, 4.04761, 2.36746, 3.20208, 2.33873, 4.43498, 1.85084, 4.18405, 4.32438, 3.07066, 2.51613, 2.78075, 3.6235, 2.40705, 3.92061, 3.27138, 4.41084, 1.58921
2.43702, 3.53557, 3.08857, 4.10624, 2.37372, 3.23631, 2.36877, 4.5129, 1.87994, 4.22911, 4.31024, 3.0953, 2.51921, 2.81003, 3.61754, 2.43142, 3.90701, 3.30129, 4.404, 1.60685
2.38684, 3.51858, 3.05909, 4.09182, 2.31524, 3.2266, 2.34048, 4.48569, 1.84234, 4.18668, 4.28719, 3.09448, 2.46629, 2.81482, 3.58927, 2.43675, 3.88098, 3.29854, 4.38441, 1.61418
2.39439, 3.55622, 3.05049, 4.14966, 2.32188, 3.25888, 2.37165, 4.56358, 1.86987, 4.22888, 4.27384, 3.11809, 2.46973, 2.84262, 3.58378, 2.46, 3.86822, 3.32731, 4.37798, 1.63094
2.34623, 3.53888, 3.02287, 4.1354, 2.26461, 3.24823, 2.34596, 4.5381, 1.83447, 4.18857, 4.25193, 3.11716, 2.41774, 2.84647, 3.55674, 2.46489, 3.84344, 3.32445, 4.35936, 1.63783
2.37136, 3.53825, 3.0536, 4.12695, 2.28894, 3.24984, 2.36832, 4.5304, 1.85493, 4.18447, 4.33611, 3.14278, 2.44247, 2.85144, 3.59092, 2.48273, 3.89994, 3.32958, 4.37985, 1.67093
2.3857, 3.52222, 3.06381, 4.10856, 2.30497, 3.23412, 2.3782, 4.51568, 1.86654, 4.17128, 4.3458, 3.10999, 2.46131, 2.83467, 3.61352, 2.45264, 3.91148, 3.30223, 4.43112, 1.60116
2.35317, 3.55302, 3.02826, 4.12111, 2.2794, 3.26517, 2.30614, 4.53148, 1.79213, 4.23235, 4.32756, 3.11935, 2.44197, 2.86053, 3.59723, 2.46725, 3.89053, 3.3132, 4.41921, 1.6122
2.37006, 3.58311, 3.05343, 4.17996, 2.29329, 3.29178, 2.34727, 4.57535, 1.82152, 4.25719, 4.31639, 3.14918, 2.45146, 2.88527, 3.59603, 2.49211, 3.88392, 3.35022, 4.41454, 1.62982
2.32856, 3.56724, 3.03001, 4.16757, 2.24332, 3.28124, 2.32535, 4.55312, 1.79203, 4.22129, 4.29783, 3.14824, 2.40596, 2.88752, 3.57282, 2.49602, 3.8628, 3.34764, 4.39868, 1.63564
2.34113, 3.55328, 3.03894, 4.1515, 2.25734, 3.26757, 2.33408, 4.54026, 1.80221, 4.20984, 4.30668, 3.11956, 2.42236, 2.87291, 3.59269, 2.4697, 3.87309, 3.3238, 4.44732, 1.57043
2.36202, 3.55267, 3.06462, 4.14422, 2.27756, 3.26879, 2.35263, 4.53388, 1.81907, 4.2064, 4.38336, 3.14408, 2.44307, 2.8769, 3.62164, 2.48503, 3.92147, 3.32831, 4.46285, 1.5986
2.32335, 3.53855, 3.04302, 4.13319, 2.23094, 3.25956, 2.33205, 4.5136, 1.79055, 4.17296, 4.36675, 3.14328, 2.40127, 2.87919, 3.60067, 2.48858, 3.9024, 3.32614, 4.44862, 1.60387
2.32976, 3.56621, 3.0367, 4.17765, 2.23672, 3.28332, 2.35665, 4.57262, 1.81083, 4.20276, 4.35637, 3.16039, 2.4044, 2.90007, 3.59644, 2.50597, 3.89267, 3.3474, 4.44376, 1.61607
2.34089, 3.55385, 3.04455, 4.16342, 2.24911, 3.27125, 2.36429, 4.56117, 1.81989, 4.19256, 4.36369, 3.13473, 2.41885, 2.88713, 3.61387, 2.48244, 3.90165, 3.32612, 4.49027, 1.55373
2.3145, 3.5791, 3.01591, 4.17286, 2.22853, 3.2968, 2.30558, 4.57209, 1.75879, 4.24468, 4.34935, 3.14194, 2.40324, 2.90809, 3.60095, 2.49388, 3.88508, 3.33469, 4.48107, 1.56224
2.32819, 3.60246, 3.03772, 4.22054, 2.2399, 3.31743, 2.33932, 4.60752, 1.78189, 4.26364, 4.34025, 3.1654, 2.41113, 2.92755, 3.59998, 2.51357, 3.87988, 3.36415, 4.4773, 1.57576
2.29505, 3.58904, 3.01957, 4.21055, 2.1991, 3.30781, 2.32252, 4.59005, 1.75898, 4.23452, 4.32581, 3.16461, 2.37413, 2.92848, 3.58177, 2.51649, 3.86332, 3.36205, 4.46517, 1.58032
2.31164, 3.58837, 3.03986, 4.20435, 2.21514, 3.30856, 2.3373, 4.58475, 1.77241, 4.23173, 4.39254, 3.18377, 2.39069, 2.93133, 3.60559, 2.52845, 3.90225, 3.36471, 4.47772, 1.60336
2.32113, 3.57783, 3.04653, 4.19218, 2.22568, 3.29828, 2.34385, 4.57497, 1.78013, 4.22307, 4.39846, 3.16174, 2.40294, 2.92029, 3.62032, 2.50825, 3.90983, 3.34647, 4.52026, 1.54642
2.29032, 3.56579, 3.02982, 4.18323, 2.18765, 3.28972, 2.32817, 4.55903, 1.7582, 4.19602, 4.38551, 3.16105, 2.36893, 2.9213, 3.60384, 2.51091, 3.89485, 3.34468, 4.50934, 1.55055
2.30204, 3.58554, 3.04896, 4.22507, 2.1975, 3.30711, 2.35679, 4.58989, 1.77739, 4.21225, 4.37731, 3.18113, 2.37591, 2.93791, 3.60298, 2.52793, 3.89023, 3.3701, 4.50606, 1.56209
2.27995, 3.60682, 3.02542, 4.2321, 2.18042, 3.32876, 2.30831, 4.59787, 1.72557, 4.25827, 4.36562, 3.18682, 2.36293, 2.95544, 3.59235, 2.5372, 3.87664, 3.37696, 4.49861, 1.56893
2.29412, 3.60617, 3.04279, 4.22663, 2.19412, 3.32931, 2.32094, 4.59333, 1.73697, 4.25585, 4.42912, 3.20464, 2.37715, 2.95775, 3.61311, 2.54746, 3.91056, 3.37899, 4.5091, 1.58895
2.30221, 3.59718, 3.04845, 4.2162, 2.2031, 3.32056, 2.32656, 4.58497, 1.74356, 4.24849, 4.4339, 3.18571, 2.38755, 2.94832, 3.62558, 2.53012, 3.91697, 3.36335, 4.54832, 1.53668
2.27568, 3.58635, 3.03425, 4.20845, 2.16999, 3.31248, 2.31317, 4.57113, 1.72533, 4.2247, 4.4229, 3.18506, 2.35791, 2.9487, 3.61142, 2.53229, 3.90416, 3.36175, 4.53902, 1.5402
2.28595, 3.6033, 3.05157, 4.24535, 2.17863, 3.3274, 2.33805, 4.59746, 1.74203, 4.23829, 4.41549, 3.20226, 2.36406, 2.96304, 3.61064, 2.54703, 3.90003, 3.38381, 4.53615, 1.55004
2.32729, 3.56904, 3.08849, 4.19211, 2.2219, 3.29499, 2.36529, 4.56104, 1.77209, 4.2092, 4.38393, 3.21634, 2.41413, 2.928, 3.57876, 2.57457, 3.85969, 3.40247, 4.51866, 1.56764
2.30924, 3.58629, 3.06947, 4.198, 2.20779, 3.31264, 2.32583, 4.56838, 1.72908, 4.2479, 4.37413, 3.22101, 2.40333, 2.94227, 3.56973, 2.58237, 3.84818, 3.40821, 4.51245, 1.57332
2.31347, 3.60366, 3.06466, 4.22689, 2.21163, 3.3275, 2.34297, 4.60708, 1.74272, 4.26587, 4.36742, 3.23166, 2.40533, 2.95542, 3.56707, 2.59342, 3.84202, 3.4219, 4.50942, 1.58068
2.29095, 3.59443, 3.05257, 4.22028, 2.18352, 3.32055, 2.33166, 4.59535, 1.7274, 4.24558, 4.35781, 3.23096, 2.38028, 2.95562, 3.55455, 2.5951, 3.83078, 3.42025, 4.5013, 1.58369
2.3021, 3.59397, 3.06638, 4.21595, 2.19427, 3.321, 2.34163, 4.59174, 1.73635, 4.2437, 4.4087, 3.24307, 2.39149, 2.95745, 3.57099, 2.60256, 3.85633, 3.42104, 4.50963, 1.5995
2.30847, 3.5869, 3.07081, 4.20771, 2.20133, 3.31414, 2.34602, 4.58516, 1.74153, 4.23794, 4.41241, 3.22852, 2.39965, 2.95002, 3.58046, 2.5894, 3.86136, 3.4091, 4.53975, 1.55917
2.28765, 3.57857, 3.05971, 4.20176, 2.17526, 3.30789, 2.33554, 4.57446, 1.72706, 4.21916, 4.40375, 3.2279, 2.37668, 2.95029, 3.5691, 2.59093, 3.85117, 3.40766, 4.53242, 1.56191
2.29139, 3.59335, 3.05571, 4.22673, 2.1787, 3.32053, 2.35031, 4.60829, 1.73843, 4.23442, 4.39793, 3.23696, 2.37851, 2.96157, 3.5668, 2.60045, 3.84587, 3.4194, 4.52981, 1.5682
2.29721, 3.58692, 3.05975, 4.21924, 2.18514, 3.31431, 2.35429, 4.60228, 1.74317, 4.22915, 4.40137, 3.22369, 2.38594, 2.95483, 3.57547, 2.58846, 3.85049, 3.40853, 4.56009, 1.52814
2.27805, 3.5792, 3.04964, 4.21374, 2.16095, 3.30843, 2.34484, 4.59258, 1.72982, 4.21198, 4.39344, 3.22313, 2.36471, 2.95501, 3.56508, 2.58986, 3.84115, 3.4072, 4.55346, 1.53065
2.28731, 3.57886, 3.06114, 4.21016, 2.16984, 3.30884, 2.35318, 4.58956, 1.73731, 4.21048, 4.43941, 3.23492, 2.374, 2.95652, 3.5788, 2.59617, 3.86262, 3.40805, 4.55988, 1.54385
2.29062, 3.59194, 3.05753, 4.23245, 2.1729, 3.32003, 2.36647, 4.62071, 1.74727, 4.22405, 4.43419, 3.24284, 2.37564, 2.96654, 3.57674, 2.6046, 3.85789, 3.4184, 4.55756, 1.54938
2.2731, 3.58479, 3.04834, 4.22739, 2.1506, 3.31447, 2.35796, 4.61194, 1.735, 4.2084, 4.42702, 3.2423, 2.35608, 2.96657, 3.56725, 2.60583, 3.84939, 3.41717, 4.55149, 1.55165
2.27812, 3.5793, 3.05181, 4.22098, 2.15614, 3.30919, 2.36137, 4.60678, 1.73911, 4.20388, 4.42987, 3.23085, 2.36244, 2.96083, 3.57466, 2.59554, 3.85336, 3.40782, 4.57956, 1.51468
2.28473, 3.57241, 3.05633, 4.21272, 2.16346, 3.30261, 2.36577, 4.60024, 1.74441, 4.19824, 4.43306, 3.21493, 2.37095, 2.95372, 3.586, 2.58109, 3.85861, 3.39514, 4.50994, 1.57452
2.28947, 3.56722, 3.05961, 4.20666, 2.16869, 3.29761, 2.36899, 4.59537, 1.74828, 4.19397, 4.43579, 3.20402, 2.37697, 2.94829, 3.59307, 2.57127, 3.86238, 3.38627, 4.53331, 1.54352
2.27799, 3.57855, 3.04733, 4.21042, 2.1598, 3.30924, 2.34386, 4.59938, 1.7216, 4.21946, 4.42966, 3.20692, 2.37007, 2.95755, 3.58737, 2.57617, 3.85513, 3.38992, 4.52941, 1.5471
2.28079, 3.58941, 3.04448, 4.22906, 2.16239, 3.31853, 2.3553, 4.62545, 1.72999, 4.23066, 4.4254, 3.2135, 2.37145, 2.96589, 3.58565, 2.58314, 3.85127, 3.39852, 4.5275, 1.55173
2.28509, 3.58469, 3.04746, 4.22356, 2.16714, 3.31397, 2.35822, 4.62102, 1.7335, 4.22679, 4.42791, 3.20356, 2.37692, 2.96093, 3.5921, 2.57418, 3.85471, 3.39045, 4.55057, 1.52132
2.30854, 3.56548, 3.06871, 4.19344, 2.19155, 3.29589, 2.37334, 4.6004, 1.75044, 4.21051, 4.41024, 3.21136, 2.40536, 2.94127, 3.57368, 2.58981, 3.83142, 3.40125, 4.54086, 1.53113
2.29842, 3.57533, 3.05793, 4.1968, 2.18366, 3.30601, 2.35121, 4.60384, 1.72608, 4.23321, 4.40478, 3.21395, 2.39926, 2.94933, 3.56858, 2.59419, 3.82492, 3.40453, 4.53741, 1.53429
2.30509, 3.57509, 3.06622, 4.19427, 2.19006, 3.30631, 2.35717, 4.60166, 1.73142, 4.23211, 4.43834, 3.22298, 2.40597, 2.95045, 3.57843, 2.5987, 3.84005, 3.40514, 4.54206, 1.54368
2.29219, 3.57001, 3.05936, 4.19062, 2.17382, 3.30247, 2.35081, 4.59514, 1.72247, 4.22044, 4.43306, 3.22262, 2.39194, 2.9506, 3.57144, 2.59962, 3.83374, 3.40424, 4.53757, 1.54538
2.29445, 3.57906, 3.05696, 4.20579, 2.17592, 3.31022, 2.36017, 4.61688, 1.72947, 4.22978, 4.42947, 3.22811, 2.39303, 2.95755, 3.57002, 2.60548, 3.83052, 3.41149, 4.53598, 1.54923
2.28224, 3.57419, 3.05051, 4.20231, 2.16043, 3.30647, 2.35425, 4.61077, 1.72103, 4.21876, 4.42449, 3.22776, 2.37967, 2.95765, 3.56341, 2.60634, 3.82457, 3.41063, 4.53175, 1.55082
2.28573, 3.57037, 3.05295, 4.19784, 2.16429, 3.30279, 2.35662, 4.60719, 1.72387, 4.21564, 4.42649, 3.21977, 2.3841, 2.95362, 3.56856, 2.59921, 3.82737, 3.40418, 4.55057, 1.52601
2.28782, 3.57861, 3.05078, 4.21181, 2.16623, 3.30985, 2.36536, 4.62751, 1.73022, 4.22416, 4.42323, 3.2248, 2.38512, 2.95997, 3.56727, 2.60456, 3.82445, 3.41081, 4.54912, 1.52951
2.27662, 3.57414, 3.0449, 4.20862, 2.15195, 3.30638, 2.36, 4.62195, 1.72247, 4.21409, 4.41867, 3.22448, 2.37284, 2.96003, 3.56123, 2.60535, 3.819, 3.41003, 4.54528, 1.53096
2.28197, 3.57395, 3.05155, 4.20657, 2.15707, 3.30661, 2.36481, 4.62016, 1.72678, 4.21322, 4.4472, 3.23202, 2.37822, 2.9609, 3.5692, 2.60894, 3.83116, 3.41047, 4.54901, 1.53857
2.28506, 3.57056, 3.0537, 4.20262, 2.16048, 3.30336, 2.3669, 4.61698, 1.7293, 4.21045, 4.44892, 3.22492, 2.38214, 2.95734, 3.57375, 2.60262, 3.83363, 3.40475, 4.56672, 1.51525
2.28914, 3.56631, 3.05649, 4.19752, 2.16499, 3.29931, 2.36958, 4.61297, 1.73255, 4.20699, 4.4508, 3.21507, 2.3874, 2.95293, 3.58068, 2.59372, 3.83689, 3.39699, 4.52361, 1.55239
2.29205, 3.56312, 3.05852, 4.19379, 2.16821, 3.29623, 2.37155, 4.60997, 1.73493, 4.20438, 4.45244, 3.20834, 2.3911, 2.94957, 3.58499, 2.58772, 3.83923, 3.39158, 4.53901, 1.53209
2.28503, 3.57005, 3.051, 4.19614, 2.16275, 3.30337, 2.35611, 4.61226, 1.71813, 4.22058, 4.44868, 3.21011, 2.38685, 2.95522, 3.58146, 2.59074, 3.83475, 3.39385, 4.53662, 1.53428
2.28862, 3.57607, 3.05701, 4.20931, 2.16581, 3.30864, 2.36544, 4.62244, 1.72404, 4.22538, 4.44594, 3.21622, 2.389, 2.96036, 3.58123, 2.5961, 3.83352, 3.40194, 4.5356, 1.53777
2.27957, 3.57246, 3.05227, 4.20674, 2.15426, 3.30585, 2.36109, 4.61795, 1.71778, 4.2172, 4.44229, 3.21598, 2.37912, 2.96042, 3.57639, 2.59674, 3.82913, 3.40132, 4.53249, 1.53896
2.28214, 3.56965, 3.05406, 4.20345, 2.1571, 3.30314, 2.36283, 4.61531, 1.71988, 4.2149, 4.44375, 3.21004, 2.38238, 2.95745, 3.5802, 2.59144, 3.8312, 3.39654, 4.54678, 1.52015
2.28369, 3.57572, 3.05244, 4.2138, 2.15855, 3.30833, 2.36937, 4.63058, 1.72456, 4.22116, 4.44134, 3.21371, 2.38313, 2.96213, 3.57924, 2.59537, 3.82906, 3.40141, 4.54572, 1.52272
2.27539, 3.5724, 3.04811, 4.21145, 2.14792, 3.30575, 2.36542, 4.6265, 1.71882, 4.21368, 4.438, 3.21349, 2.37406, 2.96217, 3.57481, 2.59596, 3.82504, 3.40085, 4.54289, 1.5238
2.27933, 3.57227, 3.05301, 4.20993, 2.15169, 3.30592, 2.36897, 4.62517, 1.72201, 4.21304, 4.46001, 3.2197, 2.37804, 2.96281, 3.5807, 2.59866, 3.83405, 3.40123, 4.54562, 1.52939
2.2736, 3.57795, 3.04689, 4.2118, 2.14725, 3.31178, 2.35639, 4.62689, 1.70812, 4.22659, 4.45697, 3.22112, 2.37457, 2.96742, 3.57784, 2.60111, 3.83042, 3.40306, 4.54369, 1.53116
2.28601, 3.56787, 3.05831, 4.19579, 2.16012, 3.30233, 2.36436, 4.61601, 1.71706, 4.21809, 4.4477, 3.22511, 2.38963, 2.95711, 3.56792, 2.60938, 3.81792, 3.40888, 4.53855, 1.53634
2.28733, 3.57308, 3.05692, 4.2046, 2.16136, 3.30679, 2.36998, 4.62916, 1.7211, 4.22346, 4.44561, 3.22827, 2.39026, 2.96114, 3.5671, 2.61278, 3.81607, 3.4131, 4.53763, 1.53856
2.28941, 3.5708, 3.05836, 4.20194, 2.16366, 3.30459, 2.37137, 4.62703, 1.72279, 4.2216, 4.44678, 3.22349, 2.3929, 2.95873, 3.57015, 2.60854, 3.81774, 3.40927, 4.5493, 1.5232
2.28251, 3.56808, 3.05475, 4.2, 2.15484, 3.30248, 2.36808, 4.62363, 1.71801, 4.21536, 4.444, 3.2233, 2.38541, 2.95878, 3.56645, 2.60901, 3.81439, 3.40878, 4.54695, 1.5241
