0.966514
0.891006
0.983679
0.877908
1.00615
0.92768
0.961094
0.978259
0.984854
1.00073
0.971912
1.04656
0.976869
1.02507
1.05004
0.947569
1.05343
1.05723
0.953698
1.08287
1.0614
0.96025
1.10414
1.0148
1.0491
1.1169
1.03235
1.06229
1.12937
1.0519
1.07409
1.14167
1.07362
1.08468
1.15183
1.11138
1.05682
1.15331
1.11452
1.12012
1.16242
1.14192
1.13171
1.17109
1.15429
1.13658
1.179
1.16722
1.16259
1.18624
1.18041
1.1904
1.19286
1.19397
1.21837
1.18289
1.20735
1.22547
1.20948
1.22112
1.23225
1.23746
1.23537
1.23876
1.25687
1.24537
1.24461
1.27362
1.26288
1.24872
1.29085
1.26958
1.27458
1.30008
1.28241
1.30254
1.30839
1.29311
1.32173
1.30578
1.29889
1.33498
1.32022
1.32385
1.34463
1.32782
1.34941
1.35399
1.33861
1.37018
1.35652
1.35246
1.3792
1.37024
1.37639
1.38736
1.38546
1.40133
1.3946
1.40257
