0.937488
0.832253
0.375088
0.622572
0.82473
0.862179
0.89324
0.908599
0.813827
0.845075
0.884051
0.814917
0.848046
0.868531
0.759437
0.793136
0.817827
0.841997
0.865586
0.888772
0.844172
0.817023
0.834747
0.85148
0.867265
0.88222
0.896531
0.910474
0.924497
0.866966
0.884289
0.895986
0.907511
0.919303
0.932438
0.941159
0.911989
0.909022
0.920525
0.928044
0.935115
0.941769
0.948035
0.953938
0.946036
0.736167
0.907414
0.915341
0.881193
0.879827
0.886035
0.891976
0.897675
0.903155
0.908441
0.913555
0.918517
0.923348
0.927469
0.891653
0.89531
0.898816
0.902184
0.905424
0.908548
0.911563
0.914479
0.917304
0.920044
0.922707
0.925298
0.927824
0.93029
0.932701
0.935061
0.937377
0.939651
0.933352
0.928242
0.93016
0.932031
0.93386
0.935648
0.937398
0.939112
0.940793
0.942431
0.932086
0.933523
0.934925
0.936295
0.937634
0.938943
0.940223
0.941475
0.942702
0.94223
0.93634
0.937404
0.938442
