0.990353, 2.84337, 1.24815, 2.27285, 1.5841, 2.96962, 1.49346, 1.05038, 1.9271, 1.74983
1.04959, 2.81611, 1.34319, 2.26074, 1.67676, 2.89804, 1.56582, 1.1088, 2.09499, 1.84914
1.05698, 2.6589, 1.3242, 2.04856, 1.64819, 2.75228, 1.09927, 0.161674, 1.97222, 1.64413
1.06732, 2.34019, 1.27712, 1.59383, 1.58871, 2.4602, 1.66034, 2.01972, 1.70061, 1.18699
1.07672, 2.14928, 1.2454, 1.21873, 1.5554, 2.28931, 1.59762, 1.80084, 1.37918, 0.652365
1.18246, 2.13635, 1.34695, 1.26248, 1.75587, 2.25391, 1.82194, 1.81527, 1.45027, 0.714879
1.25897, 2.13295, 1.41448, 1.29985, 1.8931, 2.21533, 1.96996, 1.87556, 1.49046, 0.759599
1.34039, 2.12955, 1.4877, 1.33942, 2.07625, 2.12943, 2.07525, 1.90028, 1.532, 0.805488
1.42873, 2.12621, 1.56977, 1.38225, 2.16774, 2.11822, 2.16628, 1.92304, 1.5753, 0.852901
1.52756, 2.12311, 1.66785, 1.43052, 2.24232, 2.10808, 2.24095, 1.94306, 1.62094, 0.902343
1.25469, 2.41094, 1.57268, 1.62334, 2.06391, 2.23559, 2.08337, 2.07302, 1.57544, 1.0439
1.2486, 2.26307, 1.49317, 1.36362, 2.00246, 2.1029, 2.01034, 1.93165, 1.05773, 0.10012
1.22992, 1.96757, 1.28294, 0.710174, 1.87947, 1.83961, 1.86313, 1.64759, 1.57403, 1.59658
1.29504, 1.97124, 1.31398, 0.740674, 2.01902, 1.90947, 1.95796, 1.69814, 1.68196, 1.62779
1.36368, 1.97506, 1.34527, 0.771286, 2.10073, 1.92655, 2.05993, 1.76506, 1.85045, 1.66389
1.18326, 2.2799, 1.32391, 0.89337, 1.95391, 2.05614, 1.93352, 1.89823, 1.72929, 1.82675
1.23886, 2.27262, 1.35831, 0.922746, 2.0365, 2.05618, 2.01609, 1.91415, 1.94034, 1.83188
1.23402, 2.13829, 1.24291, 0.546027, 1.97631, 1.93454, 1.94662, 1.78202, 1.86718, 1.68689
1.29044, 2.13573, 1.26563, 0.570747, 2.05205, 1.94665, 2.05887, 1.85372, 1.95317, 1.73123
1.27842, 1.82266, 1.8453, 2.06264, 1.90271, 1.67818, 1.89005, 1.57168, 1.76085, 1.39607
1.26565, 1.64706, 1.79863, 1.94129, 1.82268, 1.52818, 1.79696, 1.40787, 1.64185, 1.1763
1.31511, 1.65977, 1.91812, 1.98269, 1.88776, 1.5662, 1.85515, 1.44738, 1.69951, 1.2192
1.22073, 1.96518, 1.76023, 2.12084, 1.80384, 1.68605, 1.78379, 1.5634, 1.65002, 1.33249
1.21625, 1.82418, 1.72417, 2.01006, 1.73668, 1.53978, 1.70331, 1.39843, 1.53352, 1.08325
1.26109, 1.83056, 1.86465, 2.01474, 1.79584, 1.5696, 1.80395, 1.44561, 1.57252, 1.11428
1.30708, 1.837, 1.93038, 2.01782, 1.85562, 1.60093, 1.85729, 1.48008, 1.61391, 1.14669
1.35451, 1.84352, 1.99225, 2.02074, 1.91593, 1.63451, 1.9105, 1.51547, 1.65872, 1.18104
1.33789, 1.70618, 1.94746, 1.92731, 1.84657, 1.51086, 1.8276, 1.37988, 1.49652, 0.890217
1.27713, 1.86989, 1.83234, 2.03492, 1.78177, 1.61163, 1.77353, 1.47511, 1.47448, 0.974868
1.319, 1.87476, 1.891, 2.03635, 1.83668, 1.63791, 1.82194, 1.50371, 1.5021, 0.99895
1.362, 1.87968, 1.94693, 2.03769, 1.89221, 1.66624, 1.87027, 1.53301, 1.53028, 1.02334
1.40642, 1.88466, 1.99951, 2.03893, 1.94875, 1.69785, 1.91838, 1.56327, 1.55919, 1.04814
1.38951, 1.77241, 1.96161, 1.95973, 1.89331, 1.59866, 1.85208, 1.45176, 1.28874, 0.531729
1.32587, 1.91382, 1.85971, 2.05065, 1.83054, 1.68531, 1.80076, 1.53515, 1.28056, 0.594536
1.36454, 1.91733, 1.90978, 2.05105, 1.88251, 1.70993, 1.84479, 1.55972, 1.29522, 0.610338
1.40426, 1.92088, 1.95739, 2.05139, 1.93595, 1.73803, 1.88864, 1.58509, 1.3097, 0.625907
1.44529, 1.92445, 2.00219, 2.05168, 1.9925, 1.77249, 1.93229, 1.61159, 1.32398, 0.641248
1.3652, 2.0548, 1.90565, 2.12742, 1.92478, 1.84616, 1.87619, 1.68577, 1.31501, 0.699699
1.40194, 2.05508, 1.94899, 2.12388, 1.99977, 1.89186, 1.92302, 1.71049, 1.32947, 0.714375
1.43972, 2.05541, 1.98994, 2.12042, 2.03857, 1.90062, 1.97125, 1.73891, 1.34376, 0.728845
1.47882, 2.05579, 2.02835, 2.11705, 2.07468, 1.90894, 2.02279, 1.77429, 1.35788, 0.743113
1.39541, 2.1234, 1.94323, 2.14684, 2.00368, 1.93336, 1.95472, 1.79638, 1.42266, 0.841893
1.38686, 2.05494, 1.91938, 2.09006, 1.97218, 1.87182, 1.91866, 1.72785, 1.3457, 0.678499
1.4195, 2.05521, 1.95644, 2.0886, 2.00725, 1.88026, 1.96281, 1.75337, 1.35795, 0.691439
1.45291, 2.05551, 1.99153, 2.08716, 2.04024, 1.88835, 2.01011, 1.78504, 1.37001, 0.704171
1.48729, 2.05587, 2.02455, 2.08576, 2.07111, 1.89606, 2.06623, 1.83154, 1.38191, 0.7167
1.4164, 2.11307, 1.95325, 2.11142, 2.0109, 1.91687, 2.00781, 1.85104, 1.43493, 0.800402
1.4083, 2.05404, 1.93181, 2.06199, 1.98321, 1.86379, 1.97797, 1.79596, 1.36306, 0.665992
1.43733, 2.05432, 1.96344, 2.06179, 2.01299, 1.87142, 2.02833, 1.83283, 1.37348, 0.677265
1.46692, 2.05463, 1.99344, 2.06158, 2.04109, 1.87874, 2.05568, 1.84171, 1.38372, 0.688335
1.40359, 2.10872, 1.92941, 2.08606, 1.98784, 1.89804, 2.00389, 1.85979, 1.42877, 0.762178
1.42992, 2.10813, 1.9583, 2.08504, 2.01511, 1.90383, 2.03051, 1.86703, 1.43949, 0.773406
1.42256, 2.05738, 1.93928, 2.04211, 1.99091, 1.85805, 2.00505, 1.8208, 1.37521, 0.661591
1.44809, 2.05759, 1.96632, 2.0426, 2.01627, 1.86484, 2.0298, 1.8289, 1.38413, 0.671375
1.47401, 2.05782, 1.99203, 2.04305, 2.04028, 1.87135, 2.05322, 1.83666, 1.39289, 0.680969
1.41955, 2.10366, 1.93799, 2.06397, 1.99484, 1.88779, 2.00892, 1.85212, 1.4314, 0.744759
1.44278, 2.10322, 1.96268, 2.06375, 2.01806, 1.89311, 2.03162, 1.85859, 1.44043, 0.75439
1.46626, 2.10282, 1.98621, 2.06352, 2.04007, 1.89822, 2.05312, 1.86481, 1.44931, 0.763846
1.45928, 2.06069, 1.96965, 2.02786, 2.0195, 1.86056, 2.03162, 1.82682, 1.39364, 0.672269
1.41017, 2.1034, 1.92124, 2.04734, 1.97922, 1.87552, 1.99236, 1.84086, 1.42731, 0.729255
1.43041, 2.10301, 1.94333, 2.0476, 2.00001, 1.88048, 2.01273, 1.8468, 1.43516, 0.737714
1.45074, 2.10265, 1.96447, 2.04783, 2.01981, 1.88526, 2.03211, 1.85252, 1.44286, 0.746005
1.47119, 2.10232, 1.98465, 2.04805, 2.03865, 1.88986, 2.05054, 1.85802, 1.45041, 0.754129
1.46511, 2.06617, 1.97021, 2.01716, 2.02083, 1.85735, 2.03195, 1.82523, 1.40202, 0.676499
1.42258, 2.10248, 1.92913, 2.03368, 1.98632, 1.87002, 1.99826, 1.83714, 1.43114, 0.725932
1.44033, 2.10216, 1.94801, 2.03421, 2.00404, 1.87443, 2.01563, 1.84235, 1.43785, 0.733219
1.4581, 2.10186, 1.9661, 2.03471, 2.02096, 1.87869, 2.0322, 1.84738, 1.44444, 0.740351
1.47591, 2.10159, 1.98341, 2.03519, 2.03708, 1.88279, 2.048, 1.85221, 1.45088, 0.74733
1.43537, 2.14206, 1.94979, 2.05607, 2.0101, 1.90126, 2.02198, 1.87023, 1.43961, 0.75585
1.45146, 2.14142, 1.96628, 2.05608, 2.02553, 1.9046, 2.0371, 1.87427, 1.44578, 0.762407
1.44706, 2.11289, 1.95486, 2.03099, 2.01147, 1.87833, 2.02246, 1.84777, 1.40751, 0.698855
1.46251, 2.11254, 1.97032, 2.03149, 2.0259, 1.88193, 2.03661, 1.852, 1.41291, 0.704742
1.47794, 2.11222, 1.98513, 2.03197, 2.03968, 1.8854, 2.05012, 1.85608, 1.41819, 0.710491
1.44188, 2.14052, 1.95391, 2.04393, 2.01306, 1.89473, 2.02407, 1.86492, 1.44088, 0.748327
1.45586, 2.13997, 1.96803, 2.04416, 2.02625, 1.89773, 2.03701, 1.86848, 1.44614, 0.753956
1.46978, 2.13946, 1.98157, 2.04437, 2.03886, 1.90061, 2.04939, 1.87192, 1.45127, 0.759454
1.46588, 2.11575, 1.97183, 2.0235, 2.02701, 1.87886, 2.03708, 1.84999, 1.41878, 0.706875
1.47922, 2.11545, 1.98453, 2.02404, 2.03883, 1.88189, 2.04867, 1.85353, 1.42333, 0.711844
1.44805, 2.13975, 1.95792, 2.03425, 2.016, 1.88984, 2.02632, 1.86107, 1.44288, 0.744564
1.46019, 2.1393, 1.97, 2.03459, 2.02728, 1.8925, 2.03739, 1.86419, 1.44737, 0.749404
1.47224, 2.13886, 1.98161, 2.03492, 2.03809, 1.89506, 2.04801, 1.86721, 1.45176, 0.754126
1.46887, 2.1185, 1.97316, 2.01692, 2.02786, 1.87632, 2.03739, 1.84832, 1.42368, 0.709294
1.48039, 2.11823, 1.98406, 2.01747, 2.03799, 1.87896, 2.04733, 1.85138, 1.4276, 0.713585
1.45348, 2.1391, 1.96133, 2.02619, 2.01841, 1.88575, 2.02814, 1.85782, 1.44444, 0.741864
1.46401, 2.13871, 1.97168, 2.02659, 2.02806, 1.88809, 2.03763, 1.86055, 1.44829, 0.746024
1.47443, 2.13834, 1.98164, 2.02697, 2.03733, 1.89035, 2.04673, 1.86319, 1.45205, 0.75008
1.47152, 2.12085, 1.97432, 2.01145, 2.0285, 1.87421, 2.03758, 1.84692, 1.42783, 0.711791
1.48146, 2.12061, 1.98366, 2.012, 2.03718, 1.8765, 2.04611, 1.84956, 1.43121, 0.715494
1.45824, 2.13852, 1.96424, 2.01944, 2.02039, 1.88229, 2.02964, 1.85506, 1.44572, 0.73992
1.46737, 2.13819, 1.9731, 2.01986, 2.02865, 1.88435, 2.03776, 1.85745, 1.44902, 0.743495
1.47638, 2.13788, 1.98164, 2.02027, 2.0366, 1.88633, 2.04557, 1.85974, 1.45224, 0.746979
1.47386, 2.12287, 1.97531, 2.00689, 2.02898, 1.87243, 2.03768, 1.84574, 1.43137, 0.714239
1.48244, 2.12265, 1.98332, 2.00741, 2.03643, 1.87442, 2.04501, 1.84802, 1.43428, 0.717432
1.45905, 2.14829, 1.96631, 2.02159, 2.02288, 1.88739, 2.03196, 1.8608, 1.43202, 0.728246
1.46691, 2.14796, 1.97391, 2.02193, 2.02997, 1.88911, 2.03893, 1.86279, 1.43481, 0.731263
1.47464, 2.14765, 1.98124, 2.02226, 2.03678, 1.89077, 2.04563, 1.86472, 1.43752, 0.734201
1.48225, 2.14734, 1.9883, 2.02258, 2.04334, 1.89237, 2.05208, 1.86658, 1.44016, 0.73706
1.48976, 2.14705, 1.99511, 2.02288, 2.04966, 1.89392, 2.05829, 1.86838, 1.44273, 0.739844
1.47165, 2.16345, 1.98203, 2.03106, 2.03882, 1.90122, 2.04776, 1.87554, 1.4383, 0.74327
1.46977, 2.15188, 1.97713, 2.02064, 2.03294, 1.89043, 2.04169, 1.86467, 1.42257, 0.717541
