0.289382
0.343332
0.423776
0.546572
0.73843
1.04428
1.27782
1.43972
1.60681
1.57082
1.65448
1.53587
1.67131
1.6286
1.72831
1.66307
1.67383
1.63775
1.74446
1.68899
1.67328
1.68723
1.60093
1.71494
1.58899
1.72398
1.61116
1.72814
1.61857
1.74472
1.62361
1.72326
1.6651
1.72613
1.6773
1.72554
1.69341
1.72098
1.71268
1.7494
1.67227
1.74236
1.70255
1.73516
1.72553
1.72397
1.73335
1.75229
1.71506
1.74294
1.73968
1.73018
1.75107
1.75085
1.73922
1.73878
1.76703
1.72362
1.76076
1.75154
1.7741
1.72552
1.7575
1.7684
1.74328
1.77198
1.75786
1.77846
1.74131
1.766
1.77568
1.77392
1.76379
1.7622
1.7832
1.7631
1.77201
1.7813
1.77747
1.77466
1.76654
1.78282
1.77733
1.7723
1.78692
1.78011
1.78882
1.76671
1.77934
1.79169
1.77903
1.78281
1.78768
1.78532
1.79006
1.77681
1.78643
1.79326
1.78823
1.78983
