0.0766486
0.0876802
0.0944172
0.0976652
0.101202
0.104547
0.103717
0.107685
0.112017
0.116629
0.116993
0.117367
0.117749
0.118142
0.118546
0.118961
0.119388
0.119828
0.120283
0.120754
0.121242
0.121749
0.122278
0.122831
0.123413
0.124028
0.124643
0.123561
0.124117
0.124699
0.125313
0.125966
0.126664
0.127423
0.128261
0.129215
0.130359
0.130801
0.131242
0.131682
0.13212
0.132556
0.13299
0.133422
0.133851
0.134278
0.134701
0.135122
0.135539
0.135953
0.136364
0.13677
0.137173
0.137572
0.137967
0.138358
0.138745
0.139127
0.139506
0.139879
0.140249
0.140614
0.140974
0.14133
0.141681
0.142028
0.142371
0.142709
0.143043
0.143372
0.143697
0.144017
0.144333
0.144645
0.144953
0.145257
0.145556
0.145852
0.145884
0.144596
0.144887
0.145175
0.145459
0.145739
0.146015
0.146288
0.146557
0.146823
0.147085
0.147343
0.147599
0.147851
0.1481
0.148345
0.148588
0.148827
0.149064
0.149297
0.149528
0.149335
