2.63387
1.76312
2.18897
2.09977
2.22719
2.12573
2.2596
2.15506
2.28598
2.18725
2.30727
2.22101
2.32504
2.25481
2.34083
2.2873
2.35583
2.31755
2.37069
2.34513
2.38567
2.36997
2.40074
2.39224
2.41571
2.41223
2.43038
2.43025
2.44457
2.44657
2.45815
2.46142
2.47102
2.47501
2.48316
2.48748
2.49454
2.49897
2.50518
2.50956
2.51511
2.51935
2.52436
2.52841
2.53296
2.5368
2.54096
2.54458
2.5484
2.5518
2.55532
2.5585
2.56175
2.56473
2.56773
2.57051
2.5733
2.5759
2.57848
2.5809
2.5833
2.58556
2.58779
2.5899
2.59198
2.59395
2.59588
2.59772
2.59952
2.60124
2.60291
2.60452
2.60608
2.60758
2.60904
2.61044
2.61181
2.61311
2.61439
2.61561
2.6168
2.61795
2.61906
2.62013
2.62117
2.62217
2.62315
2.62408
2.625
2.62587
2.62673
2.62755
2.62835
2.62912
2.62987
2.63059
2.63129
2.63196
2.63262
2.63326
