0.261655
0.2679
0.275151
0.283849
0.294963
0.311886
0.321151
0.331034
0.341902
0.354854
0.370213
0.361139
0.369794
0.375661
0.36692
0.374592
0.381755
0.388376
0.390989
0.381989
0.387964
0.393536
0.398713
0.40351
0.407947
0.410545
0.401465
0.405651
0.409608
0.413346
0.416879
0.416668
0.414513
0.417669
0.419125
0.412687
0.415758
0.418694
0.421505
0.424198
0.426782
0.429266
0.429684
0.425675
0.42817
0.430084
0.418136
0.42044
0.420055
0.418806
0.417797
0.375531
0.408658
0.410649
0.412556
0.414384
0.416134
0.417813
0.415547
0.416348
0.417874
0.419337
0.420742
0.422091
0.423387
0.424209
0.421778
0.422998
0.424173
0.425306
0.426399
0.427453
0.428471
0.429454
0.429711
0.428271
0.429199
0.430097
0.430688
0.429358
0.430178
0.430971
0.431738
0.432482
0.432961
0.431658
0.432356
0.433033
0.433689
0.434325
0.434942
0.435541
0.436122
0.436457
0.435538
0.436082
0.43661
0.437123
0.437621
0.438004
