0.282197
0.270929
0.288979
0.275382
0.310128
0.321028
0.309604
0.318393
0.327665
0.289232
0.227019
0.304787
0.289437
0.302318
0.291652
0.301846
0.296073
0.316594
0.332587
0.326266
0.344995
0.330001
0.321232
0.309532
0.341006
0.284161
0.324006
0.337952
0.339928
0.356092
0.346653
0.332001
0.339783
0.352727
0.363207
0.354291
0.362319
0.371947
0.367895
0.366932
0.364007
0.305605
0.261785
0.330633
0.357755
0.360936
0.359556
0.369041
0.375574
0.365926
0.37388
0.368518
0.371303
0.377838
0.369716
0.372419
0.376284
0.37794
0.379063
0.36315
0.375532
0.371467
0.375477
0.376923
0.377653
0.378989
0.382891
0.381746
0.385488
0.386298
0.385568
0.384568
0.385866
0.385724
0.385605
0.386606
0.386495
0.387629
0.385698
0.387138
0.387432
0.386203
0.389469
0.389417
0.390359
0.389562
0.38994
0.389595
0.389856
0.390034
0.39082
0.38979
0.390738
0.391459
0.39153
0.391128
0.391401
0.391531
0.391715
0.391766
