1.61829
1.66238
1.71617
1.78186
1.86235
1.96168
2.08596
2.20077
2.24732
2.30139
2.36498
2.44135
2.53677
2.60544
2.67745
2.67702
2.77104
2.86175
2.84387
2.91896
2.90003
2.96842
2.95148
3.0142
3.00083
3.0592
3.04995
3.10542
3.10023
3.15428
3.15271
3.20694
3.20831
3.26461
3.26795
3.3289
3.33272
3.40279
3.40383
3.49372
3.47295
3.53523
3.55749
3.56875
3.59196
3.59771
3.62205
3.62248
3.64813
3.6435
3.67065
3.66127
3.66277
3.66775
3.67132
3.67301
3.67883
3.67732
3.68548
3.68085
3.68965
3.69213
3.68267
3.69473
3.68777
3.69689
3.69237
3.6987
3.69655
3.70022
3.69918
3.70794
3.69314
3.70911
3.69652
3.7101
3.69961
3.71094
3.70245
3.71166
3.70479
3.71713
3.69948
3.7177
3.70183
3.7182
3.704
3.71862
3.70602
3.71898
3.70788
3.71828
3.70875
3.71948
3.70911
3.72101
3.70943
3.72155
3.71061
3.72061
