0.904286
0.974259
0.911274
0.895794
0.927828
1.0491
1.09725
1.08565
1.0158
0.919889
1.01821
1.00784
1.06903
1.00711
0.972497
0.984893
0.994848
1.0195
1.03679
1.12936
0.997517
0.919351
0.98531
1.05237
1.0139
1.10899
1.07444
1.16683
1.10529
1.05273
1.1744
1.16106
1.07139
1.06138
1.09766
1.11614
1.05524
1.02831
1.09575
1.15739
1.12957
1.10915
1.19271
1.18113
1.13583
1.15077
1.11787
1.18504
1.17119
1.2094
1.19861
1.17937
1.20224
1.18909
1.22283
1.22609
1.23631
1.20708
1.22219
1.2136
1.25875
1.25997
1.24587
1.21728
1.25656
1.2725
1.25582
1.25538
1.26176
1.28265
1.24676
1.27363
1.27983
1.2773
1.27976
1.28091
1.23716
1.26863
1.28361
1.26019
1.27387
1.27077
1.286
1.28634
1.28005
1.28257
1.25734
1.26909
1.27916
1.28103
1.2824
1.27372
1.2829
1.28387
1.2969
1.29056
1.28798
1.28739
1.2783
1.2974
