0.423033
0.426205
0.429506
0.431667
0.433808
0.435992
0.438232
0.440546
0.44296
0.445513
0.448275
0.45139
0.455303
0.457504
0.459785
0.462194
0.464827
0.467948
0.469652
0.471342
0.47302
0.47469
0.476356
0.478022
0.479695
0.481383
0.483096
0.48485
0.486669
0.488593
0.490709
0.492005
0.493286
0.494556
0.495819
0.49708
0.498345
0.499622
0.500924
0.50227
0.503693
0.50374
0.486459
0.487753
0.48841
0.489049
0.489671
0.490277
0.490867
0.491441
0.492
0.492544
0.493074
0.49359
0.494092
0.49458
0.495056
0.495519
0.495969
0.496407
0.496833
0.497248
0.497652
0.498045
0.498427
0.498798
0.49916
0.499512
0.499854
0.500187
0.50051
0.500825
0.501131
0.501429
0.501719
0.502
0.502274
0.50254
0.502799
0.503051
0.503296
0.503533
0.503765
0.503989
0.504208
0.50442
0.504627
0.504828
0.505023
0.505212
0.505396
0.505575
0.505749
0.505918
0.506083
0.506242
0.506397
0.506548
0.506694
0.506836
