0.378901
0.392201
0.403381
0.412879
0.421191
0.428787
0.436093
0.443512
0.451476
0.436888
0.425338
0.436405
0.44814
0.462555
0.471011
0.479194
0.467875
0.450222
0.46011
0.469483
0.478475
0.487258
0.496074
0.493377
0.499622
0.508772
0.515802
0.486755
0.498288
0.512328
0.51984
0.526831
0.533341
0.539411
0.5265
0.520413
0.527316
0.533814
0.53994
0.545732
0.551224
0.55211
0.53563
0.541672
0.547467
0.553056
0.558484
0.563805
0.561709
0.566697
0.572574
0.576381
0.561981
0.569245
0.573363
0.577253
0.580927
0.584398
0.587678
0.578765
0.577215
0.580505
0.583622
0.586577
0.589378
0.592035
0.590328
0.583242
0.585864
0.588356
0.590726
0.591751
0.59145
0.593536
0.592731
0.586555
0.58858
0.590514
0.59236
0.594124
0.595808
0.597418
0.595029
0.591885
0.59343
0.594909
0.596325
0.597681
0.598707
0.59803
0.596503
0.593663
0.594862
0.596012
0.597116
0.598177
0.599196
0.599955
0.598088
0.596399
