0.0939361
0.0942698
0.0946023
0.0949333
0.0952627
0.0955905
0.0959163
0.0962401
0.0965619
0.0968814
0.0971986
0.0975134
0.0978256
0.0981353
0.0984422
0.0987464
0.0990478
0.0993463
0.0996418
0.0999344
0.100224
0.10051
0.100794
0.101074
0.101351
0.101625
0.101895
0.102163
0.102427
0.102688
0.102945
0.1032
0.103451
0.103699
0.103943
0.104185
0.104423
0.104658
0.10489
0.105119
0.105344
0.105567
0.105786
0.106003
0.106216
0.106426
0.106634
0.106838
0.10704
0.107239
0.107435
0.107628
0.107819
0.108007
0.108192
0.108375
0.108555
0.108732
0.108907
0.10908
0.10925
0.109418
0.109584
0.109747
0.109909
0.110068
0.110225
0.11038
0.110533
0.110684
0.110833
0.11098
0.111126
0.11127
0.111412
0.111552
0.111691
0.111829
0.111965
0.112099
0.112233
0.112365
0.112496
0.112625
0.112754
0.112882
0.113009
0.113135
0.11326
0.113385
0.113509
0.113633
0.113757
0.11388
0.113925
0.113968
0.11401
0.114051
0.114091
0.114129
