0.577886
0.576098
0.531384
0.302084
0.208227
0.294161
0.435832
0.500948
0.552441
0.558229
0.567219
0.662108
0.234256
0.306603
0.408966
0.468197
0.475338
0.487601
0.475212
0.509861
0.51436
0.545914
0.556217
0.544971
0.625126
0.592
0.608508
0.681601
0.682674
0.649581
0.718029
0.772998
0.741407
0.566301
0.736453
0.679655
0.714154
0.767076
0.772757
0.815107
0.582409
0.710146
0.799804
0.799399
0.657301
0.733029
0.784026
0.790919
0.576267
0.685924
0.752097
0.808893
0.8081
0.817671
0.84854
0.685663
0.742095
0.801291
0.829441
0.853804
0.803204
0.76858
0.821095
0.840271
0.80118
0.713114
0.83364
0.833825
0.844073
0.859844
0.754881
0.794088
0.833883
0.851338
0.868453
0.82246
0.812917
0.847813
0.857031
0.73523
0.769662
0.803577
0.836737
0.853904
0.852623
0.854889
0.868852
0.801817
0.826462
0.85101
0.858873
0.861829
0.867529
0.849817
0.833463
0.854048
0.857005
0.871612
0.852875
0.84236
