0.223314
0.250132
0.282786
0.307
0.320517
0.342927
0.366709
0.391112
0.423663
0.453578
0.457114
0.482701
0.484654
0.494732
0.494566
0.499024
0.502236
0.502399
0.508008
0.513863
0.510419
0.494044
0.498422
0.502948
0.507621
0.50752
0.510542
0.509721
0.514135
0.518753
0.522071
0.522409
0.525548
0.524178
0.524345
0.528662
0.525696
0.514273
0.517768
0.521301
0.52487
0.527997
0.52768
0.527663
0.526516
0.521919
0.527695
0.529547
0.52977
0.530385
0.532101
0.534962
0.533747
0.53259
0.536245
0.533959
0.527473
0.529736
0.531985
0.534219
0.536436
0.536148
0.531123
0.537431
0.538407
0.539037
0.540973
0.539937
0.534606
0.536295
0.537961
0.538244
0.539264
0.53865
0.537141
0.539983
0.539547
0.541127
0.541827
0.542217
0.543518
0.543557
0.544539
0.543252
0.540499
0.541597
0.542674
0.54216
0.541352
0.543166
0.542941
0.543938
0.544443
0.544671
0.545539
0.545581
0.546219
0.545915
0.543538
0.544275
