0.238208
0.25771
0.280451
0.307465
0.340632
0.384234
0.453897
0.488059
0.520813
0.491735
0.501633
0.528533
0.552782
0.543419
0.551963
0.571826
0.546548
0.549869
0.565362
0.578743
0.59025
0.600145
0.594946
0.596062
0.59967
0.547257
0.561936
0.575257
0.563752
0.55774
0.568344
0.577856
0.586381
0.594024
0.600891
0.607078
0.612675
0.606958
0.609268
0.613305
0.586315
0.580421
0.572314
0.578829
0.584816
0.590323
0.595394
0.60007
0.604392
0.608395
0.612111
0.615568
0.618064
0.61316
0.616243
0.609621
0.581263
0.587619
0.591104
0.594366
0.597422
0.600288
0.60298
0.605512
0.607896
0.610144
0.612266
0.612394
0.603802
0.606169
0.608412
0.61054
0.608184
0.609151
0.611065
0.612886
0.614621
0.611187
0.608018
0.609513
0.610938
0.612297
0.613595
0.614834
0.615396
0.610187
0.611469
0.612182
0.610539
0.611698
0.612808
0.613872
0.614893
0.615872
0.616813
0.617716
0.618583
0.617598
0.614684
0.615449
