0.870498, 0.977322, 1.16429, 1.5414, 3.1671, 2.92554, 1.54094, 2.56986, 2.69876, 1.7578
0.911721, 0.974417, 1.20532, 1.52632, 3.17845, 2.87168, 1.56817, 2.54448, 2.76783, 1.69404
0.952703, 0.971419, 1.24614, 1.51116, 3.19048, 2.81687, 1.59501, 2.51945, 2.84826, 1.62903
0.971866, 1.1126, 1.24612, 1.69663, 2.99026, 2.97251, 1.43137, 2.84984, 2.76945, 1.75864
0.552838, 0.845806, 1.07259, 1.52838, 2.9195, 2.91379, 1.36197, 2.73481, 2.66017, 1.70885
0.584026, 0.845933, 1.10765, 1.51645, 2.93377, 2.8709, 1.3838, 2.71457, 2.71822, 1.65129
0.614739, 0.846021, 1.14235, 1.50454, 2.94834, 2.82793, 1.40521, 2.6947, 2.78109, 1.59201
0.644989, 0.846069, 1.17671, 1.49264, 2.96328, 2.78481, 1.42623, 2.67519, 2.85167, 1.53164
0.674784, 0.846078, 1.21074, 1.48074, 2.97867, 2.74144, 1.44686, 2.65603, 2.9376, 1.47302
0.726553, 0.910335, 1.27698, 1.56605, 3.15234, 3.11535, 1.59156, 2.78068, 2.95178, 1.61365
0.806685, 1.0673, 1.36286, 1.824, 3.01457, 2.63182, 1.74431, 2.26681, 2.89407, 1.85474
0.828588, 1.18136, 1.34628, 1.99828, 2.88164, 2.76787, 1.67553, 2.46315, 2.82198, 1.96126
0.474978, 0.886574, 1.24401, 1.8834, 2.82154, 2.72039, 1.60219, 2.37656, 2.74243, 1.91995
0.498507, 0.886369, 1.26921, 1.87001, 2.83726, 2.68496, 1.62332, 2.35816, 2.78925, 1.87572
0.53403, 0.960871, 1.28878, 1.99929, 2.85645, 2.86924, 1.60817, 2.5124, 2.77616, 1.99338
0.556683, 0.959971, 1.31151, 1.98583, 2.86821, 2.83784, 1.62662, 2.49512, 2.81959, 1.95034
0.578893, 0.959068, 1.33385, 1.97256, 2.88005, 2.80665, 1.64472, 2.47816, 2.86914, 1.90578
0.600666, 0.958164, 1.35579, 1.95949, 2.89199, 2.77566, 1.66248, 2.46152, 2.9297, 1.85857
0.62201, 0.957258, 1.37733, 1.9466, 2.90404, 2.74485, 1.67989, 2.44519, 3.01689, 1.80496
0.642932, 0.956351, 1.39849, 1.9339, 2.91622, 2.71417, 1.69697, 2.42915, 3.04907, 1.76908
0.671146, 1.0218, 1.40926, 2.04328, 2.94562, 2.88085, 1.68257, 2.55641, 3.0317, 1.8638
0.691189, 1.02035, 1.42837, 2.03084, 2.95462, 2.85364, 1.69765, 2.54143, 3.06166, 1.8289
0.71083, 1.01891, 1.4471, 2.0186, 2.96366, 2.82667, 1.71243, 2.52675, 3.0904, 1.79568
0.730074, 1.01747, 1.46548, 2.00657, 2.97274, 2.79993, 1.72689, 2.51237, 3.11772, 1.76426
0.74893, 1.01605, 1.4835, 1.99474, 2.98189, 2.77341, 1.74106, 2.49828, 3.14348, 1.73472
0.767403, 1.01464, 1.50117, 1.98311, 2.9911, 2.74708, 1.75493, 2.48449, 3.16758, 1.7071
0.78965, 1.07157, 1.50694, 2.07451, 3.03596, 2.90577, 1.74302, 2.58976, 3.15048, 1.78384
0.475773, 0.841293, 1.44626, 2.01059, 3.00018, 2.87731, 1.69993, 2.53771, 3.10173, 1.76393
1.32465, 1.35985, 1.29556, 1.8384, 2.92335, 2.81574, 1.60468, 2.41337, 2.99371, 1.72324
1.21669, 1.28925, 1.2252, 1.76502, 2.88828, 2.78785, 1.55973, 2.35934, 2.94523, 1.70339
1.09676, 1.21081, 1.15148, 1.68813, 2.85381, 2.76044, 1.51462, 2.30513, 2.89734, 1.68379
0.957, 1.11941, 1.07326, 1.60655, 2.81993, 2.73351, 1.46929, 2.25064, 2.85004, 1.66442
0.973674, 1.17013, 1.09039, 1.67062, 2.83248, 2.84305, 1.46454, 2.34264, 2.84111, 1.72715
0.815608, 1.06018, 1.01467, 1.58839, 2.80148, 2.81731, 1.42322, 2.29018, 2.79642, 1.7078
0.832787, 1.1059, 1.032, 1.64787, 2.81537, 2.92702, 1.4158, 2.383, 2.7888, 1.76776
0.846834, 1.10418, 1.04522, 1.64285, 2.82146, 2.91079, 1.4263, 2.37464, 2.81936, 1.74403
0.860567, 1.1025, 1.05813, 1.63793, 2.82747, 2.89486, 1.43655, 2.36648, 2.85279, 1.72053
0.873991, 1.10083, 1.07074, 1.63311, 2.83339, 2.87924, 1.44654, 2.35851, 2.89076, 1.69727
0.887112, 1.0992, 1.08306, 1.62839, 2.83924, 2.86392, 1.45629, 2.35073, 2.93693, 1.67424
0.899935, 1.09759, 1.09509, 1.62378, 2.84501, 2.8489, 1.4658, 2.34314, 3.00273, 1.6512
0.913538, 1.13671, 1.10815, 1.67452, 2.8632, 2.9449, 1.45645, 2.42138, 2.99385, 1.70016
0.771928, 1.03688, 1.04922, 1.61135, 2.83984, 2.92487, 1.42592, 2.38074, 2.96003, 1.68657
0.783037, 1.03591, 1.06012, 1.60732, 2.84469, 2.91159, 1.43443, 2.37394, 2.97578, 1.66909
0.793879, 1.03496, 1.07076, 1.60339, 2.84946, 2.89858, 1.44272, 2.36731, 2.99081, 1.65226
0.804457, 1.03403, 1.08114, 1.59954, 2.85416, 2.88584, 1.4508, 2.36085, 3.00512, 1.63608
0.814778, 1.03311, 1.09126, 1.59577, 2.85877, 2.87337, 1.45867, 2.35454, 3.01871, 1.62055
0.826564, 1.06452, 1.10216, 1.63738, 2.87717, 2.95593, 1.45002, 2.42088, 3.01115, 1.66082
0.884236, 1.06928, 1.16781, 1.62476, 2.8844, 2.86703, 1.50587, 2.38162, 2.95139, 1.70274
0.894022, 1.06818, 1.17729, 1.62093, 2.88864, 2.85535, 1.51303, 2.37566, 3.00817, 1.68326
0.904287, 1.09758, 1.18611, 1.65948, 2.9086, 2.93147, 1.50498, 2.43416, 3.00136, 1.72097
0.787017, 1.01921, 1.14118, 1.61511, 2.89081, 2.91654, 1.48183, 2.40414, 2.97583, 1.71056
0.795551, 1.01852, 1.14977, 1.61174, 2.8944, 2.90614, 1.48827, 2.39879, 2.98789, 1.69735
0.803868, 1.01784, 1.15815, 1.60844, 2.89792, 2.89597, 1.49454, 2.39357, 2.99946, 1.68463
0.811972, 1.01718, 1.16632, 1.60522, 2.90137, 2.88604, 1.50064, 2.38849, 3.01056, 1.67239
0.819869, 1.01653, 1.17427, 1.60208, 2.90476, 2.87633, 1.50658, 2.38354, 3.02117, 1.66061
0.827562, 1.01589, 1.18203, 1.59901, 2.90809, 2.86685, 1.51237, 2.37872, 3.03132, 1.64929
0.836106, 1.03897, 1.1891, 1.6298, 2.92774, 2.93049, 1.50571, 2.42613, 3.02564, 1.67933
0.843386, 1.03828, 1.19636, 1.62681, 2.93058, 2.92174, 1.51103, 2.4216, 3.0353, 1.66867
0.850477, 1.03761, 1.20343, 1.6239, 2.93336, 2.9132, 1.5162, 2.4172, 3.04455, 1.65843
0.857382, 1.03696, 1.21031, 1.62106, 2.93608, 2.90486, 1.52124, 2.41291, 3.0534, 1.64858
0.864107, 1.03632, 1.21702, 1.61829, 2.93874, 2.89672, 1.52614, 2.40873, 3.06186, 1.63913
0.870655, 1.03569, 1.22355, 1.61559, 2.94136, 2.88878, 1.5309, 2.40467, 3.06994, 1.63005
0.877031, 1.03508, 1.22991, 1.61295, 2.94392, 2.88103, 1.53554, 2.40072, 3.07765, 1.62133
0.883731, 1.05399, 1.23522, 1.638, 2.96634, 2.93643, 1.52973, 2.43884, 3.07277, 1.64531
0.797363, 0.999249, 1.20558, 1.61043, 2.95479, 2.92691, 1.51462, 2.41952, 3.05612, 1.6391
0.80298, 0.998837, 1.21135, 1.60807, 2.95697, 2.91995, 1.51881, 2.41595, 3.06331, 1.63102
0.808446, 0.998434, 1.21697, 1.60578, 2.9591, 2.91316, 1.52289, 2.41248, 3.07018, 1.62325
0.813764, 0.99804, 1.22244, 1.60354, 2.96118, 2.90654, 1.52685, 2.40911, 3.07675, 1.61578
0.818937, 0.997655, 1.22777, 1.60137, 2.96322, 2.90009, 1.5307, 2.40582, 3.08304, 1.6086
0.82397, 0.99728, 1.23295, 1.59924, 2.96521, 2.8938, 1.53444, 2.40263, 3.08904, 1.6017
0.827346, 1.01564, 1.23285, 1.62471, 2.93462, 2.92352, 1.51755, 2.4446, 3.07835, 1.61692
0.832091, 1.01524, 1.23768, 1.62267, 2.93648, 2.91777, 1.52099, 2.44163, 3.08408, 1.61037
0.836707, 1.01486, 1.24238, 1.62069, 2.93829, 2.91216, 1.52434, 2.43873, 3.08958, 1.60408
0.841196, 1.01448, 1.24696, 1.61876, 2.94007, 2.9067, 1.52759, 2.43592, 3.09483, 1.59803
0.845562, 1.01412, 1.2514, 1.61688, 2.9418, 2.90138, 1.53075, 2.43318, 3.09986, 1.5922
0.849807, 1.01376, 1.25573, 1.61505, 2.94348, 2.8962, 1.53382, 2.43052, 3.10468, 1.5866
0.853934, 1.01341, 1.25994, 1.61327, 2.94513, 2.89116, 1.53681, 2.42794, 3.10928, 1.58121
0.858347, 1.02562, 1.26325, 1.62961, 2.96068, 2.92785, 1.53236, 2.45331, 3.10597, 1.59659
0.862242, 1.02527, 1.2672, 1.62791, 2.96214, 2.92315, 1.53513, 2.45088, 3.11037, 1.59151
0.86603, 1.02492, 1.27104, 1.62625, 2.96356, 2.91858, 1.53783, 2.44852, 3.11458, 1.58662
0.869711, 1.02459, 1.27477, 1.62464, 2.96494, 2.91413, 1.54045, 2.44623, 3.11862, 1.58191
0.87329, 1.02426, 1.27839, 1.62306, 2.96629, 2.9098, 1.54299, 2.44401, 3.12249, 1.57738
0.876768, 1.02395, 1.28192, 1.62154, 2.9676, 2.90559, 1.54546, 2.44184, 3.1262, 1.57302
0.880149, 1.02364, 1.28535, 1.62005, 2.96889, 2.90149, 1.54786, 2.43974, 3.12976, 1.56882
0.829873, 0.993404, 1.26916, 1.60582, 2.96254, 2.89633, 1.53964, 2.42934, 3.1207, 1.56572
0.833365, 1.00287, 1.27173, 1.61858, 2.97699, 2.92649, 1.53615, 2.44919, 3.11807, 1.5777
0.836386, 1.00264, 1.27485, 1.61724, 2.97811, 2.92277, 1.53833, 2.44728, 3.12138, 1.57381
0.839321, 1.00241, 1.27788, 1.61593, 2.9792, 2.91916, 1.54045, 2.44543, 3.12454, 1.57006
0.842173, 1.00218, 1.28082, 1.61467, 2.98027, 2.91565, 1.5425, 2.44363, 3.12759, 1.56645
0.844943, 1.00196, 1.28369, 1.61343, 2.98131, 2.91224, 1.5445, 2.44188, 3.13051, 1.56297
0.847635, 1.00175, 1.28647, 1.61223, 2.98232, 2.90892, 1.54644, 2.44019, 3.13331, 1.55961
0.85025, 1.00154, 1.28917, 1.61107, 2.98331, 2.90569, 1.54832, 2.43854, 3.13601, 1.55637
0.851893, 1.01098, 1.28879, 1.6241, 2.96744, 2.92064, 1.53891, 2.46035, 3.13063, 1.56393
0.854356, 1.01077, 1.29133, 1.62299, 2.96836, 2.91764, 1.54066, 2.45881, 3.13319, 1.56086
0.856748, 1.01057, 1.29379, 1.62192, 2.96926, 2.91473, 1.54236, 2.45731, 3.13566, 1.5579
0.859073, 1.01038, 1.29618, 1.62087, 2.97014, 2.9119, 1.54401, 2.45585, 3.13803, 1.55505
0.86133, 1.01019, 1.2985, 1.61985, 2.97099, 2.90915, 1.54562, 2.45444, 3.14031, 1.55229
0.863523, 1.01, 1.30075, 1.61886, 2.97182, 2.90647, 1.54717, 2.45307, 3.1425, 1.54964
0.865652, 1.00983, 1.30294, 1.6179, 2.97263, 2.90387, 1.54868, 2.45174, 3.14461, 1.54707
0.86772, 1.00965, 1.30507, 1.61697, 2.97342, 2.90134, 1.55015, 2.45044, 3.14664, 1.54459
