1.39152
1.17856
1.34536
1.21404
1.34
1.24814
1.33711
1.27885
1.33805
1.30496
1.34272
1.32648
1.3502
1.34414
1.35937
1.35891
1.36925
1.37158
1.37917
1.38273
1.38875
1.39273
1.39779
1.40178
1.40621
1.41003
1.41399
1.41758
1.42116
1.42449
1.42775
1.43082
1.4338
1.43663
1.43936
1.44196
1.44446
1.44685
1.44915
1.45135
1.45345
1.45548
1.45742
1.45928
1.46106
1.46277
1.46442
1.466
1.46752
1.46897
1.47037
1.47172
1.47301
1.47425
1.47545
1.4766
1.4777
1.47877
1.47979
1.48078
1.48172
1.48264
1.48352
1.48437
1.48518
1.48597
1.48673
1.48746
1.48816
1.48884
1.4895
1.49013
1.49074
1.49133
1.4919
1.49245
1.49298
1.49349
1.49398
1.49446
1.49492
1.49537
1.4958
1.49621
1.49661
1.497
1.49738
1.49774
1.49809
1.49843
1.49875
1.49907
1.49938
1.49967
1.49996
1.50024
1.5005
1.50076
1.50102
1.50126
