0.633271
0.72557
0.766039
0.810971
0.844508
0.874641
0.915324
0.942082
0.964726
0.986076
1.00551
1.01997
1.03268
1.04369
1.05225
1.05531
1.06206
1.06768
1.0723
1.07607
1.07913
1.08164
1.08377
1.08557
1.08687
1.08805
1.08891
1.08966
1.09029
1.09081
1.09133
1.09159
1.09202
1.09217
1.09231
1.09252
1.09284
1.09287
1.0929
1.09315
1.09315
1.09315
1.09316
1.09323
1.09336
1.09334
1.09333
1.09339
1.09351
1.09348
1.09345
1.09353
1.0935
1.09361
1.09357
1.09354
1.09363
1.09359
1.09356
1.09363
1.09359
1.09357
1.09361
1.09358
1.09362
1.09359
1.09364
1.09361
1.09366
1.09363
1.09361
1.09364
1.09362
1.09365
1.09362
1.09366
1.09364
1.09367
1.09365
1.09369
1.09367
1.09365
1.09368
1.09366
1.09364
1.09367
1.09365
1.09368
1.09366
1.09369
1.09367
1.09366
1.09368
1.09367
1.09366
1.09368
1.09366
1.09368
1.09367
1.09366
