0.974594
1.14406
1.09328
1.16424
1.07593
1.13329
1.15741
0.983781
1.12153
1.15741
1.17321
0.961121
1.14572
1.176
1.17338
1.07494
1.11594
1.14462
1.17054
1.16409
1.11099
1.15646
1.17619
1.03741
1.14813
1.1691
1.184
1.03184
1.16122
1.17924
1.1793
1.12876
1.16882
1.17997
1.08617
1.16195
1.17657
1.18449
1.08712
1.17009
1.18276
1.18795
1.17131
1.16713
1.15735
1.16483
1.17612
1.17347
1.1633
1.17054
1.18
1.18129
1.16447
1.1747
1.18295
1.189
1.16562
1.17793
1.18516
1.19148
1.17884
1.17668
1.17096
1.17726
1.18227
1.18194
1.17396
1.17949
1.18298
1.18732
1.17643
1.18129
1.18354
1.1889
1.18213
1.1744
1.17865
1.18272
1.18661
1.18414
1.18187
1.1854
1.1864
1.18803
1.18339
1.18594
1.18851
1.19141
1.18467
1.18643
1.1892
1.18912
1.18057
1.18305
1.18544
1.18773
1.18994
1.18995
1.18714
1.18862
