0.0245867
0.0270946
0.0298081
0.0327363
0.0358877
0.0392709
0.0428942
0.0467656
0.0508929
0.0552837
0.0599451
0.0648844
0.0701083
0.0756236
0.0814367
0.0875542
0.0939825
0.100728
0.107797
0.115198
0.122936
0.13102
0.139458
0.148261
0.157438
0.167002
0.176968
0.187352
0.198175
0.202248
0.202284
0.202321
0.202357
0.202394
0.202432
0.202469
0.202507
0.202544
0.202582
0.20262
0.202133
0.202644
0.20268
0.202716
0.202752
0.202788
0.202823
0.202859
0.202894
0.202928
0.202963
0.202997
0.203031
0.203064
0.203098
0.20313
0.203163
0.202838
0.203184
0.203214
0.203244
0.203274
0.203303
0.203332
0.20336
0.203388
0.203415
0.203442
0.203468
0.203494
0.203519
0.203544
0.203557
0.203561
0.203584
0.203607
0.203629
0.203651
0.203672
0.203693
0.203713
0.203733
0.203753
0.203772
0.203791
0.203809
0.203827
0.203845
0.20382
0.203856
0.203872
0.203888
0.203903
0.203918
0.203933
0.203947
0.203961
0.203975
0.203988
0.204001
