0.303451
0.313597
0.323517
0.333148
0.342481
0.351272
0.335011
0.344882
0.354934
0.365269
0.376106
0.387911
0.392538
0.355004
0.366595
0.380069
0.400289
0.409653
0.418882
0.428088
0.432263
0.430461
0.442591
0.450006
0.457041
0.454787
0.451614
0.458121
0.464258
0.470035
0.474977
0.456985
0.452634
0.451005
0.457641
0.464005
0.470104
0.475947
0.480728
0.470968
0.476352
0.481509
0.48645
0.491187
0.495734
0.497941
0.494192
0.472856
0.468001
0.472178
0.476194
0.480056
0.483771
0.487347
0.49079
0.488003
0.487703
0.49087
0.493923
0.496867
0.499711
0.494518
0.487901
0.484309
0.486902
0.4894
0.491809
0.494133
0.496375
0.49854
0.499097
0.496505
0.498492
0.500413
0.502269
0.497825
0.495603
0.497309
0.497661
0.495652
0.497215
0.498725
0.500186
0.501598
0.502964
0.504287
0.501526
0.495832
0.496953
0.498138
0.499285
0.500395
0.501469
0.502508
0.502318
0.501485
0.502436
0.503357
0.504249
0.505112
