0.717401
0.74547
0.781177
0.817916
0.800063
0.767519
0.805513
0.819406
0.832501
0.822652
0.79124
0.809111
0.825303
0.837776
0.84761
0.852302
0.858618
0.862527
0.860963
0.857458
0.858332
0.814146
0.839759
0.847794
0.855266
0.853825
0.85891
0.861243
0.855437
0.856332
0.855959
0.836941
0.84482
0.850512
0.853151
0.856774
0.854532
0.858159
0.859868
0.857849
0.856606
0.85929
0.857494
0.858303
0.849844
0.85346
0.856439
0.854594
0.854745
0.857605
0.859592
0.858448
0.858089
0.860406
0.861084
0.86105
0.860373
0.860433
0.860974
0.862017
0.859729
0.860099
0.861355
0.860604
0.861202
0.860823
0.859879
0.861304
0.860711
0.85833
0.859781
0.861155
0.861683
0.860835
0.861275
0.862057
0.861641
0.861305
0.862332
0.861925
0.862416
0.861892
0.861497
0.862386
0.862669
0.861978
0.862004
0.862352
0.862142
0.861655
0.862053
0.861883
0.862445
0.861791
0.861579
0.862191
0.862339
0.862131
0.861922
0.862116
