0.111066
0.112322
0.113564
0.11479
0.116
0.117193
0.118368
0.119525
0.120664
0.121784
0.122886
0.123969
0.125034
0.126081
0.127112
0.128125
0.129123
0.130105
0.131074
0.132029
0.132973
0.133906
0.134831
0.135748
0.13666
0.137569
0.138477
0.139387
0.140303
0.141228
0.142167
0.143128
0.144119
0.145153
0.14625
0.147443
0.148798
0.149473
0.150135
0.150785
0.151423
0.152049
0.152663
0.153267
0.153859
0.15444
0.15501
0.15557
0.15612
0.156659
0.157188
0.157708
0.158218
0.158718
0.159209
0.159691
0.160164
0.160628
0.161083
0.161529
0.161173
0.16064
0.161099
0.16155
0.161994
0.162431
0.16286
0.163282
0.163697
0.164105
0.164506
0.164901
0.165289
0.16567
0.166046
0.166415
0.166777
0.167134
0.167485
0.16783
0.168104
0.167218
0.167584
0.167945
0.1683
0.168649
0.168994
0.169333
0.169668
0.169997
0.170322
0.170642
0.170957
0.171268
0.171575
0.171877
0.172175
0.172469
0.172759
0.173044
