0.284557
0.271853
0.253696
0.39481
0.385533
0.328254
0.368966
0.384057
0.390477
0.397035
0.382733
0.383618
0.389503
0.395433
0.396896
0.384098
0.389685
0.395176
0.400555
0.388331
0.389281
0.394086
0.398767
0.403318
0.407736
0.412019
0.416168
0.420186
0.412444
0.414973
0.4186
0.422085
0.425436
0.428661
0.431767
0.433268
0.426807
0.429658
0.432395
0.435028
0.437563
0.440007
0.442365
0.437449
0.41424
0.427587
0.429761
0.431851
0.433863
0.4358
0.437667
0.439468
0.441207
0.442887
0.444511
0.443961
0.424228
0.433989
0.435474
0.436907
0.438291
0.439627
0.440918
0.442167
0.443374
0.444543
0.445674
0.446769
0.444537
0.444523
0.445534
0.445927
0.442899
0.443043
0.4399
0.440785
0.44164
0.442468
0.443269
0.444045
0.444796
0.445523
0.446228
0.446911
0.44756
0.445124
0.445748
0.445126
0.443767
0.444342
0.444899
0.445439
0.445962
0.446469
0.44696
0.447436
0.447898
0.448346
0.447758
0.447174
