1.91403
0.968702
1.65298
1.19337
1.63484
1.2639
1.4669
0.75349
1.01635
1.61937
1.40762
1.09998
1.76424
1.33835
1.46814
0.973758
1.39491
1.34941
1.55149
0.714391
0.851768
1.09272
1.559
0.771489
0.929126
1.19841
1.7259
1.63786
1.74408
1.6503
1.76043
1.66291
1.77503
1.67566
1.78799
1.68848
1.79947
1.70125
1.80965
1.71388
1.81871
1.72626
1.82681
1.7383
1.8341
1.74992
1.84072
1.76106
1.84676
1.77169
1.85232
1.78178
1.85747
1.79132
1.86227
1.80031
1.86677
1.80877
1.87099
1.8167
1.87497
1.82413
1.87874
1.83108
1.8823
1.83758
1.88567
1.84365
1.88887
1.84932
1.89191
1.85461
1.89479
1.85955
1.89752
1.86416
1.90011
1.86847
1.90257
1.87249
1.90489
1.87624
1.9071
1.87975
1.90919
1.88302
1.91117
1.88609
1.91304
1.88895
1.91481
1.89163
1.91649
1.89413
1.91807
1.89647
1.91957
1.89867
1.92098
1.90072
