1.07172
1.06068
1.4466
1.23605
1.56984
1.32806
1.57686
1.60156
1.29916
1.64929
1.64204
1.44791
1.56701
1.66018
1.46377
1.42928
1.66854
1.67179
1.62022
1.59573
1.55811
1.79132
1.66177
1.74551
1.67814
1.55758
1.58316
1.76109
1.7396
1.77354
1.75948
1.78516
1.74352
1.67745
1.82734
1.69622
1.7798
1.74057
1.76581
1.68901
1.81118
1.75721
1.8121
1.79489
1.7352
1.75925
1.80764
1.76947
1.81437
1.77954
1.82069
1.78943
1.79178
1.80661
1.7747
1.81134
1.78212
1.81579
1.78936
1.81998
1.79639
1.82393
1.80321
1.82766
1.8098
1.80777
1.81771
1.80056
1.82058
1.80579
1.8233
1.81083
1.82585
1.81567
1.82827
1.82031
1.83054
1.82474
1.81849
1.82362
1.8189
1.82542
1.82254
1.82712
1.82601
1.82872
1.82932
1.83023
1.83247
1.83165
1.83101
1.82794
1.82748
1.83056
1.82863
1.83305
1.82972
1.83541
1.83074
1.83765
