0.0988128
0.103689
0.115074
0.119373
0.126113
0.14408
0.131592
0.166023
0.166815
0.159108
0.162544
0.163459
0.164399
0.165365
0.166361
0.167388
0.168448
0.169547
0.170688
0.171877
0.171798
0.169469
0.170593
0.17177
0.17301
0.174328
0.175749
0.177317
0.179124
0.179542
0.17553
0.176442
0.177362
0.17829
0.179228
0.180175
0.181132
0.1821
0.183079
0.18407
0.185075
0.185812
0.174987
0.181877
0.182777
0.183687
0.184607
0.18554
0.186365
0.169314
0.173207
0.175273
0.178006
0.178737
0.179471
0.180209
0.180952
0.181701
0.182455
0.183215
0.183983
0.184761
0.185548
0.186347
0.187161
0.187992
0.188843
0.188612
0.181783
0.186526
0.186973
0.184788
0.185555
0.186341
0.187147
0.187981
0.18885
0.189765
0.190745
0.191825
0.192401
0.192972
0.193539
0.193938
0.191062
0.191272
0.191814
0.192352
0.192885
0.193413
0.193937
0.194455
0.194161
0.193107
0.193615
0.194119
0.194618
0.195113
0.195603
0.196088
