0.209921
0.229873
0.254883
0.250178
0.262526
0.286836
0.307157
0.299286
0.266287
0.287431
0.273968
0.305623
0.320257
0.328272
0.336107
0.343838
0.351613
0.353493
0.270801
0.320114
0.327112
0.333949
0.340625
0.336391
0.333131
0.339043
0.344804
0.350446
0.346665
0.343008
0.348052
0.353026
0.357981
0.362984
0.368136
0.36667
0.364566
0.369708
0.375374
0.368964
0.357178
0.364107
0.369336
0.375018
0.381726
0.385125
0.38084
0.381147
0.384211
0.387144
0.389953
0.388576
0.385962
0.388502
0.390937
0.39327
0.395507
0.397652
0.398703
0.394969
0.395913
0.388357
0.387229
0.385932
0.387711
0.38942
0.391062
0.392639
0.394155
0.395613
0.394278
0.393706
0.395029
0.396302
0.397309
0.395639
0.396787
0.397892
0.397177
0.396401
0.397407
0.398377
0.399313
0.400215
0.401087
0.401854
0.399908
0.398565
0.399337
0.400083
0.400803
0.4015
0.402105
0.400383
0.401018
0.401632
0.402225
0.402799
0.403354
0.403498
