1.4902
1.69531
1.52592
1.72297
1.5444
1.73714
1.55664
1.74593
1.56654
1.75232
1.57546
1.75742
1.58387
1.7617
1.59192
1.76541
1.59965
1.76866
1.60708
1.77135
1.61438
1.76898
1.62606
1.77146
1.63241
1.76923
1.64288
1.77142
1.64848
1.76951
1.65768
1.77147
1.66262
1.76965
1.67089
1.77146
1.67518
1.76981
1.68254
1.77147
1.68627
1.76993
1.69287
1.77146
1.6961
1.77006
1.70197
1.77147
1.70478
1.77016
1.71005
1.77146
1.71247
1.77028
1.71716
1.77147
1.71926
1.77036
1.72346
1.77146
1.72528
1.77047
1.72901
1.77147
1.73059
1.77055
1.73394
1.77146
1.73531
1.77064
1.73827
1.77147
1.73946
1.77071
1.74212
1.77146
1.74315
1.77079
1.7455
1.77147
1.7464
1.77085
1.74851
1.77146
1.74929
1.77092
1.75115
1.77147
1.75183
1.77097
1.7535
1.77146
1.7541
1.77103
1.75556
1.77147
1.75609
1.77107
1.7574
1.77147
