0.510858
0.553097
0.608582
0.657883
0.713894
0.780063
0.814821
0.859144
0.916639
0.971187
0.950016
0.990576
1.03367
1.07174
1.10467
1.07799
1.08105
1.1057
1.12737
1.14635
1.16291
1.14855
1.12194
1.13749
1.15151
1.14365
1.14843
1.16232
1.1507
1.13209
1.14517
1.15698
1.16762
1.16463
1.15629
1.16653
1.17573
1.16419
1.15147
1.16063
1.16599
1.16001
1.16838
1.17597
1.15713
1.15816
1.16555
1.17233
1.17552
1.16587
1.17218
1.17799
1.17623
1.16326
1.16892
1.17417
1.1714
1.16948
1.17433
1.17883
1.17798
1.17448
1.17864
1.1773
1.16857
1.17256
1.17629
1.17979
1.17523
1.17655
1.17977
1.18279
1.17779
1.17513
1.17802
1.17782
1.17547
1.17811
1.18061
1.18168
1.17827
1.18056
1.18273
1.17879
1.1774
1.17944
1.18138
1.18001
1.1796
1.18138
1.18307
1.1828
1.18145
1.183
1.17893
1.17926
1.1807
1.18209
1.18341
1.18179
