0.738927
0.805515
0.60729
0.236858
0.799545
0.733102
0.680694
0.79902
0.857443
0.759603
0.809883
0.837343
0.839516
0.883934
0.866549
0.828382
0.626702
0.157103
0.59324
0.702506
0.657824
0.183577
0.586646
0.676799
0.7839
0.763589
0.607306
0.345596
0.484153
0.549124
0.564055
0.544882
0.601367
0.553501
0.603961
0.646812
0.607394
0.668934
0.663519
0.688922
0.728464
0.744614
0.668945
0.715644
0.739979
0.680403
0.732575
0.745786
0.750198
0.769891
0.748028
0.74638
0.762334
0.77993
0.770448
0.760199
0.778125
0.776781
0.796405
0.81004
0.808406
0.821037
0.832056
0.842905
0.84155
0.838713
0.839623
0.849339
0.852848
0.854856
0.864378
0.863211
0.861583
0.854221
0.872993
0.875992
0.865164
0.87005
0.878268
0.884411
0.88347
0.883724
0.881785
0.887174
0.890822
0.889363
0.894316
0.890349
0.887509
0.884425
0.888823
0.893083
0.897209
0.893523
0.892278
0.8961
0.894061
0.886868
0.894576
0.897941
