0.618622
0.889432
0.762576
1.23737
0.830909
1.05254
0.984057
1.07195
0.99433
1.088
1.0067
1.10049
1.02102
1.10987
1.0367
1.11692
1.053
1.12253
1.06918
1.12743
1.08465
1.13213
1.09902
1.13692
1.11212
1.14193
1.1239
1.14715
1.13443
1.15251
1.14383
1.15793
1.15224
1.16331
1.1598
1.16858
1.16663
1.17368
1.17282
1.17858
1.17847
1.18324
1.18364
1.18765
1.18839
1.19182
1.19276
1.19574
1.1968
1.19941
1.20055
1.20285
1.20401
1.20608
1.20723
1.20909
1.21022
1.21191
1.213
1.21454
1.21559
1.217
1.21801
1.21929
1.22025
1.22144
1.22235
1.22345
1.22431
1.22532
1.22613
1.22707
1.22784
1.22871
1.22943
1.23024
1.23092
1.23168
1.23231
1.23302
1.23362
1.23427
1.23484
1.23545
1.23598
1.23655
1.23705
1.23758
1.23805
1.23854
1.23898
1.23945
1.23986
1.2403
1.24068
1.24109
1.24145
1.24184
1.24218
1.24254
