0.109976
0.112187
0.114661
0.116336
0.118025
0.119728
0.121449
0.123188
0.124951
0.126743
0.128572
0.130448
0.13239
0.134426
0.136611
0.137807
0.136013
0.13764
0.139262
0.140879
0.142492
0.144101
0.14571
0.147319
0.147273
0.14554
0.147243
0.148969
0.150728
0.152535
0.154418
0.154845
0.154123
0.155531
0.156917
0.158282
0.159625
0.159007
0.157364
0.158713
0.16004
0.161347
0.162631
0.163893
0.165133
0.16635
0.16647
0.164009
0.165232
0.166434
0.167614
0.168773
0.16991
0.171025
0.172119
0.173192
0.173126
0.170881
0.171962
0.173022
0.174062
0.175083
0.176083
0.177064
0.178025
0.178966
0.179889
0.179297
0.17771
0.178645
0.179561
0.18046
0.181341
0.182205
0.183052
0.183882
0.184695
0.185492
0.186251
0.183479
0.184291
0.185087
0.185868
0.186634
0.187385
0.188122
0.188845
0.189554
0.190249
0.190932
0.19127
0.189594
0.190272
0.190938
0.191592
0.192233
0.192863
0.193481
0.194087
0.194683
