0.401554
0.380418
0.368213
0.387049
0.398098
0.409364
0.420911
0.432925
0.445859
0.460983
0.471558
0.481859
0.474448
0.449566
0.467131
0.475483
0.483417
0.490943
0.498081
0.497177
0.487908
0.494848
0.501393
0.507584
0.497579
0.485148
0.490672
0.495873
0.500777
0.505411
0.5098
0.513969
0.510152
0.506055
0.510115
0.513971
0.517644
0.513226
0.502323
0.505634
0.508779
0.511771
0.514624
0.51735
0.519959
0.522462
0.524867
0.520835
0.51937
0.521678
0.522796
0.511234
0.513321
0.515319
0.517235
0.519074
0.520841
0.522541
0.524178
0.525756
0.527278
0.528749
0.53017
0.527372
0.525194
0.526511
0.527782
0.529011
0.530199
0.529673
0.524171
0.525248
0.526288
0.527293
0.528264
0.529203
0.530112
0.530992
0.527596
0.527794
0.528604
0.529388
0.530147
0.530881
0.531593
0.532281
0.532949
0.533595
0.53128
0.530173
0.53076
0.531329
0.531486
0.529173
0.529694
0.5302
0.530689
0.531163
0.531623
0.532068
