0.692571
0.784251
0.729958
0.781449
0.779374
0.704704
0.801667
0.752344
0.715175
0.799172
0.778601
0.744176
0.794079
0.803827
0.767949
0.78834
0.827427
0.784097
0.783024
0.843517
0.783177
0.771663
0.839729
0.807528
0.789452
0.835523
0.83062
0.798286
0.831471
0.850631
0.822568
0.826943
0.870403
0.844941
0.80335
0.867819
0.844408
0.82466
0.86455
0.858363
0.847462
0.861056
0.871784
0.871752
0.857402
0.884663
0.869106
0.864847
0.887748
0.863597
0.88703
0.885138
0.872666
0.895598
0.883049
0.880667
0.893029
0.898088
0.886113
0.890398
0.906046
0.897642
0.883644
0.911802
0.89018
0.899619
0.909914
0.8959
0.915519
0.90807
0.901222
0.91366
0.912143
0.904346
0.911912
0.916961
0.916474
0.903983
0.921117
0.914976
0.915429
0.924059
0.910896
0.926438
0.922815
0.914218
0.926276
0.921082
0.919813
0.92514
0.924029
0.928014
0.920223
0.926536
0.927091
0.928123
0.928842
0.926229
0.933925
0.928382
