0.264522
0.242995
0.392918
0.405366
0.355814
0.365829
0.375255
0.385463
0.396519
0.408584
0.42217
0.439764
0.44953
0.459233
0.432961
0.417494
0.427562
0.437904
0.446593
0.455117
0.46353
0.471898
0.480304
0.488857
0.497724
0.507215
0.518151
0.524959
0.532104
0.53843
0.54452
0.550388
0.556047
0.561514
0.567276
0.572402
0.564651
0.555055
0.560545
0.565259
0.569803
0.574189
0.57843
0.582041
0.566656
0.571129
0.574991
0.57872
0.582326
0.585818
0.584397
0.575928
0.579525
0.582703
0.585779
0.589123
0.59137
0.580549
0.583343
0.586047
0.588667
0.591508
0.593966
0.590199
0.584906
0.587215
0.589736
0.5919
0.593999
0.596036
0.59517
0.588536
0.59068
0.592522
0.594308
0.596042
0.597725
0.598693
0.59155
0.593297
0.594813
0.596284
0.597712
0.599099
0.60061
0.596144
0.59572
0.596965
0.598174
0.599496
0.600635
0.601463
0.596501
0.597552
0.598573
0.599688
0.600649
0.601582
0.602488
0.599647
