3.06584
2.3533
1.30602
1.3274
1.37309
1.47062
1.68175
2.16393
2.6334
2.76761
2.69402
2.77015
2.7392
2.78281
2.77393
2.80037
2.80198
2.81963
2.82575
2.83887
2.84662
2.85726
2.86531
2.87445
2.88224
2.89034
2.89766
2.90495
2.91174
2.91836
2.92461
2.93064
2.93637
2.94189
2.94714
2.95219
2.95701
2.96163
2.96605
2.97029
2.97434
2.97823
2.98196
2.98553
2.98895
2.99224
2.99539
2.99841
3.00131
3.0041
3.00677
3.00934
3.0118
3.01417
3.01645
3.01864
3.02075
3.02277
3.02472
3.0266
3.0284
3.03014
3.03181
3.03342
3.03497
3.03647
3.03791
3.03929
3.04063
3.04192
3.04316
3.04436
3.04552
3.04664
3.04771
3.04875
3.04975
3.05072
3.05166
3.05256
3.05343
3.05427
3.05508
3.05587
3.05663
3.05736
3.05807
3.05875
3.05941
3.06005
3.06067
3.06127
3.06185
3.06241
3.06295
3.06347
3.06398
3.06447
3.06494
3.0654
