0.0945776
0.0954077
0.0962303
0.0970449
0.0978515
0.0986499
0.09944
0.100222
0.100995
0.101761
0.102518
0.103268
0.10401
0.104745
0.105474
0.106195
0.106911
0.107621
0.108326
0.109026
0.109722
0.110414
0.111103
0.111789
0.112473
0.113155
0.113836
0.114517
0.115197
0.115878
0.11656
0.117243
0.117929
0.118618
0.11931
0.120007
0.120709
0.121417
0.122131
0.122853
0.123584
0.124325
0.125078
0.125843
0.126624
0.127421
0.128239
0.12908
0.12995
0.130853
0.1318
0.132803
0.133883
0.135076
0.136464
0.137136
0.137806
0.138474
0.139141
0.13887
0.135503
0.136125
0.136745
0.137362
0.137978
0.138591
0.139202
0.139811
0.140417
0.141021
0.141623
0.142222
0.142819
0.143413
0.144004
0.144594
0.14518
0.145765
0.146346
0.146926
0.146776
0.143796
0.144343
0.144887
0.145428
0.145966
0.146502
0.147035
0.147565
0.148092
0.148616
0.149138
0.149657
0.150173
0.150687
0.151197
0.151706
0.152212
0.152715
0.153216
