0.272085
0.143972
0.321697
0.381761
0.0227357
0.0373127
0.0672908
0.129061
0.248381
0.227949
0.322029
0.427853
0.132743
0.0942799
0.165702
0.302083
0.225053
0.0204021
0.0274806
0.0388163
0.0568249
0.0852662
0.130053
0.200706
0.24779
0.290371
0.288114
0.34605
0.332096
0.361706
0.405857
0.520568
0.499994
0.490227
0.499808
0.545475
0.543592
0.52779
0.558194
0.561422
0.569419
0.538584
0.529017
0.563632
0.588473
0.594702
0.599278
0.608769
0.608697
0.608825
0.618432
0.613677
0.620432
0.621243
0.628783
0.616061
0.638923
0.644673
0.637004
0.642953
0.636888
0.651527
0.656207
0.658252
0.666119
0.668324
0.656095
0.657972
0.662883
0.668665
0.667327
0.674533
0.677416
0.675985
0.679239
0.682259
0.683704
0.674576
0.684216
0.687044
0.686419
0.683287
0.655158
0.438028
0.482231
0.532532
0.59142
0.664345
0.67585
0.675398
0.678092
0.680288
0.682176
0.680203
0.683606
0.683115
0.684828
0.686496
0.687618
0.688711
