0.433859
0.425732
0.458773
0.469033
0.421175
0.437435
0.454257
0.469741
0.416218
0.429085
0.442024
0.454908
0.467686
0.480386
0.493103
0.457833
0.461426
0.471645
0.481802
0.491999
0.502352
0.512994
0.487826
0.487439
0.496406
0.505591
0.515123
0.525181
0.536062
0.543341
0.518137
0.528761
0.541828
0.541795
0.51421
0.52601
0.532808
0.539464
0.532019
0.522573
0.528373
0.534022
0.539529
0.5449
0.550144
0.555271
0.560291
0.550355
0.547806
0.552247
0.556585
0.560829
0.56499
0.56908
0.573112
0.577099
0.581058
0.576002
0.5732
0.576811
0.580404
0.584
0.587622
0.591306
0.595102
0.598191
0.583236
0.581797
0.585061
0.588405
0.591889
0.595622
0.59984
0.598204
0.594704
0.595961
0.590541
0.594209
0.596019
0.597766
0.599452
0.60108
0.59778
0.596655
0.595945
0.593508
0.594915
0.596273
0.597585
0.598852
0.600076
0.601259
0.602401
0.603505
0.604572
0.605603
0.604643
0.603068
0.604008
0.60382
