0.819229
1.29861
0.899513
1.03559
1.13006
1.04761
1.14666
1.0625
1.15889
1.07982
1.1676
1.09856
1.17408
1.11761
1.17952
1.13599
1.18479
1.15303
1.19036
1.16839
1.19639
1.18204
1.20283
1.19409
1.20953
1.20474
1.21632
1.2142
1.22304
1.22266
1.22958
1.2303
1.23585
1.23723
1.24181
1.24356
1.24742
1.24936
1.2527
1.25469
1.25763
1.25962
1.26223
1.26416
1.26651
1.26837
1.2705
1.27227
1.27422
1.27589
1.27767
1.27924
1.28088
1.28236
1.28387
1.28525
1.28665
1.28794
1.28924
1.29045
1.29165
1.29278
1.2939
1.29495
1.29599
1.29697
1.29794
1.29886
1.29976
1.30062
1.30146
1.30226
1.30304
1.30379
1.30452
1.30522
1.3059
1.30656
1.30719
1.30781
1.3084
1.30897
1.30953
1.31006
1.31059
1.31109
1.31157
1.31204
1.3125
1.31294
1.31336
1.31377
1.31417
1.31456
1.31493
1.31529
1.31564
1.31598
1.31631
1.31663
