1.04525
0.570161
0.970102
0.635889
0.985112
0.651366
0.96858
0.688196
0.879415
0.794346
0.472994
0.639506
1.02894
0.713703
0.887832
0.858375
0.901405
0.866145
0.913997
0.87402
0.925431
0.882117
0.935626
0.890469
0.944602
0.899039
0.952448
0.907738
0.959305
0.91645
0.96533
0.925055
0.970678
0.933443
0.975488
0.941522
0.979876
0.949226
0.983933
0.956511
0.987728
0.963354
0.99131
0.969748
0.994713
0.975702
0.997958
0.98123
1.00106
0.986353
1.00403
0.991097
1.00687
0.995487
1.00959
0.999551
1.01218
1.00331
1.01465
1.0068
1.01701
1.01003
1.01925
1.01302
1.02138
1.0158
1.0234
1.01838
1.02532
1.02078
1.02713
1.02302
1.02884
1.0251
1.03047
1.02704
1.032
1.02885
1.03344
1.03053
1.0348
1.03211
1.03609
1.03358
1.0373
1.03495
1.03844
1.03624
1.03952
1.03744
1.04053
1.03856
1.04149
1.03962
1.04239
1.0406
1.04323
1.04153
1.04403
1.04239
