0.242171
0.269845
0.283783
0.311718
0.333908
0.330983
0.234966
0.301039
0.303101
0.298652
0.294217
0.307117
0.328653
0.329227
0.357161
0.346685
0.33044
0.345563
0.350075
0.351682
0.356931
0.357765
0.321875
0.36718
0.354885
0.36865
0.353106
0.35113
0.373659
0.37394
0.376987
0.361309
0.376658
0.363131
0.363191
0.373483
0.369008
0.371265
0.374078
0.375287
0.377669
0.386338
0.380759
0.37555
0.380975
0.37611
0.385888
0.389144
0.391158
0.386032
0.391487
0.378301
0.390594
0.342421
0.381105
0.382591
0.379698
0.383779
0.386493
0.384302
0.384443
0.384861
0.383592
0.388171
0.384765
0.384303
0.381993
0.384704
0.3874
0.389558
0.388539
0.388975
0.389249
0.391426
0.392191
0.392835
0.394203
0.39141
0.39328
0.39513
0.394035
0.392853
0.395044
0.396442
0.39427
0.395023
0.393878
0.39237
0.388905
0.393395
0.394726
0.395001
0.395343
0.395485
0.393585
0.395693
0.396243
0.393106
0.395153
0.395455
