0.378049
0.391659
0.407299
0.428369
0.440752
0.44719
0.420555
0.431451
0.441545
0.450726
0.443827
0.430584
0.430966
0.440376
0.44319
0.423881
0.432304
0.440158
0.447419
0.445027
0.439664
0.446803
0.453417
0.459513
0.451721
0.447005
0.452455
0.457478
0.462098
0.457602
0.45006
0.446335
0.45081
0.455013
0.456833
0.448893
0.45293
0.456729
0.460303
0.463087
0.452201
0.455426
0.458465
0.461328
0.464026
0.462263
0.459942
0.460468
0.456943
0.459374
0.461687
0.459968
0.458345
0.460538
0.462629
0.464622
0.463239
0.459684
0.461493
0.463219
0.464867
0.466442
0.464438
0.464135
0.465615
0.465575
0.463709
0.465053
0.463568
0.46315
0.464407
0.465614
0.46508
0.46253
0.463627
0.464682
0.465696
0.466671
0.467609
0.466823
0.466272
0.467143
0.467982
0.468026
0.466168
0.463905
0.464655
0.465378
0.466075
0.466748
0.467307
0.465807
0.466429
0.467029
0.467608
0.468167
0.467813
0.466666
0.467175
0.467667
