0.515147
0.404953
0.393752
0.327732
0.261189
0.410312
0.473272
0.435225
0.415159
0.254695
0.14421
0.231811
0.397806
0.441176
0.373555
0.379233
0.383466
0.404096
0.419897
0.430019
0.428612
0.466726
0.484709
0.506727
0.469848
0.491763
0.478771
0.472801
0.496728
0.496776
0.495846
0.505415
0.519325
0.536974
0.550797
0.544358
0.554913
0.563077
0.566385
0.543124
0.566537
0.553256
0.566582
0.578483
0.553401
0.576458
0.573415
0.577183
0.579932
0.579435
0.576066
0.57262
0.570441
0.513289
0.460637
0.568693
0.564136
0.563719
0.575841
0.577437
0.577213
0.57579
0.564095
0.571066
0.581773
0.531916
0.559821
0.571108
0.572367
0.579786
0.581493
0.581395
0.584393
0.582155
0.583703
0.584929
0.586133
0.587316
0.588399
0.555539
0.584847
0.584129
0.584337
0.58553
0.586592
0.587643
0.588685
0.589718
0.587566
0.588166
0.586816
0.586991
0.587778
0.588427
0.588731
0.589581
0.590427
0.591181
0.591749
0.590944
