0.780953
0.824967
0.894548
0.929441
0.910808
0.909081
0.978509
1.01215
1.04097
1.06495
1.05284
1.03397
1.05806
1.07822
1.09488
1.10854
1.11971
1.12886
1.13639
1.14266
1.14795
1.14926
1.13571
1.1438
1.15083
1.15701
1.16252
1.16751
1.1721
1.17638
1.18044
1.18434
1.18812
1.19185
1.19554
1.19923
1.20296
1.20674
1.21061
1.21457
1.21867
1.22292
1.22736
1.23203
1.23042
1.2228
1.22737
1.23211
1.23706
1.24231
1.24794
1.23889
1.23851
1.24398
1.24986
1.25632
1.24464
1.24789
1.25442
1.26188
1.2451
1.25538
1.26379
1.26721
1.26579
1.25556
1.26432
1.26752
1.2706
1.2662
1.26013
1.26309
1.26593
1.26866
1.27128
1.27231
1.2445
1.24927
1.2545
1.26054
1.26274
1.26487
1.26691
1.26889
1.27079
1.27263
1.2744
1.26691
1.26827
1.26994
1.27154
1.27309
1.27459
1.2703
1.25848
1.25986
1.26119
1.26248
1.26372
1.26492
