0.283073
0.370728
0.381589
0.549513
0.510128
0.553062
0.660447
0.674756
0.698069
0.656723
0.590055
0.677244
0.697634
0.694436
0.713452
0.67346
0.697245
0.697911
0.713279
0.726413
0.736762
0.745814
0.742563
0.674115
0.704688
0.71492
0.724336
0.732923
0.740693
0.747674
0.753911
0.75362
0.697851
0.727964
0.734686
0.740866
0.746527
0.751695
0.756399
0.752381
0.745769
0.734061
0.739028
0.743651
0.747945
0.751928
0.753134
0.75153
0.7551
0.758407
0.761468
0.762584
0.748787
0.751877
0.75185
0.752279
0.755066
0.757678
0.760125
0.762418
0.764565
0.766576
0.76846
0.770225
0.763441
0.747299
0.75877
0.760631
0.762389
0.764051
0.765622
0.767108
0.768513
0.769842
0.7711
0.772291
0.77116
0.754121
0.764363
0.765568
0.766715
0.767807
0.768847
0.769837
0.77078
0.771679
0.772536
0.773146
0.765558
0.768062
0.768878
0.769657
0.770403
0.771117
0.7718
0.771833
0.771865
0.772483
0.773075
0.773643
