2.69656, 2.23739, 1.27271, 1.78704, 2.69182, 2.23792, 2.54662, 2.16124, 1.7504, 1.91698
2.72955, 2.33153, 1.34914, 1.87649, 2.72434, 2.33154, 2.55138, 2.24511, 1.76923, 2.00307
2.62466, 2.16025, 1.33795, 1.52345, 2.61971, 2.15978, 2.44937, 2.04643, 1.72802, 1.71569
2.64091, 2.24425, 1.39301, 1.62132, 2.6353, 2.24345, 2.4286, 2.12953, 1.74789, 1.81395
2.66543, 2.32473, 1.44484, 1.71647, 2.65904, 2.32344, 2.40159, 2.20386, 1.76509, 1.90246
2.70033, 2.40332, 1.49252, 1.80599, 2.69301, 2.40134, 2.36577, 2.26787, 1.78026, 1.98026
2.60019, 2.28828, 1.4162, 1.58532, 2.59291, 2.2858, 2.26812, 2.12641, 1.70019, 1.79685
2.62129, 2.35684, 1.46054, 1.67362, 2.61276, 2.3538, 2.26796, 2.18498, 1.72025, 1.87887
2.65121, 2.42312, 1.50164, 1.75768, 2.64122, 2.41928, 2.26991, 2.23737, 1.73809, 1.95187
2.5616, 2.31671, 1.43016, 1.54005, 2.55162, 2.31221, 2.18302, 2.10237, 1.66605, 1.78088
2.57793, 2.37494, 1.46854, 1.62147, 2.56603, 2.36978, 2.18079, 2.15536, 1.68731, 1.85668
2.60142, 2.43061, 1.50443, 1.69997, 2.58732, 2.4245, 2.17995, 2.20258, 1.70637, 1.92496
2.52077, 2.33176, 1.43528, 1.47936, 2.50666, 2.3248, 2.10273, 2.07425, 1.64136, 1.7653
2.53071, 2.38096, 1.46878, 1.55373, 2.51359, 2.3732, 2.10031, 2.12328, 1.66271, 1.83526
2.5461, 2.42731, 1.50043, 1.62641, 2.52556, 2.41836, 2.09883, 2.16698, 1.68202, 1.89896
2.5675, 2.47179, 1.53, 1.69625, 2.54314, 2.46125, 2.09834, 2.2059, 1.69952, 1.95626
2.49802, 2.38468, 1.46901, 1.50153, 2.47367, 2.37294, 2.03205, 2.0917, 1.64142, 1.81942
2.50745, 2.42409, 1.49712, 1.56799, 2.47785, 2.41086, 2.03124, 2.13288, 1.66057, 1.87843
2.52141, 2.46141, 1.52361, 1.63259, 2.48591, 2.44614, 2.03109, 2.16968, 1.67803, 1.93204
2.54019, 2.49738, 1.54838, 1.69454, 2.4982, 2.47949, 2.0316, 2.20256, 1.694, 1.98037
2.47975, 2.42031, 1.4947, 1.52275, 2.4378, 2.40068, 1.97414, 2.10088, 1.64219, 1.8621
2.48819, 2.45226, 1.51851, 1.58191, 2.43718, 2.42998, 1.97496, 2.136, 1.65931, 1.91193
2.50024, 2.48265, 1.54093, 1.63917, 2.43903, 2.4569, 1.97618, 2.16754, 1.67503, 1.95727
2.51603, 2.51202, 1.56193, 1.69404, 2.44357, 2.48196, 1.9778, 2.1959, 1.68951, 1.99833
2.46314, 2.44361, 1.5147, 1.5425, 2.3908, 2.41099, 1.92766, 2.10538, 1.64339, 1.89543
2.47004, 2.46972, 1.53502, 1.595, 2.38121, 2.43239, 1.92981, 2.13569, 1.65864, 1.9377
2.47973, 2.49462, 1.55416, 1.64569, 2.37163, 2.45109, 1.93216, 2.16308, 1.67274, 1.9763
2.43144, 2.43095, 1.50799, 1.4931, 2.32366, 2.38397, 1.88695, 2.07862, 1.63099, 1.88065
2.71783, 2.53188, 1.5802, 1.54986, 2.52587, 2.47247, 1.99767, 2.14388, 1.7211, 1.93746
2.64033, 2.53532, 1.48772, 1.63726, 2.43989, 2.47909, 1.8829, 2.1798, 1.59533, 2.00545
2.60419, 2.46708, 1.45685, 1.42833, 2.40691, 2.40332, 1.86295, 2.07498, 1.58369, 1.88097
2.62428, 2.4971, 1.47807, 1.53617, 2.40151, 2.42271, 1.86655, 2.10146, 1.59947, 1.91656
2.64708, 2.52698, 1.49585, 1.57833, 2.3967, 2.44032, 1.87012, 2.12567, 1.61416, 1.94947
2.67268, 2.557, 1.51275, 1.61915, 2.39252, 2.45635, 1.87366, 2.14782, 1.62785, 1.97983
2.63341, 2.51026, 1.47189, 1.48469, 2.35364, 2.40257, 1.83761, 2.07903, 1.59417, 1.90331
2.65559, 2.53789, 1.4879, 1.52308, 2.33767, 2.41581, 1.84165, 2.10211, 1.60776, 1.93391
2.68017, 2.56568, 1.50321, 1.56049, 2.31895, 2.42656, 1.84559, 2.12334, 1.62047, 1.96231
2.70729, 2.59387, 1.5178, 1.59679, 2.29594, 2.43446, 1.84944, 2.14288, 1.63236, 1.98864
2.67297, 2.55358, 1.47969, 1.47099, 2.26204, 2.3851, 1.81767, 2.08188, 1.60245, 1.92142
2.69733, 2.57979, 1.49355, 1.505, 2.26692, 2.39907, 1.82189, 2.10206, 1.61422, 1.94783
2.72396, 2.60645, 1.50682, 1.53815, 2.2721, 2.41231, 1.82596, 2.12074, 1.62526, 1.97243
2.75311, 2.6338, 1.51951, 1.57037, 2.2274, 2.41313, 1.82991, 2.13803, 1.63565, 1.99534
2.72313, 2.59922, 1.48309, 1.45023, 2.19766, 2.3683, 1.80188, 2.08392, 1.6091, 1.93618
2.75006, 2.62495, 1.49515, 1.48027, 2.20084, 2.37974, 1.80608, 2.10163, 1.61933, 1.95905
2.77944, 2.6515, 1.50673, 1.50958, 2.2042, 2.39056, 1.81012, 2.11809, 1.62896, 1.98043
2.81178, 2.6792, 1.51782, 1.53812, 2.2077, 2.40081, 1.81402, 2.13342, 1.63806, 2.00043
2.78564, 2.64969, 1.48151, 1.41912, 2.1814, 2.36073, 1.78927, 2.08543, 1.61451, 1.94828
2.81636, 2.6762, 1.49268, 1.48116, 2.18396, 2.37077, 1.79332, 2.10099, 1.62343, 1.96815
2.85047, 2.70424, 1.50298, 1.50711, 2.18664, 2.38028, 1.79722, 2.11553, 1.63186, 1.98679
2.88925, 2.73456, 1.51288, 1.53236, 2.18942, 2.38931, 1.80097, 2.12912, 1.63984, 2.00429
2.86655, 2.70962, 1.47964, 1.42396, 2.16616, 2.35349, 1.77911, 2.08657, 1.61897, 1.95828
2.90532, 2.7398, 1.4897, 1.48101, 2.16823, 2.36233, 1.78295, 2.10026, 1.62676, 1.97558
2.63078, 2.56781, 1.5472, 1.52657, 2.39965, 2.46945, 1.87876, 2.15106, 1.70748, 2.02084
2.64561, 2.58317, 1.55516, 1.54907, 2.39889, 2.4777, 1.88066, 2.16236, 1.71261, 2.03554
2.62461, 2.55771, 1.52969, 1.46289, 2.3779, 2.44879, 1.861, 2.12531, 1.69387, 1.99547
2.63799, 2.57203, 1.53731, 1.48394, 2.37431, 2.45604, 1.86296, 2.13662, 1.69896, 2.00998
2.65193, 2.58627, 1.54463, 1.50442, 2.37078, 2.46276, 1.86489, 2.14727, 1.70382, 2.02367
2.66644, 2.60045, 1.55166, 1.52433, 2.3673, 2.46901, 1.86677, 2.15731, 1.70846, 2.03659
2.6815, 2.61461, 1.55841, 1.54366, 2.36386, 2.4748, 1.86861, 2.16679, 1.71289, 2.0488
2.66364, 2.59326, 1.53628, 1.46857, 2.34596, 2.44969, 1.85175, 2.1351, 1.69672, 2.01477
2.67749, 2.60654, 1.54274, 1.48667, 2.33965, 2.45455, 1.85361, 2.14452, 1.70108, 2.02677
2.6918, 2.61978, 1.54896, 1.50427, 2.33302, 2.45887, 1.85543, 2.15343, 1.70525, 2.03814
2.70658, 2.63303, 1.55493, 1.52138, 2.326, 2.46266, 1.8572, 2.16187, 1.70924, 2.0489
2.69085, 2.61443, 1.53352, 1.44905, 2.31021, 2.44008, 1.8423, 2.13374, 1.69493, 2.01879
2.70456, 2.62689, 1.53923, 1.46503, 2.29946, 2.4428, 1.84408, 2.14208, 1.69883, 2.02932
2.71866, 2.63933, 1.54474, 1.48057, 2.28733, 2.44472, 1.8458, 2.14999, 1.70257, 2.03932
2.73317, 2.6518, 1.55004, 1.49568, 2.27332, 2.44572, 1.84748, 2.1575, 1.70615, 2.04882
2.74812, 2.66431, 1.55514, 1.51037, 2.25652, 2.44554, 1.84911, 2.16463, 1.70958, 2.05785
2.73474, 2.64874, 1.5359, 1.44543, 2.2431, 2.42567, 1.83633, 2.14054, 1.69726, 2.03218
2.74876, 2.66057, 1.54077, 1.45914, 2.24537, 2.43054, 1.83794, 2.14755, 1.7006, 2.04098
2.76316, 2.67245, 1.54547, 1.47248, 2.24764, 2.43523, 1.83951, 2.15422, 1.7038, 2.04935
2.77797, 2.68439, 1.55, 1.48545, 2.24991, 2.43975, 1.84103, 2.16057, 1.70688, 2.05733
2.7662, 2.67085, 1.53056, 1.42025, 2.23802, 2.42208, 1.82974, 2.13919, 1.69598, 2.0346
2.78019, 2.68219, 1.53418, 1.44855, 2.23997, 2.42639, 1.83123, 2.1454, 1.69895, 2.04235
2.79457, 2.69361, 1.53839, 1.46033, 2.24191, 2.43053, 1.83269, 2.15133, 1.70182, 2.04974
2.80939, 2.70514, 1.54245, 1.47178, 2.24385, 2.43453, 1.83409, 2.15698, 1.70457, 2.05679
2.79903, 2.69337, 1.52347, 1.4085, 2.23332, 2.41883, 1.82411, 2.13802, 1.69492, 2.03667
2.81312, 2.70436, 1.52692, 1.43155, 2.23499, 2.42264, 1.82548, 2.14352, 1.69757, 2.04349
2.82764, 2.71548, 1.53004, 1.45826, 2.23666, 2.4263, 1.82682, 2.14878, 1.70012, 2.05001
2.84267, 2.72676, 1.5337, 1.46838, 2.23831, 2.42984, 1.82811, 2.15381, 1.70258, 2.05625
2.83357, 2.71654, 1.51613, 1.41017, 2.22899, 2.41589, 1.81928, 2.13699, 1.69403, 2.03844
2.84798, 2.72737, 1.51932, 1.43083, 2.23043, 2.41926, 1.82054, 2.14187, 1.6964, 2.04445
2.86294, 2.7384, 1.52228, 1.45437, 2.23186, 2.4225, 1.82176, 2.14654, 1.69867, 2.05021
2.85467, 2.72918, 1.50814, 1.42305, 2.22335, 2.40971, 1.81372, 2.13112, 1.69089, 2.03388
2.8691, 2.73981, 1.5112, 1.44383, 2.2246, 2.41279, 1.8149, 2.13563, 1.69307, 2.03942
2.88417, 2.7507, 1.51436, 1.45222, 2.22584, 2.41577, 1.81604, 2.13996, 1.69517, 2.04474
2.87664, 2.74238, 1.50072, 1.42303, 2.21807, 2.40404, 1.80872, 2.12583, 1.68809, 2.02977
2.89129, 2.75293, 1.50366, 1.442, 2.21916, 2.40687, 1.80982, 2.13001, 1.6901, 2.03487
2.90671, 2.76383, 1.50658, 1.44964, 2.22024, 2.4096, 1.8109, 2.13401, 1.69204, 2.03977
2.89988, 2.75633, 1.49338, 1.42236, 2.21314, 2.39885, 1.80422, 2.12107, 1.68558, 2.02606
2.9061, 2.75986, 1.49425, 1.43777, 2.21035, 2.39872, 1.80242, 2.12286, 1.6848, 2.02882
2.9125, 2.76347, 1.4951, 1.45514, 2.20764, 2.39858, 1.80068, 2.12459, 1.68404, 2.03148
2.87219, 2.73917, 1.50177, 1.465, 2.23726, 2.41327, 1.80934, 2.13164, 1.69231, 2.03894
2.8841, 2.74781, 1.50432, 1.47159, 2.23827, 2.41567, 1.81027, 2.13506, 1.69396, 2.04311
2.87819, 2.74128, 1.49212, 1.43221, 2.23216, 2.4065, 1.80454, 2.12396, 1.68841, 2.03137
2.88969, 2.7496, 1.49458, 1.44828, 2.23306, 2.40877, 1.80543, 2.12724, 1.68999, 2.03535
2.9016, 2.75807, 1.49692, 1.45427, 2.23395, 2.41096, 1.80629, 2.13039, 1.69151, 2.03918
2.89623, 2.75218, 1.48623, 1.43253, 2.22837, 2.40257, 1.80106, 2.12023, 1.68645, 2.02844
2.90779, 2.76038, 1.48856, 1.44722, 2.22917, 2.40464, 1.80189, 2.12325, 1.6879, 2.03209
2.91288, 2.76325, 1.48924, 1.45131, 2.22708, 2.40455, 1.80053, 2.1246, 1.68729, 2.03415
