0.419246
0.583285
0.533141
0.534381
0.567773
0.599098
0.549941
0.579411
0.604667
0.579057
0.583202
0.605097
0.614487
0.583487
0.602442
0.619512
0.606416
0.601059
0.616027
0.629417
0.603156
0.61373
0.625641
0.636213
0.603509
0.62313
0.632788
0.63924
0.587329
0.613202
0.636374
0.618987
0.635629
0.645832
0.651376
0.632768
0.642752
0.652787
0.660749
0.642405
0.651543
0.660955
0.671658
0.65325
0.662747
0.672812
0.682709
0.664441
0.678485
0.690248
0.685069
0.685291
0.676718
0.644379
0.64738
0.636787
0.641553
0.646306
0.651073
0.645562
0.644913
0.649535
0.654208
0.656069
0.64864
0.653285
0.658048
0.662974
0.659995
0.659043
0.663339
0.667744
0.670077
0.663312
0.669171
0.673635
0.676339
0.669594
0.67518
0.68131
0.678999
0.678021
0.683685
0.688177
0.6844
0.690235
0.692657
0.689987
0.695849
0.696964
0.696049
0.698393
0.698467
0.692352
0.688016
0.690584
0.695304
0.696762
0.695335
0.698059
