0.604809
0.641281
0.665794
0.666342
0.552938
0.503212
0.541826
0.572224
0.601395
0.629058
0.599271
0.567138
0.591661
0.614615
0.635955
0.655843
0.674738
0.64431
0.633413
0.652729
0.665515
0.676495
0.685869
0.67692
0.605004
0.60312
0.621008
0.638499
0.656768
0.66891
0.661458
0.632766
0.643868
0.653962
0.663104
0.67136
0.678802
0.685507
0.691549
0.696999
0.701924
0.699392
0.682494
0.687596
0.692236
0.69646
0.700312
0.703831
0.707054
0.710012
0.705735
0.696343
0.699407
0.70223
0.704836
0.707245
0.709478
0.711552
0.713481
0.713407
0.703675
0.705647
0.707487
0.709207
0.710817
0.712327
0.713745
0.71508
0.716339
0.713606
0.657812
0.702287
0.703934
0.705494
0.707363
0.708735
0.710037
0.707992
0.701506
0.702976
0.704099
0.705418
0.706415
0.707365
0.708479
0.709327
0.710138
0.710913
0.711797
0.712496
0.713295
0.713926
0.714532
0.715213
0.715764
0.716381
0.713738
0.713498
0.714083
0.714559
