2.45505
1.54499
2.30151
1.6675
1.90892
0.888952
0.921956
0.988885
1.12541
1.41195
2.07207
2.07539
2.09733
2.10026
2.12115
2.12413
2.14357
2.14692
2.16467
2.16854
2.18454
2.18894
2.20323
2.20812
2.22083
2.22608
2.23739
2.24286
2.25293
2.25851
2.26752
2.27309
2.2812
2.28666
2.29399
2.2993
2.30595
2.31105
2.31713
2.32199
2.32755
2.33217
2.33728
2.34165
2.34635
2.35047
2.35481
2.35868
2.3627
2.36632
2.37005
2.37345
2.3769
2.38008
2.38329
2.38627
2.38925
2.39203
2.39481
2.39741
2.4
2.40243
2.40484
2.40711
2.40936
2.41148
2.41358
2.41556
2.41752
2.41938
2.4212
2.42294
2.42465
2.42627
2.42787
2.42939
2.43088
2.4323
2.43369
2.43503
2.43633
2.43758
2.4388
2.43997
2.44111
2.4422
2.44327
2.4443
2.4453
2.44626
2.4472
2.4481
2.44898
2.44982
2.45064
2.45143
2.45221
2.45295
2.45367
2.45437
