2.42284, 1.49159, 0.918824, 1.33824, 1.82329, 1.40787, 0.56826, 0.63792, 2.46558, 1.42958
2.14301, 1.49132, 1.40611, 1.45934, 1.31012, 1.41599, 0.804622, 0.789279, 2.19282, 1.43626
2.0928, 1.495, 1.31241, 1.46939, 1.20332, 1.43015, 0.723687, 0.874042, 2.14427, 1.44097
2.04257, 1.49865, 1.20847, 1.47959, 1.07743, 1.4444, 0.64154, 0.961147, 2.09581, 1.44564
2.33015, 1.70143, 1.37251, 1.58943, 1.23123, 1.54177, 0.750908, 1.03737, 2.45966, 1.6433
1.86831, 1.66189, 1.80962, 1.74168, 1.57857, 1.6724, 0.947078, 1.14829, 2.07446, 1.62862
1.81464, 1.66147, 1.75368, 1.73885, 1.50977, 1.67116, 0.845608, 1.19656, 2.02785, 1.62907
1.76041, 1.66103, 1.69693, 1.73597, 1.43807, 1.6698, 0.741218, 1.24951, 1.98126, 1.62951
1.70547, 1.66056, 1.63916, 1.73303, 1.36255, 1.66828, 0.634049, 1.31146, 1.93464, 1.62994
1.88451, 1.72907, 1.81167, 1.79642, 1.50799, 1.72514, 0.734577, 1.35648, 2.16613, 1.70128
1.83768, 1.7271, 1.76245, 1.79251, 1.44266, 1.72183, 0.614352, 1.41983, 2.12714, 1.70036
1.79062, 1.72511, 1.7128, 1.78857, 1.37439, 1.71834, 0.437462, 1.57181, 2.08843, 1.69945
1.74328, 1.72311, 1.6626, 1.7846, 1.30222, 1.71463, 0.37861, 1.58393, 2.04998, 1.69854
1.9079, 1.78179, 1.81896, 1.83942, 1.42871, 1.76157, 0.466251, 1.61292, 2.3019, 1.74572
1.86727, 1.77902, 1.77584, 1.83503, 1.36563, 1.75682, 0.405768, 1.61841, 2.26999, 1.74441
1.82668, 1.77624, 1.73257, 1.83063, 1.29932, 1.75185, 0.357046, 1.62338, 2.23849, 1.74311
1.78608, 1.77347, 1.68908, 1.82623, 1.22862, 1.74659, 0.318288, 1.62782, 2.20739, 1.74183
1.74542, 1.7707, 1.64529, 1.8218, 1.15172, 1.74092, 0.287631, 1.63173, 2.17668, 1.74056
1.88764, 1.81957, 1.77882, 1.86746, 1.25398, 1.7768, 0.361523, 1.65448, 2.50217, 1.73071
1.85238, 1.81645, 1.74078, 1.86294, 1.18498, 1.77054, 0.325277, 1.65464, 2.47742, 1.72993
1.81726, 1.81335, 1.70271, 1.85843, 1.10931, 1.76386, 0.296023, 1.65489, 2.45312, 1.72916
1.78227, 1.81027, 1.66457, 1.85392, 1.02308, 1.7566, 0.27243, 1.65521, 2.42926, 1.72841
1.71238, 1.7484, 1.59576, 1.78678, 0.950844, 1.64768, 0.240503, 1.47146, 2.36504, 1.68907
1.83121, 1.79055, 1.70634, 1.82592, 1.03018, 1.67667, 0.301243, 1.49286, 2.50783, 1.7449
1.79954, 1.78816, 1.67147, 1.82243, 0.931113, 1.67152, 0.279822, 1.51056, 2.48664, 1.74411
1.51842, 1.77911, 1.42394, 1.81823, 1.22545, 1.74339, 0.424053, 1.55136, 2.35355, 1.74379
1.61478, 1.81355, 1.51637, 1.84991, 1.30823, 1.77285, 0.483469, 1.57189, 2.48508, 1.79201
1.58018, 1.81017, 1.47845, 1.84521, 1.25849, 1.76853, 0.441188, 1.57923, 2.46556, 1.79091
1.54548, 1.8068, 1.44009, 1.84049, 1.20635, 1.76406, 0.404579, 1.58598, 2.44646, 1.78982
1.76831, 1.91567, 1.6278, 1.92566, 1.3389, 1.8171, 0.482735, 1.61207, 2.15751, 1.7937
1.74109, 1.91171, 1.59722, 1.92074, 1.29578, 1.81225, 0.443992, 1.61543, 2.13629, 1.7923
1.71409, 1.90779, 1.56669, 1.91584, 1.25124, 1.80731, 0.410121, 1.61859, 2.11545, 1.79093
1.80632, 1.93718, 1.65137, 1.94284, 1.322, 1.83108, 0.460058, 1.63471, 2.26845, 1.80683
1.78229, 1.93347, 1.62415, 1.93824, 1.28182, 1.82619, 0.426635, 1.63613, 2.25029, 1.80559
1.75853, 1.92981, 1.59706, 1.93368, 1.24041, 1.82123, 0.397262, 1.63749, 2.23249, 1.80437
1.73504, 1.9262, 1.57011, 1.92915, 1.19743, 1.81619, 0.371519, 1.63878, 2.21506, 1.80317
1.71181, 1.92263, 1.54325, 1.92466, 1.15241, 1.81103, 0.348988, 1.64001, 2.19798, 1.802
1.79107, 1.94768, 1.61518, 1.94738, 1.21067, 1.83008, 0.391247, 1.65315, 2.37061, 1.79274
1.77023, 1.94433, 1.59106, 1.94317, 1.16945, 1.82501, 0.368247, 1.65327, 2.35583, 1.79186
1.74968, 1.94102, 1.56711, 1.93901, 1.12617, 1.81986, 0.347941, 1.65342, 2.34139, 1.79099
1.71236, 1.90452, 1.52947, 1.89787, 1.08609, 1.7628, 0.32433, 1.54992, 2.3045, 1.76655
1.78237, 1.92688, 1.59233, 1.91816, 1.13572, 1.77956, 0.360843, 1.5622, 2.3884, 1.79617
1.76373, 1.92407, 1.57038, 1.91466, 1.09299, 1.77559, 0.343177, 1.56796, 2.37544, 1.79538
1.74538, 1.92131, 1.54861, 1.91121, 1.04719, 1.77151, 0.327428, 1.57327, 2.36278, 1.79461
1.7273, 1.9186, 1.52702, 1.90779, 0.996964, 1.76732, 0.313374, 1.57817, 2.35042, 1.79386
1.7095, 1.91593, 1.50561, 1.90442, 0.939734, 1.76306, 0.30082, 1.58268, 2.33835, 1.79313
1.76961, 1.93501, 1.55898, 1.9215, 0.979968, 1.77613, 0.332153, 1.59283, 2.41042, 1.81855
1.75346, 1.93249, 1.53953, 1.91832, 0.922621, 1.77202, 0.318929, 1.59625, 2.39942, 1.81778
1.7376, 1.93002, 1.52027, 1.91518, 0.850339, 1.76873, 0.307028, 1.59942, 2.3887, 1.81704
1.79356, 1.94756, 1.56948, 1.93081, 0.88589, 1.77992, 0.335767, 1.6086, 2.45423, 1.84054
1.76624, 1.92141, 1.54156, 1.90049, 0.857445, 1.72938, 0.317477, 1.52791, 2.4282, 1.82355
1.75187, 1.91927, 1.52395, 1.89781, 0.756905, 1.72662, 0.306896, 1.53402, 2.41856, 1.82287
1.67712, 1.90268, 1.43507, 1.87717, 0.847561, 1.78659, 0.370442, 1.56653, 2.37719, 1.81756
1.72462, 1.91795, 1.47642, 1.8906, 0.879117, 1.79632, 0.396208, 1.57518, 2.43531, 1.83828
1.79997, 1.94997, 1.57996, 1.94105, 0.928569, 1.81222, 0.432481, 1.5876, 2.31882, 1.84169
1.78765, 1.94797, 1.56509, 1.93847, 0.87086, 1.80959, 0.416797, 1.59025, 2.3098, 1.84095
1.76489, 1.9261, 1.54196, 1.91316, 0.848167, 1.76775, 0.397622, 1.52428, 2.28749, 1.82546
1.80951, 1.94003, 1.58096, 1.9256, 0.876001, 1.77651, 0.420425, 1.53229, 2.33938, 1.84326
1.79833, 1.93828, 1.56734, 1.92336, 0.802838, 1.77668, 0.406813, 1.53676, 2.33124, 1.84259
1.84133, 1.9515, 1.60462, 1.93518, 0.828644, 1.78462, 0.428382, 1.54427, 2.38006, 1.85962
1.76163, 1.94559, 1.50973, 1.93161, 0.912479, 1.80523, 0.48371, 1.56307, 2.33133, 1.85788
1.75105, 1.94387, 1.49641, 1.92931, 0.859737, 1.80361, 0.468714, 1.56596, 2.32388, 1.85722
1.78911, 1.95569, 1.52921, 1.93956, 0.883919, 1.81096, 0.488893, 1.57293, 2.36854, 1.8728
1.77081, 1.93804, 1.51054, 1.91863, 0.865486, 1.77746, 0.470707, 1.52087, 2.35096, 1.86066
1.76121, 1.93653, 1.49836, 1.91662, 0.833206, 1.76575, 0.457584, 1.52478, 2.34423, 1.86006
1.79614, 1.94739, 1.52824, 1.92607, 0.854892, 1.77256, 0.475783, 1.53128, 2.38494, 1.8744
1.7873, 1.94597, 1.51701, 1.92418, 0.822966, 1.7604, 0.463242, 1.53465, 2.37872, 1.87382
1.77866, 1.94459, 1.50598, 1.92232, 0.785784, 1.74373, 0.451462, 1.53787, 2.37267, 1.87326
1.81095, 1.95455, 1.5334, 1.93096, 0.805152, 1.74988, 0.468086, 1.54373, 2.40977, 1.8866
1.80297, 1.95325, 1.52321, 1.92922, 0.787923, 1.7479, 0.456835, 1.54652, 2.40417, 1.88605
1.79519, 1.95198, 1.51322, 1.92752, 0.77129, 1.74599, 0.446245, 1.54918, 2.39873, 1.88552
1.7876, 1.95074, 1.50342, 1.92585, 0.75525, 1.74414, 0.436273, 1.55172, 2.39343, 1.885
1.81637, 1.95958, 1.52768, 1.93346, 0.772212, 1.74947, 0.450963, 1.55681, 2.42624, 1.89703
1.80935, 1.95841, 1.51861, 1.9319, 0.75712, 1.74767, 0.441437, 1.55902, 2.42133, 1.89653
1.76851, 1.95713, 1.46337, 1.93289, 0.797601, 1.75487, 0.471255, 1.5635, 2.39788, 1.89652
1.7558, 1.94472, 1.45037, 1.91771, 0.784567, 1.72947, 0.45877, 1.5266, 2.38587, 1.88821
1.78073, 1.95246, 1.47123, 1.92425, 0.799695, 1.73434, 0.471797, 1.53125, 2.41496, 1.89886
1.77434, 1.9514, 1.46269, 1.92279, 0.786189, 1.73301, 0.462918, 1.53367, 2.41059, 1.89841
1.7681, 1.95038, 1.45432, 1.92136, 0.773141, 1.73172, 0.454501, 1.53599, 2.40634, 1.89797
1.79105, 1.95746, 1.47342, 1.92733, 0.786898, 1.73612, 0.466398, 1.5402, 2.43286, 1.90788
1.78527, 1.9565, 1.46565, 1.92599, 0.774621, 1.73487, 0.458393, 1.54226, 2.4289, 1.90746
1.77963, 1.95556, 1.45804, 1.92467, 0.762764, 1.73365, 0.450792, 1.54424, 2.42507, 1.90706
1.81183, 1.96981, 1.50399, 1.94733, 0.782009, 1.7402, 0.466433, 1.55004, 2.3761, 1.90661
1.80665, 1.96892, 1.49716, 1.94608, 0.770828, 1.739, 0.459111, 1.55175, 2.37239, 1.90622
1.8016, 1.96806, 1.49049, 1.94486, 0.760026, 1.73784, 0.452145, 1.5534, 2.36878, 1.90583
1.82119, 1.97402, 1.50677, 1.94988, 0.771447, 1.74146, 0.462084, 1.55686, 2.39102, 1.91401
1.81649, 1.97321, 1.50056, 1.94873, 0.761284, 1.74034, 0.45547, 1.55833, 2.38766, 1.91364
1.81192, 1.97242, 1.4945, 1.94762, 0.751467, 1.73925, 0.449168, 1.55974, 2.3844, 1.91328
1.80747, 1.97165, 1.48858, 1.94653, 0.741988, 1.7382, 0.443163, 1.5611, 2.38123, 1.91293
1.82489, 1.97694, 1.50298, 1.95096, 0.752035, 1.74136, 0.451951, 1.56413, 2.4009, 1.92029
1.80787, 1.97341, 1.47899, 1.94512, 0.774087, 1.75609, 0.469621, 1.57157, 2.39069, 1.91909
1.80017, 1.96598, 1.47108, 1.93591, 0.766218, 1.74027, 0.462086, 1.54908, 2.38337, 1.91394
1.81598, 1.9708, 1.48408, 1.93993, 0.77547, 1.74319, 0.470134, 1.55189, 2.40133, 1.92067
1.81217, 1.97015, 1.47893, 1.93901, 0.767248, 1.74228, 0.464679, 1.55313, 2.39863, 1.92037
1.80846, 1.96951, 1.4739, 1.9381, 0.759297, 1.74139, 0.459463, 1.55433, 2.39601, 1.92007
1.80485, 1.96889, 1.469, 1.93722, 0.751611, 1.74053, 0.454473, 1.55548, 2.39347, 1.91979
1.80134, 1.96829, 1.46421, 1.93636, 0.744182, 1.73969, 0.449698, 1.55658, 2.39099, 1.91951
1.81493, 1.97243, 1.47534, 1.9398, 0.752065, 1.74217, 0.456593, 1.55897, 2.40641, 1.92536
1.80871, 1.96646, 1.46892, 1.93234, 0.74569, 1.72908, 0.450495, 1.5404, 2.40053, 1.92123
1.80551, 1.96591, 1.46455, 1.93156, 0.738923, 1.72841, 0.446201, 1.54156, 2.39829, 1.92098
