0.502667, 2.58448, 1.8312, 3.40628, 3.12362, 0.39035, 0.59929, 3.46004, 0.747783, 0.400384, 5.39089, 5.07471, 3.17817, 4.99521, 3.87822, 5.7397, 0.927304, 1.74818, 3.51361, 0.403088
0.562176, 2.61837, 1.91446, 3.4519, 3.1541, 0.454485, 0.668516, 3.48796, 0.78684, 0.441631, 3.861, 4.11646, 3.35074, 5.02573, 4.1374, 5.69317, 0.97963, 1.79022, 3.54077, 0.471168
0.588789, 2.63545, 1.95071, 3.4755, 3.16761, 0.483541, 0.69973, 3.50301, 0.804282, 0.461083, 3.91834, 4.17269, 3.428, 5.05495, 4.28806, 5.71427, 1.00279, 1.81047, 3.55289, 0.501848
0.614742, 2.65211, 1.98624, 3.49863, 3.18079, 0.51188, 0.730203, 3.51771, 0.821262, 0.48002, 3.97607, 4.2293, 3.50597, 5.08443, 4.45982, 5.73832, 1.02537, 1.83023, 3.56473, 0.531782
0.640049, 2.66836, 2.02104, 3.52129, 3.19364, 0.539518, 0.75995, 3.53206, 0.837791, 0.498454, 4.03431, 4.28641, 3.58484, 5.11426, 4.67056, 5.76783, 1.04739, 1.84948, 3.57627, 0.560984
0.664722, 2.6842, 2.05514, 3.5435, 3.20617, 0.566468, 0.788984, 3.54607, 0.85388, 0.516398, 4.09319, 4.34414, 3.66482, 5.14451, 4.98599, 5.812, 1.06884, 1.86824, 3.58753, 0.58947
0.714796, 2.71847, 2.12582, 3.59409, 3.22831, 0.622, 0.849073, 3.57688, 0.885129, 0.55384, 4.21416, 4.50344, 3.87769, 5.24172, 3.92815, 4.56979, 1.11145, 1.90837, 3.6067, 0.647852
0.738379, 2.7336, 2.15894, 3.61562, 3.2403, 0.647751, 0.87692, 3.59031, 0.900428, 0.570893, 4.28002, 4.5662, 3.9692, 5.27549, 3.99348, 4.6195, 1.13194, 1.92628, 3.61749, 0.675096
0.761368, 2.74835, 2.19138, 3.6367, 3.25199, 0.672855, 0.904094, 3.6034, 0.915315, 0.587489, 4.34777, 4.63077, 4.06429, 5.31057, 4.05989, 4.67002, 1.15191, 1.94374, 3.62801, 0.701665
0.783773, 2.76272, 2.22316, 3.65735, 3.26338, 0.697326, 0.930607, 3.61618, 0.929803, 0.603638, 4.41791, 4.69761, 4.16402, 5.34737, 4.12762, 4.72154, 1.17136, 1.96074, 3.63827, 0.727573
0.805609, 2.77673, 2.25428, 3.67758, 3.27449, 0.721179, 0.956474, 3.62865, 0.943899, 0.619351, 4.49109, 4.76736, 4.26992, 5.38644, 4.197, 4.77432, 1.19032, 1.97731, 3.64828, 0.752833
0.826887, 2.79038, 2.28477, 3.69738, 3.28531, 0.744425, 0.981707, 3.64082, 0.957613, 0.634638, 4.56829, 4.84093, 4.38443, 5.42869, 4.26843, 4.82866, 1.20879, 1.99345, 3.65803, 0.777459
0.84762, 2.80368, 2.31462, 3.71678, 3.29586, 0.767078, 1.00632, 3.65268, 0.970956, 0.649511, 4.65093, 4.91969, 4.51172, 5.47566, 4.34246, 4.88498, 1.22678, 2.00917, 3.66753, 0.801465
0.86782, 2.81664, 2.34384, 3.73577, 3.30614, 0.789152, 1.03032, 3.66425, 0.983936, 0.66398, 4.74139, 5.0059, 4.66028, 5.53047, 4.41984, 4.94384, 1.2443, 2.02449, 3.6768, 0.824864
0.841826, 2.89972, 2.28029, 3.76083, 3.28857, 0.811246, 0.905033, 3.81941, 0.97815, 0.698286, 4.71104, 5.00262, 4.63059, 5.5236, 4.38692, 4.9405, 1.22608, 2.07452, 3.65872, 0.844885
0.868188, 2.88664, 2.30371, 3.73558, 3.38727, 0.813644, 0.926728, 3.8036, 1.01238, 0.699529, 4.71342, 4.96994, 4.63296, 5.49475, 4.39188, 4.90789, 1.25909, 2.06368, 3.8198, 0.846271
0.886952, 2.8984, 2.33048, 3.75277, 3.39656, 0.834196, 0.94893, 3.81342, 1.02434, 0.712854, 4.80394, 5.05707, 4.79875, 5.55994, 4.46541, 4.96466, 1.2753, 2.07775, 3.82791, 0.868214
0.859866, 2.978, 2.27174, 3.77559, 3.38019, 0.853931, 0.759686, 4.03294, 1.01861, 0.744451, 4.77672, 5.05385, 4.77253, 5.55389, 4.43574, 4.96153, 1.25755, 2.12388, 3.81115, 0.88576
0.920452, 3.01415, 2.37261, 3.83791, 3.39883, 0.918748, 0.833133, 4.05544, 1.05195, 0.785773, 4.41787, 4.64377, 4.48619, 5.17235, 4.07125, 4.47623, 1.30707, 2.16954, 3.82421, 0.953941
0.938087, 3.02486, 2.398, 3.85377, 3.40758, 0.937807, 0.853869, 4.06336, 1.06306, 0.798052, 4.47078, 4.69643, 4.5774, 5.22826, 4.11513, 4.5151, 1.32225, 2.18249, 3.83188, 0.974321
0.955258, 3.03528, 2.42283, 3.86928, 3.41611, 0.956368, 0.874073, 4.07107, 1.07387, 0.809992, 4.52522, 4.75061, 4.6789, 5.29048, 4.15919, 4.55412, 1.33703, 2.1951, 3.83936, 0.994175
0.971976, 3.04544, 2.44711, 3.88444, 3.4244, 0.974442, 0.893756, 4.07859, 1.08438, 0.821601, 4.58158, 4.80671, 4.79762, 5.36324, 4.20348, 4.59335, 1.35142, 2.20738, 3.84664, 1.01351
0.988253, 3.05532, 2.47085, 3.89927, 3.43248, 0.99204, 0.912931, 4.08591, 1.09459, 0.832889, 4.64042, 4.86527, 4.95218, 5.45798, 4.24809, 4.63286, 1.36542, 2.21933, 3.85373, 1.03235
1.0087, 3.044, 2.4881, 3.87833, 3.52152, 0.98347, 0.928888, 4.07323, 1.12232, 0.832965, 4.64287, 4.83883, 4.95251, 5.43488, 4.25355, 4.60558, 1.39144, 2.20941, 4.05921, 0.995177
1.02406, 3.05341, 2.51053, 3.89257, 3.52893, 1.0003, 0.947018, 4.08022, 1.13195, 0.843668, 4.70122, 4.89852, 5.21707, 5.60539, 4.29633, 4.64442, 1.40464, 2.22078, 4.06524, 1.01334
1.17079, 3.06956, 2.44009, 3.83906, 3.4598, 1.0279, 1.09749, 4.0488, 1.22037, 0.911706, 4.66465, 4.87536, 5.18716, 5.5839, 4.25556, 4.6187, 1.54754, 2.27671, 4.00784, 1.03341
1.13788, 3.12682, 2.39643, 3.85335, 3.44651, 1.04278, 0.876036, 4.18772, 1.21429, 0.936465, 4.64309, 4.87364, 5.16879, 5.5799, 4.23146, 4.61815, 1.52915, 2.31078, 3.9945, 1.04609
1.15606, 3.11602, 2.41205, 3.8352, 3.52576, 1.03229, 0.88979, 4.17655, 1.23966, 0.935839, 4.64523, 4.85028, 5.16816, 5.56001, 4.23643, 4.59395, 1.5526, 2.3008, 4.11819, 1.01896
1.30191, 3.13188, 2.34374, 3.78165, 3.46175, 1.05783, 1.02207, 4.14282, 1.32418, 1.00063, 4.611, 4.82875, 5.14031, 5.54009, 4.19813, 4.56995, 1.69532, 2.35721, 4.06633, 1.03731
1.26805, 3.18067, 2.3028, 3.79686, 3.4495, 1.07141, 0.561497, 4.40057, 1.31777, 1.02343, 4.59103, 4.82735, 5.12332, 5.53652, 4.17578, 4.56972, 1.67658, 2.38708, 4.05416, 1.04869
1.19498, 3.29693, 2.21334, 3.82888, 3.4252, 1.0989, 1.22834, 3.83601, 1.30617, 1.06953, 4.55105, 4.82382, 5.08966, 5.52878, 4.1307, 4.5684, 1.63926, 2.45053, 4.02997, 1.07161
1.15649, 3.35188, 2.17144, 3.84447, 3.41353, 1.11185, 1.13842, 3.90554, 1.3, 1.09143, 4.53198, 4.82248, 5.0735, 5.52538, 4.10926, 4.56817, 1.62067, 2.48009, 4.0184, 1.08243
1.11633, 3.40923, 2.1296, 3.86005, 3.40217, 1.12445, 1.02431, 3.99376, 1.29398, 1.11282, 4.51339, 4.82118, 5.05776, 5.52207, 4.08834, 4.56796, 1.60234, 2.50924, 4.00715, 1.09295
1.12901, 3.41616, 2.14567, 3.8693, 3.40829, 1.13725, 1.03814, 3.99944, 1.30175, 1.1213, 4.55539, 4.86005, 5.16562, 5.58829, 4.11896, 4.59361, 1.61322, 2.5183, 4.01202, 1.1069
1.1427, 3.40703, 2.15831, 3.85584, 3.46802, 1.12576, 1.04989, 3.99006, 1.32267, 1.11972, 4.55753, 4.84119, 5.16512, 5.57225, 4.12356, 4.57419, 1.63159, 2.50915, 4.11035, 1.07798
1.10286, 3.46217, 2.11966, 3.87009, 3.45758, 1.13708, 0.886452, 4.11276, 1.31697, 1.13932, 4.54068, 4.83995, 5.15108, 5.56922, 4.10454, 4.57396, 1.61443, 2.53583, 4.10011, 1.08733
1.11556, 3.45361, 2.13156, 3.85753, 3.51684, 1.12528, 0.897105, 4.10428, 1.33672, 1.13773, 4.54278, 4.82213, 5.15066, 5.55406, 4.10897, 4.55562, 1.63164, 2.52716, 4.1972, 1.05819
1.12688, 3.45969, 2.14578, 3.86574, 3.52209, 1.13683, 0.909298, 4.10887, 1.34363, 1.1453, 4.58031, 4.85771, 5.2437, 5.6155, 4.13596, 4.57874, 1.64133, 2.53524, 4.20106, 1.07076
1.15028, 3.47209, 2.17582, 3.88287, 3.53204, 1.16069, 0.934548, 4.118, 1.35749, 1.16085, 4.70052, 4.9876, 4.76234, 5.11482, 4.20175, 4.63819, 1.66117, 2.552, 4.20795, 1.09658
1.16101, 3.47785, 2.18938, 3.89069, 3.53702, 1.17164, 0.946113, 4.12236, 1.36403, 1.16802, 4.74629, 5.03027, 4.8198, 5.16407, 4.22924, 4.66169, 1.67036, 2.55966, 4.21162, 1.1085
1.17144, 3.48346, 2.20259, 3.89832, 3.54186, 1.18229, 0.95736, 4.12659, 1.37038, 1.17498, 4.79465, 5.07534, 4.88358, 5.21875, 4.25657, 4.68504, 1.67929, 2.56711, 4.21519, 1.12009
1.18159, 3.48891, 2.21546, 3.90574, 3.54656, 1.19264, 0.968296, 4.13072, 1.37655, 1.18174, 4.84655, 5.12372, 4.95781, 5.28237, 4.28374, 4.70827, 1.68798, 2.57435, 4.21866, 1.13137
1.19146, 3.49421, 2.22799, 3.91296, 3.55114, 1.2027, 0.97893, 4.13472, 1.38254, 1.18831, 4.90359, 5.1769, 5.05319, 5.36414, 4.31079, 4.73137, 1.69642, 2.58138, 4.22204, 1.14233
1.22566, 3.5105, 2.27825, 3.93844, 3.56061, 1.23629, 1.01568, 4.14474, 1.40023, 1.20969, 4.742, 4.99655, 4.90326, 5.19686, 4.11701, 4.46036, 1.72434, 2.6057, 4.22606, 1.17749
1.23503, 3.51554, 2.29025, 3.94538, 3.56496, 1.24584, 1.02578, 4.14856, 1.40591, 1.21591, 4.78261, 5.03568, 4.96942, 5.25682, 4.13742, 4.47917, 1.73236, 2.61239, 4.22928, 1.18791
1.24415, 3.52044, 2.30195, 3.95213, 3.56919, 1.25512, 1.03561, 4.15227, 1.41142, 1.22195, 4.82535, 5.07686, 5.05206, 5.33173, 4.15754, 4.49771, 1.74016, 2.61888, 4.23241, 1.19803
1.25301, 3.5252, 2.31333, 3.95871, 3.57331, 1.26415, 1.04516, 4.15588, 1.41677, 1.22781, 4.87097, 5.12081, 5.18278, 5.45022, 4.17737, 4.51599, 1.74774, 2.6252, 4.23546, 1.20787
1.2202, 3.56095, 2.28782, 3.96605, 3.56573, 1.27178, 0.811947, 4.27789, 1.41224, 1.24158, 4.86025, 5.11941, 5.17298, 5.44836, 4.16438, 4.51603, 1.73441, 2.64312, 4.22814, 1.21409
1.2289, 3.55468, 2.29575, 3.95688, 3.60927, 1.25791, 0.819023, 4.27208, 1.42626, 1.24002, 4.86068, 5.10775, 5.17262, 5.43756, 4.16736, 4.50302, 1.74629, 2.63653, 4.29294, 1.17907
1.24653, 3.54207, 2.31128, 3.93664, 3.52951, 1.35304, 0.832589, 4.26068, 1.45667, 1.24186, 4.85672, 5.08686, 5.16799, 5.41908, 4.1674, 4.47616, 1.77301, 2.62303, 4.22853, 1.24451
1.25477, 3.53612, 2.31882, 3.92793, 3.56686, 1.33927, 0.839281, 4.25519, 1.47003, 1.24035, 4.85713, 5.07579, 5.16765, 5.40885, 4.17025, 4.46378, 1.78433, 2.61674, 4.28797, 1.20964
1.26241, 3.54021, 2.32856, 3.93366, 3.57051, 1.34712, 0.847325, 4.25793, 1.47464, 1.24545, 4.89708, 5.1158, 5.22054, 5.45958, 4.18689, 4.47962, 1.79085, 2.62224, 4.29052, 1.21817
1.27018, 3.53458, 2.33565, 3.92542, 3.60733, 1.33326, 0.853631, 4.25274, 1.48728, 1.244, 4.89737, 5.10546, 5.22013, 5.45005, 4.18952, 4.46796, 1.80153, 2.61627, 4.34866, 1.18379
1.28604, 3.52327, 2.34967, 3.90711, 3.5291, 1.42105, 0.865782, 4.24256, 1.51493, 1.24585, 4.89369, 5.08698, 5.21589, 5.43379, 4.18939, 4.44376, 1.82588, 2.60404, 4.29176, 1.24066
1.2934, 3.51794, 2.35641, 3.89929, 3.56065, 1.40788, 0.871742, 4.23765, 1.52696, 1.24445, 4.89397, 5.07718, 5.2155, 5.42477, 4.1919, 4.43268, 1.83605, 2.59835, 4.34534, 1.20694
1.30056, 3.51276, 2.36296, 3.89168, 3.59248, 1.39457, 0.877532, 4.23288, 1.53868, 1.24308, 4.89425, 5.06765, 5.21513, 5.416, 4.19434, 4.4219, 1.84595, 2.59282, 4.40011, 1.17336
1.30713, 3.51635, 2.3713, 3.89674, 3.59565, 1.40139, 0.884465, 4.23529, 1.54264, 1.24753, 4.92884, 5.10426, 5.25873, 5.46136, 4.20823, 4.43572, 1.85153, 2.59764, 4.40211, 1.18073
1.32138, 3.5062, 2.38394, 3.88019, 3.51618, 1.48441, 0.895335, 4.2262, 1.56776, 1.24935, 4.92545, 5.08792, 5.25488, 5.44704, 4.20797, 4.41396, 1.87368, 2.58655, 4.35197, 1.2302
1.32795, 3.50143, 2.38995, 3.87318, 3.54257, 1.47232, 0.900641, 4.22182, 1.57859, 1.24806, 4.92564, 5.07924, 5.25448, 5.43909, 4.21018, 4.40405, 1.88281, 2.58142, 4.40087, 1.19791
1.30639, 3.52368, 2.3734, 3.87845, 3.53695, 1.47767, 0.85046, 4.24893, 1.57505, 1.25736, 4.91828, 5.07836, 5.24776, 5.43785, 4.20126, 4.40434, 1.87369, 2.59287, 4.39585, 1.20202
1.31253, 3.5192, 2.37907, 3.87187, 3.56234, 1.46597, 0.855413, 4.24485, 1.58526, 1.25612, 4.91847, 5.07018, 5.24739, 5.43035, 4.20337, 4.395, 1.88227, 2.58803, 4.44458, 1.17074
1.29166, 3.5407, 2.36342, 3.8769, 3.55707, 1.47097, 0.809128, 4.26998, 1.58191, 1.26487, 4.91153, 5.06936, 5.24106, 5.42919, 4.19495, 4.39529, 1.87365, 2.59882, 4.4399, 1.17456
1.29715, 3.54366, 2.37033, 3.88112, 3.55982, 1.47668, 0.814863, 4.27191, 1.58522, 1.26861, 4.94076, 5.10092, 5.27669, 5.46734, 4.20629, 4.40677, 1.87831, 2.60287, 4.44153, 1.18072
1.31156, 3.55081, 2.39075, 3.8931, 3.5647, 1.49129, 0.829616, 4.27561, 1.59274, 1.27794, 4.8277, 4.98212, 5.18849, 5.37399, 4.2352, 4.46738, 1.88991, 2.61356, 4.44309, 1.19558
1.31675, 3.55361, 2.39732, 3.89712, 3.5673, 1.49669, 0.835035, 4.27743, 1.59586, 1.28147, 4.85013, 5.00625, 5.22216, 5.40997, 4.24651, 4.4786, 1.89432, 2.61738, 4.44464, 1.2014
1.3218, 3.55633, 2.4037, 3.90102, 3.56982, 1.50194, 0.840298, 4.2792, 1.59889, 1.2849, 4.87302, 5.03088, 5.25484, 5.44489, 4.25759, 4.48958, 1.8986, 2.62109, 4.44613, 1.20706
1.33786, 3.56216, 2.42876, 3.91006, 3.57509, 1.51909, 0.855737, 4.28128, 1.60735, 1.29467, 4.81687, 4.97429, 5.20706, 5.39585, 4.17898, 4.40933, 1.91247, 2.63187, 4.44663, 1.22396
1.34263, 3.56473, 2.43481, 3.91377, 3.57748, 1.52405, 0.860709, 4.28295, 1.61021, 1.29791, 4.83699, 4.99584, 5.2379, 5.42867, 4.18881, 4.41909, 1.91652, 2.63538, 4.44805, 1.22931
1.34726, 3.56723, 2.4407, 3.91738, 3.5798, 1.52886, 0.865537, 4.28458, 1.61299, 1.30105, 4.85739, 5.0177, 5.26769, 5.46038, 4.19842, 4.42863, 1.92044, 2.63879, 4.44943, 1.2345
1.33698, 3.54575, 2.43193, 3.90901, 3.57021, 1.53058, 0.863643, 4.27014, 1.59281, 1.31506, 4.85267, 5.0145, 5.26353, 5.45742, 4.19259, 4.42493, 1.88773, 2.62984, 4.44214, 1.23602
1.34132, 3.54811, 2.43746, 3.9124, 3.5724, 1.53511, 0.86818, 4.27169, 1.59543, 1.31801, 4.87264, 5.03586, 5.29132, 5.48689, 4.20168, 4.43393, 1.89142, 2.63302, 4.44345, 1.24091
1.3457, 3.54486, 2.44144, 3.9076, 3.59027, 1.52588, 0.871707, 4.26875, 1.60274, 1.31698, 4.87284, 5.02995, 5.29101, 5.48159, 4.20316, 4.42731, 1.8975, 2.62949, 4.47781, 1.21484
1.33042, 3.55969, 2.43047, 3.91084, 3.58643, 1.52942, 0.837715, 4.28515, 1.60024, 1.32332, 4.86782, 5.02939, 5.28654, 5.48073, 4.19714, 4.42746, 1.89115, 2.63719, 4.47443, 1.21754
1.32135, 3.54026, 2.42267, 3.90337, 3.57796, 1.53094, 0.836193, 4.27234, 1.58191, 1.33599, 4.86365, 5.02657, 5.28287, 5.47812, 4.19198, 4.42418, 1.85963, 2.62865, 4.46803, 1.21889
1.32535, 3.53732, 2.42633, 3.89901, 3.5944, 1.52247, 0.839406, 4.26969, 1.58855, 1.33502, 4.86385, 5.02116, 5.2826, 5.47327, 4.19336, 4.41812, 1.86516, 2.62549, 4.50141, 1.19451
1.33361, 3.53143, 2.43367, 3.8892, 3.55605, 1.56354, 0.845646, 4.26453, 1.60337, 1.33576, 4.86196, 5.01137, 5.28034, 5.46501, 4.1933, 4.40538, 1.87802, 2.61904, 4.47258, 1.2222
1.33721, 3.5334, 2.43825, 3.89205, 3.5579, 1.56732, 0.849411, 4.26581, 1.60557, 1.33821, 4.87857, 5.0294, 5.30304, 5.48966, 4.20075, 4.41288, 1.88108, 2.62168, 4.47364, 1.22627
1.34087, 3.5307, 2.4416, 3.88804, 3.57224, 1.55967, 0.85235, 4.26338, 1.61167, 1.33732, 4.87873, 5.02446, 5.30278, 5.48525, 4.202, 4.40732, 1.88615, 2.61877, 4.50394, 1.20352
1.3465, 3.52655, 2.4467, 3.88176, 3.60483, 1.54507, 0.856815, 4.25967, 1.62119, 1.33628, 4.87863, 5.01704, 5.30209, 5.47869, 4.20352, 4.39874, 1.89415, 2.61428, 4.40972, 1.29634
1.34995, 3.52401, 2.44986, 3.87798, 3.61908, 1.53741, 0.859586, 4.25738, 1.62696, 1.33543, 4.87879, 5.01239, 5.30184, 5.47453, 4.2047, 4.3935, 1.89894, 2.61152, 4.43404, 1.27588
1.3533, 3.52153, 2.45293, 3.87431, 3.63316, 1.52983, 0.862275, 4.25516, 1.63256, 1.33461, 4.87893, 5.00787, 5.30159, 5.47049, 4.20585, 4.3884, 1.9036, 2.60884, 4.45864, 1.25561
1.34207, 3.53262, 2.44471, 3.87684, 3.63024, 1.53248, 0.836813, 4.26831, 1.63061, 1.33941, 4.87511, 5.00747, 5.2982, 5.46985, 4.20128, 4.38857, 1.89884, 2.61466, 4.45604, 1.25767
1.33478, 3.5175, 2.43867, 3.87121, 3.62389, 1.5336, 0.835645, 4.25848, 1.61671, 1.34873, 4.87194, 5.00533, 5.29541, 5.46787, 4.19732, 4.38609, 1.87505, 2.60871, 4.45113, 1.25866
1.33784, 3.51526, 2.44148, 3.86787, 3.63684, 1.52664, 0.838096, 4.25646, 1.6218, 1.34796, 4.87208, 5.0012, 5.29519, 5.46418, 4.19839, 4.38144, 1.87929, 2.6063, 4.47448, 1.2399
1.34419, 3.51078, 2.44719, 3.86034, 3.59561, 1.56319, 0.842867, 4.25255, 1.63323, 1.34848, 4.8706, 4.9937, 5.29345, 5.45788, 4.19832, 4.37157, 1.88918, 2.60143, 4.4521, 1.26118
1.34708, 3.50866, 2.44984, 3.85719, 3.60721, 1.55685, 0.845177, 4.25066, 1.63805, 1.34776, 4.87074, 4.9898, 5.29324, 5.4544, 4.19933, 4.36717, 1.89319, 2.59915, 4.47399, 1.24346
1.33757, 3.51822, 2.44282, 3.85942, 3.60468, 1.55914, 0.82369, 4.26231, 1.63635, 1.35189, 4.86745, 4.98946, 5.29032, 5.45385, 4.1954, 4.36733, 1.88913, 2.60417, 4.47177, 1.24522
1.34014, 3.51964, 2.44607, 3.86147, 3.60598, 1.56187, 0.826373, 4.26322, 1.63793, 1.35366, 4.8789, 5.00228, 5.30613, 5.47189, 4.20058, 4.37268, 1.89131, 2.60607, 4.47254, 1.24814
1.34277, 3.51771, 2.44849, 3.85859, 3.61667, 1.55599, 0.828474, 4.26149, 1.64233, 1.35299, 4.87902, 4.99872, 5.30593, 5.46872, 4.2015, 4.36867, 1.89496, 2.60398, 4.49337, 1.2315
1.33672, 3.50526, 2.44356, 3.85406, 3.6115, 1.55686, 0.827555, 4.25352, 1.63104, 1.36043, 4.87645, 4.997, 5.30368, 5.46713, 4.19829, 4.36668, 1.87537, 2.59928, 4.48945, 1.2323
1.32831, 3.51383, 2.43732, 3.85605, 3.60926, 1.55889, 0.808826, 4.26393, 1.62953, 1.3641, 4.87354, 4.9967, 5.3011, 5.46664, 4.19481, 4.36682, 1.87178, 2.60377, 4.4875, 1.23386
1.33058, 3.51508, 2.4402, 3.85786, 3.61042, 1.56131, 0.811196, 4.26473, 1.63093, 1.36567, 4.88384, 5.00822, 5.315, 5.48248, 4.19939, 4.37156, 1.87371, 2.60544, 4.48816, 1.23645
1.33557, 3.51158, 2.4447, 3.85193, 3.58703, 1.58559, 0.814926, 4.26169, 1.63995, 1.36605, 4.88266, 5.00236, 5.31362, 5.47757, 4.19933, 4.36378, 1.88149, 2.60164, 4.47067, 1.25304
1.33783, 3.50992, 2.44679, 3.84946, 3.59589, 1.58064, 0.81673, 4.26021, 1.64373, 1.36546, 4.88276, 4.99931, 5.31345, 5.47486, 4.20012, 4.36032, 1.88463, 2.59986, 4.48838, 1.23873
1.34002, 3.50832, 2.44882, 3.84706, 3.60458, 1.57577, 0.81848, 4.25878, 1.6474, 1.36488, 4.88286, 4.99634, 5.31328, 5.47222, 4.20089, 4.35697, 1.88767, 2.59813, 4.50639, 1.2245
1.33491, 3.4978, 2.44468, 3.84329, 3.60024, 1.57648, 0.817742, 4.25212, 1.63792, 1.37105, 4.88071, 4.99491, 5.31141, 5.47089, 4.19821, 4.35531, 1.8709, 2.59421, 4.50314, 1.22517
1.32797, 3.50494, 2.43951, 3.84496, 3.59837, 1.57818, 0.802315, 4.26091, 1.63665, 1.37412, 4.87829, 4.99466, 5.30926, 5.47049, 4.19531, 4.35544, 1.86792, 2.59796, 4.50151, 1.22646
1.32986, 3.50598, 2.44189, 3.84648, 3.59934, 1.58019, 0.804286, 4.26157, 1.63782, 1.37543, 4.88685, 5.00432, 5.32071, 5.48369, 4.1991, 4.35938, 1.86953, 2.59935, 4.50206, 1.22862
1.33295, 3.50374, 2.44473, 3.84304, 3.61802, 1.57159, 0.806715, 4.25959, 1.64304, 1.37481, 4.88679, 5.00025, 5.32032, 5.48012, 4.19995, 4.35464, 1.8739, 2.59695, 4.44922, 1.28066
1.33484, 3.50237, 2.44647, 3.84099, 3.62567, 1.56728, 0.808218, 4.25836, 1.64618, 1.37431, 4.88687, 4.99771, 5.32017, 5.47786, 4.20061, 4.35175, 1.87651, 2.59547, 4.46304, 1.26891
