0.285197
0.279566
0.294038
0.302508
0.296066
0.311287
0.320908
0.31397
0.329896
0.337624
0.341933
0.330189
0.343936
0.342606
0.356606
0.355364
0.361804
0.364775
0.363265
0.367648
0.367133
0.368096
0.37918
0.378674
0.370025
0.377342
0.380705
0.388341
0.391534
0.392263
0.387245
0.392574
0.393709
0.393063
0.403546
0.402503
0.402617
0.400552
0.400022
0.404064
0.408447
0.411169
0.409257
0.40949
0.410738
0.41405
0.411775
0.410291
0.415331
0.416094
0.41693
0.422001
0.415934
0.418898
0.420563
0.419643
0.4247
0.425223
0.428368
0.424302
0.424171
0.425347
0.429079
0.430295
0.432183
0.432076
0.43265
0.433459
0.434887
0.43089
0.433819
0.434074
0.433992
0.437769
0.43772
0.438928
0.437107
0.436672
0.438808
0.439792
0.441623
0.441805
0.441698
0.44197
0.442277
0.442442
0.444123
0.443954
0.444872
0.443345
0.444024
0.44569
0.446155
0.445438
0.446044
0.447177
0.44682
0.447999
0.447102
0.446589
