0.715383
0.740877
0.696055
0.891424
0.784175
0.569742
0.882494
0.837184
0.400857
0.469807
0.612149
0.935529
0.84696
0.416861
0.488206
0.624639
0.914451
0.925605
0.924564
0.935829
0.934289
0.94544
0.943623
0.954454
0.952557
0.962898
0.96108
0.970805
0.969181
0.978214
0.976855
0.985161
0.984101
0.991679
0.990923
0.997798
0.997332
1.00355
1.00334
1.00894
1.00897
1.01402
1.01423
1.01878
1.01916
1.02326
1.02375
1.02746
1.02805
1.03141
1.03206
1.03511
1.03581
1.03858
1.03932
1.04184
1.04259
1.0449
1.04565
1.04776
1.04851
1.05045
1.05118
1.05297
1.05369
1.05533
1.05603
1.05755
1.05821
1.05963
1.06026
1.06157
1.06218
1.0634
1.06398
1.06511
1.06566
1.06671
1.06724
1.06822
1.06872
1.06963
1.0701
1.07096
1.0714
1.0722
1.07262
1.07337
1.07376
1.07446
1.07483
1.07549
1.07583
1.07645
1.07678
1.07736
1.07766
1.07821
1.07849
1.07901
