0.0801568
0.0831571
0.0865649
0.0904349
0.0948281
0.0998126
0.105463
0.111433
0.116939
0.124791
0.132816
0.140834
0.151599
0.161798
0.173662
0.18805
0.200473
0.217739
0.23452
0.253201
0.274696
0.295153
0.321123
0.34451
0.335228
0.361235
0.361812
0.369121
0.385588
0.37706
0.403787
0.392132
0.382001
0.405942
0.411704
0.414455
0.41629
0.430954
0.418573
0.434787
0.417771
0.434717
0.433459
0.444989
0.441534
0.441861
0.452068
0.426567
0.441142
0.452991
0.454983
0.456451
0.44163
0.457853
0.460068
0.460141
0.463106
0.462792
0.448425
0.460007
0.471908
0.471663
0.469345
0.473779
0.45807
0.468175
0.472959
0.477634
0.479004
0.477358
0.482461
0.466258
0.474751
0.483349
0.483799
0.485202
0.48828
0.487571
0.488673
0.482193
0.4894
0.49187
0.489275
0.491866
0.486146
0.492181
0.492862
0.492886
0.487548
0.493174
0.497635
0.496898
0.49644
0.497217
0.492849
0.497662
0.498208
0.501175
0.50048
0.500379
