0.477732
0.510894
0.478585
0.489145
0.488257
0.528502
0.330978
0.395477
0.421021
0.423428
0.411946
0.433008
0.435367
0.440323
0.454563
0.463058
0.453515
0.449655
0.458655
0.475946
0.473534
0.475672
0.46223
0.480328
0.500387
0.484878
0.486218
0.476089
0.480418
0.410164
0.46842
0.487349
0.479702
0.483353
0.485505
0.492518
0.498603
0.501935
0.501298
0.499686
0.512858
0.510975
0.509244
0.518516
0.515492
0.459447
0.483758
0.51112
0.511272
0.512717
0.505091
0.52014
0.520564
0.520155
0.519307
0.524156
0.533884
0.531607
0.530788
0.528972
0.53889
0.539337
0.539935
0.544402
0.542804
0.548723
0.538048
0.519351
0.535285
0.538666
0.539708
0.54457
0.541824
0.542141
0.548808
0.548205
0.518966
0.534921
0.543581
0.542439
0.546781
0.546622
0.545701
0.547711
0.55045
0.552394
0.552111
0.552514
0.552739
0.557991
0.556795
0.551609
0.54264
0.550358
0.549255
0.551387
0.555225
0.553875
0.555439
0.555986
