0.711296, 2.51258, 1.19898, 3.715, 5.12178, 2.84145, 0.187982, 2.89824, 0.0445401, 0.370344, 3.76637, 5.09525, 2.88111, 3.5811, 3.83703, 4.18903, 0.254095, 1.79597, 4.14923, 2.00151, 5.38181, 4.1259, 0.40933, 4.83705, 2.39038, 2.61904, 1.50012, 0.905239, 4.90863, 0.330904, 2.76336, 1.74632, 2.70194, 0.502119, 0.406297, 2.09951, 5.00037, 2.5455, 0.273637, 4.21162
0.707582, 2.51085, 1.18899, 3.71519, 5.12909, 2.84617, 0.185282, 2.89865, 0.0470185, 0.365257, 3.77248, 5.08964, 2.88102, 3.58195, 3.82864, 4.19616, 0.248704, 1.79238, 4.15438, 1.99795, 5.37677, 4.12465, 0.420409, 4.8362, 2.39949, 2.62572, 1.49471, 0.905297, 4.90556, 0.333256, 2.77031, 1.74925, 2.70183, 0.494629, 0.39561, 2.09631, 5.00147, 2.54318, 0.275513, 4.20356
0.700939, 2.50892, 1.17738, 3.71036, 5.13942, 2.86309, 0.191621, 2.90621, 0.0383159, 0.356639, 3.78278, 5.08993, 2.86967, 3.58466, 3.82411, 4.21675, 0.245944, 1.78995, 4.15952, 1.99037, 5.37277, 4.12535, 0.429026, 4.8407, 2.40043, 2.62558, 1.49764, 0.890479, 4.90399, 0.339151, 2.77634, 1.75503, 2.69769, 0.485318, 0.390584, 2.08588, 5.01348, 2.54465, 0.278201, 4.19908
0.696133, 2.51407, 1.16823, 3.71162, 5.14605, 2.86826, 0.18945, 2.90592, 0.0337024, 0.34308, 3.79162, 5.08777, 2.86374, 3.58614, 3.82699, 4.23036, 0.241839, 1.79259, 4.15825, 1.99138, 5.37748, 4.11916, 0.430713, 4.85115, 2.41029, 2.62644, 1.4874, 0.875935, 4.90663, 0.343568, 2.77762, 1.76118, 2.69775, 0.483953, 0.387548, 2.07624, 5.01568, 2.55467, 0.282535, 4.19231
0.686684, 2.50801, 1.16089, 3.70865, 5.14948, 2.87616, 0.191178, 2.908, 0.0318436, 0.336374, 3.80359, 5.08357, 2.85992, 3.58749, 3.83114, 4.25175, 0.234386, 1.78737, 4.16475, 1.99011, 5.37936, 4.1185, 0.433408, 4.85647, 2.41544, 2.62892, 1.48517, 0.869411, 4.90753, 0.339065, 2.77806, 1.75945, 2.70524, 0.483086, 0.374731, 2.07056, 5.01657, 2.56589, 0.276992, 4.18506
0.687011, 2.51096, 1.14655, 3.71016, 5.15456, 2.88403, 0.194587, 2.90935, 0.0362128, 0.331039, 3.8117, 5.0795, 2.85634, 3.59045, 3.8329, 4.26679, 0.228384, 1.78677, 4.1734, 1.987, 5.38139, 4.11799, 0.433309, 4.8657, 2.42512, 2.61819, 1.47662, 0.852626, 4.9144, 0.344694, 2.77795, 1.76693, 2.71295, 0.482952, 0.360542, 2.05913, 5.01202, 2.58087, 0.271398, 4.1856
0.689346, 2.51121, 1.13193, 3.70621, 5.16011, 2.89161, 0.197823, 2.91048, 0.037832, 0.325957, 3.81701, 5.08569, 2.85921, 3.59593, 3.84098, 4.28436, 0.217432, 1.78681, 4.18289, 1.9837, 5.38348, 4.12067, 0.432777, 4.87096, 2.43838, 2.6188, 1.46849, 0.832453, 4.92429, 0.34602, 2.78144, 1.77062, 2.72025, 0.492012, 0.34924, 2.046, 5.00792, 2.59257, 0.274486, 4.18361
0.690427, 2.51039, 1.12246, 3.70092, 5.15797, 2.89347, 0.198245, 2.91138, 0.0469492, 0.318501, 3.82582, 5.09171, 2.86188, 3.59873, 3.85067, 4.29979, 0.212386, 1.78678, 4.19363, 1.98677, 5.38364, 4.12512, 0.431424, 4.88227, 2.45027, 2.61913, 1.46175, 0.806524, 4.92304, 0.349492, 2.79056, 1.77034, 2.73315, 0.495854, 0.345282, 2.03231, 5.00703, 2.60503, 0.276991, 4.18241
0.69408, 2.50783, 1.11055, 3.70055, 5.15349, 2.90005, 0.204133, 2.91356, 0.0523123, 0.30927, 3.83125, 5.10285, 2.86277, 3.60126, 3.86009, 4.31661, 0.204097, 1.78066, 4.20595, 1.99132, 5.38368, 4.13156, 0.434496, 4.8943, 2.46102, 2.61523, 1.45619, 0.782751, 4.92702, 0.354118, 2.79269, 1.76906, 2.74554, 0.489811, 0.340511, 2.02022, 5.00872, 2.61458, 0.282117, 4.17863
0.691882, 2.50179, 1.10097, 3.6961, 5.15224, 2.90968, 0.209751, 2.91794, 0.060074, 0.309773, 3.8396, 5.11563, 2.86593, 3.60676, 3.86763, 4.32899, 0.198661, 1.7746, 4.22119, 1.99412, 5.38468, 4.1373, 0.43926, 4.90804, 2.46946, 2.61013, 1.45196, 0.763453, 4.92942, 0.361589, 2.79288, 1.76683, 2.75602, 0.482658, 0.337034, 2.00814, 5.00625, 2.62353, 0.286375, 4.17936
0.690943, 2.49629, 1.09381, 3.69093, 5.15637, 2.91709, 0.209192, 2.91836, 0.0733025, 0.306067, 3.84385, 5.12577, 2.87235, 3.61582, 3.87666, 4.33535, 0.193974, 1.7687, 4.23245, 1.99583, 5.3915, 4.14425, 0.446256, 4.92201, 2.47213, 2.60907, 1.45074, 0.743183, 4.93109, 0.368826, 2.79989, 1.76433, 2.76365, 0.477717, 0.32706, 1.99783, 5.00423, 2.63021, 0.287503, 4.17663
0.689, 2.48942, 1.08284, 3.68172, 5.15275, 2.92029, 0.211279, 2.92128, 0.0892939, 0.300492, 3.84341, 5.13169, 2.87717, 3.62808, 3.89121, 4.34302, 0.192178, 1.7651, 4.24814, 1.99283, 5.3994, 4.14969, 0.453387, 4.93814, 2.47714, 2.61003, 1.44927, 0.723008, 4.9368, 0.378296, 2.80409, 1.76126, 2.77065, 0.472848, 0.316608, 1.98879, 5.00066, 2.63694, 0.287093, 4.17925
0.683769, 2.48495, 1.07591, 3.67557, 5.14929, 2.92849, 0.213181, 2.92818, 0.102589, 0.295725, 3.84649, 5.14014, 2.87581, 3.63671, 3.90234, 4.35548, 0.189451, 1.76644, 4.26341, 1.99467, 5.39893, 4.15119, 0.457804, 4.95636, 2.48399, 2.60481, 1.45099, 0.702429, 4.94441, 0.389226, 2.80664, 1.76246, 2.77316, 0.472485, 0.313289, 1.98156, 4.99623, 2.64119, 0.287919, 4.17863
0.678517, 2.48231, 1.07135, 3.66762, 5.14778, 2.93945, 0.211116, 2.93066, 0.120589, 0.287293, 3.85105, 5.14805, 2.88309, 3.64914, 3.91468, 4.36741, 0.187184, 1.76903, 4.2725, 1.99941, 5.40179, 4.1568, 0.464406, 4.96851, 2.49396, 2.60213, 1.45129, 0.678452, 4.95214, 0.397438, 2.8086, 1.76181, 2.78056, 0.46904, 0.30371, 1.97312, 4.99612, 2.6402, 0.287073, 4.1824
0.674397, 2.47716, 1.06534, 3.66107, 5.14904, 2.9481, 0.20938, 2.93539, 0.137261, 0.27937, 3.85441, 5.15635, 2.88665, 3.6637, 3.92221, 4.37784, 0.187596, 1.77574, 4.28739, 2.00226, 5.40557, 4.1627, 0.471917, 4.98338, 2.50596, 2.59492, 1.4535, 0.658039, 4.96029, 0.410564, 2.8085, 1.76461, 2.78544, 0.465152, 0.298311, 1.96509, 4.99034, 2.64182, 0.288562, 4.1843
0.674412, 2.47182, 1.0598, 3.65316, 5.15004, 2.95589, 0.204644, 2.93461, 0.15517, 0.27263, 3.86227, 5.16629, 2.88775, 3.67824, 3.92975, 4.38798, 0.189325, 1.78202, 4.3017, 2.00017, 5.40949, 4.1689, 0.482824, 4.99809, 2.516, 2.58827, 1.45666, 0.634946, 4.96519, 0.423882, 2.80988, 1.76202, 2.78826, 0.460281, 0.288031, 1.95806, 4.9851, 2.64359, 0.288185, 4.18999
0.675074, 2.46441, 1.05277, 3.64613, 5.14705, 2.96402, 0.199161, 2.93328, 0.171612, 0.267004, 3.86702, 5.17202, 2.88918, 3.697, 3.93856, 4.39583, 0.193392, 1.78857, 4.31159, 1.99841, 5.40824, 4.17432, 0.490365, 5.01369, 2.52287, 2.58353, 1.46171, 0.612605, 4.97282, 0.434756, 2.80569, 1.75896, 2.79243, 0.454568, 0.273552, 1.94949, 4.97401, 2.64591, 0.288628, 4.19546
0.678034, 2.45868, 1.04619, 3.63651, 5.14467, 2.97366, 0.196576, 2.93218, 0.186626, 0.262846, 3.87011, 5.18409, 2.8908, 3.71635, 3.94795, 4.40223, 0.196239, 1.7923, 4.31963, 1.99649, 5.40745, 4.17883, 0.495168, 5.03088, 2.52794, 2.5756, 1.46459, 0.587993, 4.97974, 0.444487, 2.80683, 1.75524, 2.7974, 0.454267, 0.258699, 1.93984, 4.96505, 2.64578, 0.292368, 4.19999
0.682281, 2.45476, 1.03815, 3.62908, 5.14218, 2.98152, 0.192571, 2.92877, 0.204021, 0.26138, 3.8728, 5.19268, 2.89035, 3.73597, 3.95742, 4.40585, 0.198668, 1.79237, 4.32579, 1.99128, 5.40378, 4.18307, 0.500026, 5.04335, 2.53381, 2.56422, 1.46811, 0.561552, 4.98412, 0.456587, 2.80388, 1.75129, 2.79952, 0.451179, 0.242614, 1.93275, 4.95648, 2.64738, 0.294292, 4.20466
0.681441, 2.44746, 1.03165, 3.62012, 5.14133, 2.99076, 0.188981, 2.922, 0.222936, 0.257542, 3.87471, 5.20214, 2.88832, 3.75628, 3.96692, 4.40736, 0.203386, 1.79601, 4.33156, 1.98495, 5.39794, 4.18265, 0.502541, 5.05813, 2.53747, 2.55044, 1.46985, 0.535011, 4.99118, 0.464674, 2.80158, 1.74702, 2.80074, 0.45207, 0.228271, 1.9247, 4.94615, 2.64541, 0.292869, 4.20874
0.680086, 2.44109, 1.02563, 3.60738, 5.13732, 3.00062, 0.189329, 2.91848, 0.242104, 0.255598, 3.87957, 5.20961, 2.8871, 3.77935, 3.97663, 4.40968, 0.209011, 1.7999, 4.33686, 1.98312, 5.39486, 4.18302, 0.506089, 5.07479, 2.54054, 2.53761, 1.47106, 0.510455, 4.99634, 0.477366, 2.79919, 1.74077, 2.79918, 0.449239, 0.212174, 1.91613, 4.93788, 2.6411, 0.290829, 4.21402
0.678548, 2.43685, 1.01997, 3.59711, 5.13482, 3.01005, 0.191014, 2.91528, 0.260694, 0.25071, 3.88726, 5.21586, 2.88395, 3.80006, 3.98696, 4.41028, 0.213386, 1.80635, 4.33648, 1.97831, 5.39421, 4.18299, 0.50736, 5.09115, 2.54182, 2.5223, 1.4732, 0.484182, 5.00031, 0.485842, 2.79572, 1.73769, 2.79902, 0.451334, 0.19422, 1.90869, 4.92853, 2.64013, 0.289374, 4.22065
0.680287, 2.43626, 1.01619, 3.58505, 5.13923, 3.01746, 0.191656, 2.91112, 0.280944, 0.245112, 3.89274, 5.22139, 2.88047, 3.81964, 4.00084, 4.41306, 0.220695, 1.81428, 4.3373, 1.97328, 5.39329, 4.18295, 0.511683, 5.1071, 2.54393, 2.51052, 1.47469, 0.45866, 5.0057, 0.497378, 2.79638, 1.73248, 2.79834, 0.455241, 0.177977, 1.90295, 4.91813, 2.63597, 0.286163, 4.22574
0.6806, 2.42997, 1.01232, 3.57296, 5.14221, 3.02447, 0.193544, 2.90814, 0.299636, 0.237585, 3.89926, 5.2248, 2.87709, 3.83817, 4.01474, 4.41664, 0.232099, 1.82491, 4.33698, 1.97, 5.39429, 4.18041, 0.514549, 5.12379, 2.54828, 2.49735, 1.47948, 0.432874, 5.00666, 0.507927, 2.79824, 1.72886, 2.79787, 0.458926, 0.160184, 1.90205, 4.90898, 2.63169, 0.283626, 4.23327
0.681399, 2.42594, 1.00784, 3.5621, 5.14316, 3.02772, 0.196169, 2.90191, 0.315502, 0.231215, 3.9046, 5.23241, 2.87281, 3.85611, 4.02803, 4.41963, 0.241581, 1.83636, 4.3363, 1.96415, 5.39319, 4.18035, 0.516293, 5.1406, 2.55094, 2.48367, 1.48213, 0.408413, 5.00886, 0.520952, 2.79986, 1.72425, 2.79958, 0.459561, 0.14532, 1.90042, 4.89807, 2.6266, 0.284161, 4.23781
0.683433, 2.42209, 1.00509, 3.55486, 5.14595, 3.0314, 0.198579, 2.89673, 0.334696, 0.225809, 3.91267, 5.24048, 2.86871, 3.87448, 4.04001, 4.42216, 0.251083, 1.8464, 4.33661, 1.95921, 5.39256, 4.17774, 0.519549, 5.15595, 2.5537, 2.46735, 1.48567, 0.384105, 5.01149, 0.536045, 2.79961, 1.71567, 2.79927, 0.459968, 0.129337, 1.89957, 4.88977, 2.62156, 0.284439, 4.24233
0.68876, 2.4197, 1.00396, 3.54906, 5.14631, 3.0339, 0.2003, 2.89356, 0.355083, 0.218402, 3.92037, 5.24808, 2.86571, 3.89212, 4.05635, 4.42517, 0.260489, 1.85578, 4.33431, 1.95465, 5.38905, 4.17731, 0.522617, 5.17208, 2.55638, 2.45176, 1.48787, 0.361824, 5.01423, 0.552117, 2.79868, 1.70875, 2.80009, 0.459168, 0.114269, 1.89803, 4.88092, 2.61668, 0.283621, 4.24694
0.693397, 2.4135, 1.00312, 3.54322, 5.14725, 3.03917, 0.202307, 2.8908, 0.375962, 0.212256, 3.92777, 5.2552, 2.8633, 3.9112, 4.07047, 4.43017, 0.269505, 1.86597, 4.33433, 1.94838, 5.38564, 4.17724, 0.526699, 5.18944, 2.55882, 2.43758, 1.48955, 0.337908, 5.01641, 0.567098, 2.79875, 1.70196, 2.80293, 0.460043, 0.0989023, 1.89455, 4.87086, 2.61329, 0.283853, 4.25009
0.694017, 2.40829, 1.00147, 3.53702, 5.14862, 3.04504, 0.203698, 2.88928, 0.394108, 0.205355, 3.93502, 5.26424, 2.86044, 3.92954, 4.08411, 4.43404, 0.278, 1.87333, 4.33077, 1.94253, 5.38375, 4.17793, 0.527741, 5.20766, 2.56215, 2.42251, 1.49053, 0.314833, 5.01818, 0.581989, 2.79813, 1.69449, 2.80263, 0.461681, 0.0812006, 1.89227, 4.86106, 2.61127, 0.283565, 4.25549
0.697441, 2.40344, 1.00073, 3.52985, 5.14962, 3.05017, 0.20804, 2.8866, 0.412036, 0.19582, 3.94305, 5.27356, 2.85901, 3.94839, 4.097, 4.43629, 0.287862, 1.88113, 4.32701, 1.93864, 5.38002, 4.17935, 0.529532, 5.22443, 2.56656, 2.40909, 1.49034, 0.29189, 5.02135, 0.596281, 2.79713, 1.68404, 2.80367, 0.465228, 0.0627792, 1.88975, 4.85059, 2.60989, 0.285305, 4.26128
0.700977, 2.39834, 0.999278, 3.52322, 5.1517, 3.0548, 0.214356, 2.88378, 0.429208, 0.189047, 3.95065, 5.28358, 2.85799, 3.96619, 4.111, 4.43879, 0.298432, 1.88989, 4.32387, 1.93602, 5.37561, 4.18056, 0.534669, 5.24331, 2.57074, 2.3934, 1.48869, 0.267985, 5.02256, 0.608704, 2.79564, 1.67258, 2.80426, 0.469717, 0.0446369, 1.88698, 4.8391, 2.60754, 0.287896, 4.26681
0.705674, 2.39237, 0.997814, 3.51742, 5.15381, 3.0587, 0.221491, 2.88239, 0.447704, 0.181963, 3.9566, 5.29561, 2.85462, 3.98309, 4.12288, 4.4414, 0.307927, 1.89817, 4.32324, 1.93188, 5.37098, 4.17871, 0.538093, 5.26013, 2.57585, 2.37839, 1.48595, 0.246242, 5.02306, 0.621602, 2.79256, 1.66195, 2.80558, 0.473299, 0.0277109, 1.88679, 4.82939, 2.60571, 0.290044, 4.2737
0.707794, 2.38832, 0.995202, 3.51282, 5.15583, 3.06304, 0.228712, 2.88029, 0.467475, 0.174202, 3.96526, 5.30749, 2.85082, 4.00065, 4.13571, 4.44175, 0.317385, 1.90599, 4.32142, 1.92696, 5.36587, 4.17681, 0.540673, 5.27637, 2.58036, 2.36276, 1.48215, 0.22356, 5.02186, 0.635487, 2.78876, 1.65232, 2.80776, 0.475972, 0.00916594, 1.88697, 4.817, 2.60507, 0.290607, 4.27624
0.712103, 2.38413, 0.993604, 3.50649, 5.15838, 3.06898, 0.234743, 2.87766, 0.486068, 0.167321, 3.97369, 5.31972, 2.84784, 4.0183, 4.14817, 4.44333, 0.325409, 1.91307, 4.31899, 1.92465, 5.35947, 4.17368, 0.545432, 5.29278, 2.58449, 2.34756, 1.4778, 0.200661, 5.02101, 0.648203, 2.78483, 1.64206, 2.80998, 0.479493, -0.0089739, 1.88814, 4.80534, 2.60321, 0.291202, 4.28117
0.716027, 2.37938, 0.992148, 3.50164, 5.16079, 3.07441, 0.240597, 2.87425, 0.504634, 0.160227, 3.98275, 5.33183, 2.84536, 4.03789, 4.16109, 4.44394, 0.333402, 1.92135, 4.31668, 1.92102, 5.35342, 4.17014, 0.548731, 5.30875, 2.58923, 2.33077, 1.47212, 0.177754, 5.01849, 0.66152, 2.77967, 1.63211, 2.81167, 0.484464, 0.00864967, 1.88784, 4.79428, 2.60083, 0.292406, 4.28655
0.720166, 2.37359, 0.991485, 3.49629, 5.16374, 3.07855, 0.246821, 2.87131, 0.523841, 0.15298, 3.99068, 5.34334, 2.84164, 4.05553, 4.17318, 4.4441, 0.341984, 1.93029, 4.31432, 1.9171, 5.34749, 4.1669, 0.549943, 5.32445, 2.59446, 2.31324, 1.46583, 0.156458, 5.01594, 0.675652, 2.77604, 1.62273, 2.81395, 0.488778, 0.025639, 1.88869, 4.78311, 2.59934, 0.294421, 4.29192
0.722546, 2.36825, 0.991314, 3.49107, 5.16674, 3.08356, 0.251567, 2.86812, 0.544619, 0.146012, 3.99847, 5.3555, 2.83923, 4.07302, 4.18527, 4.44376, 0.350839, 1.93887, 4.31104, 1.91234, 5.34299, 4.16291, 0.552183, 5.34028, 2.59848, 2.29658, 1.45972, 0.133787, 5.0143, 0.688869, 2.77174, 1.61415, 2.81419, 0.494032, 0.0431641, 1.88861, 4.77297, 2.59873, 0.297914, 4.2973
0.726475, 2.36382, 0.990549, 3.48659, 5.1696, 3.08933, 0.257644, 2.86463, 0.564974, 0.137607, 4.00604, 5.36754, 2.83703, 4.09091, 4.19712, 4.4435, 0.359258, 1.94793, 4.3084, 1.90662, 5.33649, 4.15931, 0.553093, 5.35787, 2.60357, 2.27901, 1.45355, 0.110783, 5.01232, 0.702859, 2.76733, 1.60477, 2.81542, 0.499886, 0.0598661, 1.88941, 4.76204, 2.59713, 0.302085, 4.30415
0.731611, 2.36001, 0.990719, 3.48165, 5.17353, 3.0949, 0.264496, 2.86338, 0.585442, 0.129837, 4.01309, 5.37923, 2.8353, 4.10802, 4.20863, 4.44204, 0.366953, 1.95589, 4.30544, 1.90053, 5.33133, 4.15724, 0.555212, 5.37413, 2.60747, 2.261, 1.44615, 0.0868022, 5.00995, 0.716516, 2.76288, 1.5958, 2.81738, 0.506317, 0.0767412, 1.88901, 4.75129, 2.59531, 0.304828, 4.30881
0.736484, 2.35606, 0.990355, 3.47661, 5.17828, 3.10152, 0.269742, 2.86308, 0.60564, 0.121272, 4.01973, 5.39159, 2.83255, 4.12623, 4.22021, 4.44073, 0.375458, 1.96544, 4.30078, 1.89476, 5.32685, 4.15405, 0.556901, 5.3901, 2.61196, 2.24348, 1.43837, 0.0624994, 5.00777, 0.729679, 2.75836, 1.58646, 2.81927, 0.512488, 0.0942346, 1.88918, 4.73955, 2.5931, 0.307792, 4.31395
0.740755, 2.35176, 0.989977, 3.47062, 5.18345, 3.10777, 0.275412, 2.86126, 0.626946, 0.111997, 4.0276, 5.40309, 2.83086, 4.14322, 4.23136, 4.43821, 0.383639, 1.97536, 4.29622, 1.89113, 5.32285, 4.15023, 0.559036, 5.4047, 2.61512, 2.22465, 1.43078, 0.0388904, 5.00575, 0.742638, 2.75423, 1.57675, 2.82035, 0.519038, 0.111992, 1.88768, 4.72897, 2.59112, 0.310604, 4.31897
0.744963, 2.34702, 0.990104, 3.46476, 5.1878, 3.11336, 0.280274, 2.86022, 0.647838, 0.102662, 4.03634, 5.41517, 2.82876, 4.16129, 4.24061, 4.43622, 0.391501, 1.98537, 4.29271, 1.88644, 5.3176, 4.14781, 0.559972, 5.42024, 2.6181, 2.20521, 1.42338, 0.0133031, 5.00563, 0.755975, 2.74972, 1.56626, 2.82095, 0.525209, 0.129923, 1.88589, 4.71732, 2.59019, 0.313951, 4.32374
0.748586, 2.34316, 0.991104, 3.45891, 5.19192, 3.12014, 0.285185, 2.85937, 0.669571, 0.09293, 4.04496, 5.42753, 2.82708, 4.17872, 4.24912, 4.43385, 0.399808, 1.99537, 4.28799, 1.88301, 5.31253, 4.14563, 0.561306, 5.43458, 2.62128, 2.18617, 1.41543, -0.0106225, 5.00452, 0.768895, 2.74433, 1.55564, 2.82113, 0.530718, 0.146811, 1.88349, 4.7076, 2.59003, 0.317024, 4.3287
0.752774, 2.33852, 0.991893, 3.45282, 5.19523, 3.12663, 0.291295, 2.85861, 0.691248, 0.0829861, 4.05272, 5.4396, 2.82484, 4.19589, 4.25777, 4.43113, 0.407636, 2.00575, 4.28384, 1.87933, 5.30801, 4.14293, 0.562175, 5.44937, 2.62409, 2.16649, 1.40867, 0.0132182, 5.00245, 0.782574, 2.73886, 1.54503, 2.82103, 0.535405, 0.163356, 1.88245, 4.6975, 2.589, 0.319619, 4.33416
0.756043, 2.33379, 0.992389, 3.44686, 5.19845, 3.1333, 0.296472, 2.85717, 0.71345, 0.0727599, 4.05964, 5.45163, 2.82284, 4.21288, 4.26656, 4.42885, 0.415078, 2.01614, 4.27868, 1.87608, 5.3035, 4.13996, 0.562391, 5.46403, 2.62727, 2.14726, 1.40194, 0.0373945, 5.00017, 0.797082, 2.73456, 1.5341, 2.82049, 0.540411, 0.178284, 1.88162, 4.68893, 2.58881, 0.323077, 4.33839
0.758835, 2.32932, 0.992681, 3.44178, 5.20197, 3.14028, 0.301571, 2.85501, 0.735538, 0.0630135, 4.06711, 5.46309, 2.82109, 4.2311, 4.27603, 4.42618, 0.422155, 2.02662, 4.27373, 1.87217, 5.2988, 4.13586, 0.564406, 5.47767, 2.62912, 2.12739, 1.39494, 0.0613065, 4.99818, 0.811834, 2.73025, 1.52283, 2.81923, 0.544544, 0.194332, 1.88023, 4.68011, 2.58832, 0.32591, 4.34272
0.762124, 2.32395, 0.993163, 3.43531, 5.20475, 3.14762, 0.307413, 2.85321, 0.757139, 0.0528528, 4.07486, 5.4742, 2.81901, 4.24733, 4.28465, 4.42381, 0.429562, 2.03666, 4.26931, 1.86813, 5.29414, 4.13108, 0.565368, 5.46359, 2.63057, 2.10727, 1.38746, 0.0853748, 4.99622, 0.826733, 2.72554, 1.5125, 2.81805, 0.549345, 0.210298, 1.8794, 4.67116, 2.58806, 0.32887, 4.34657
0.765089, 2.31953, 0.994181, 3.4289, 5.209, 3.15548, 0.313639, 2.85144, 0.77899, 0.0433248, 4.08281, 5.48582, 2.81718, 4.2635, 4.29374, 4.4213, 0.436658, 2.04642, 4.26515, 1.86376, 5.28987, 4.12659, 0.566609, 5.44998, 2.63292, 2.08758, 1.38057, 0.109663, 4.99433, 0.841619, 2.7208, 1.50245, 2.81719, 0.555343, 0.22589, 1.87866, 4.66186, 2.5871, 0.331496, 4.35056
0.768214, 2.31534, 0.994314, 3.423, 5.213, 3.16256, 0.319408, 2.85072, 0.799918, 0.0331247, 4.09018, 5.47428, 2.81543, 4.28011, 4.30375, 4.41819, 0.444094, 2.05597, 4.26143, 1.85902, 5.28525, 4.12141, 0.567737, 5.43617, 2.63456, 2.06803, 1.37381, 0.134559, 4.99192, 0.856694, 2.71645, 1.49194, 2.81623, 0.561425, 0.241694, 1.87908, 4.65152, 2.58648, 0.333909, 4.35455
0.77156, 2.31179, 0.994782, 3.41722, 5.21754, 3.16979, 0.324637, 2.84981, 0.821281, 0.022898, 4.09801, 5.46237, 2.81298, 4.29743, 4.31341, 4.41554, 0.451036, 2.06531, 4.25749, 1.85417, 5.28106, 4.11642, 0.569004, 5.42296, 2.63637, 2.04811, 1.36734, 0.158595, 4.98992, 0.871906, 2.71203, 1.48225, 2.81582, 0.566871, 0.257348, 1.87914, 4.64188, 2.58505, 0.336205, 4.3585
0.774839, 2.30816, 0.995104, 3.41117, 5.2217, 3.17691, 0.329769, 2.84849, 0.842762, 0.0118147, 4.10553, 5.45096, 2.81039, 4.31436, 4.32263, 4.4131, 0.459081, 2.07465, 4.2539, 1.8496, 5.27753, 4.11152, 0.570446, 5.40984, 2.63877, 2.02768, 1.36061, 0.182926, 4.98775, 0.886848, 2.70728, 1.47255, 2.81571, 0.572841, 0.273381, 1.87938, 4.63256, 2.58408, 0.338497, 4.36272
0.777761, 2.30431, 0.995473, 3.40522, 5.2265, 3.18401, 0.335346, 2.84726, 0.864086, 0.000774065, 4.11338, 5.44028, 2.80807, 4.33119, 4.33161, 4.41121, 0.466594, 2.08342, 4.25027, 1.84559, 5.27386, 4.10656, 0.572239, 5.39739, 2.64036, 2.00782, 1.35342, 0.206797, 4.98593, 0.902086, 2.70271, 1.46356, 2.81514, 0.578251, 0.288569, 1.87998, 4.62277, 2.58289, 0.340115, 4.3664
0.78146, 2.30078, 0.995144, 3.39897, 5.23122, 3.19169, 0.340066, 2.84695, 0.885765, -0.0107191, 4.12057, 5.42929, 2.80565, 4.34809, 4.3403, 4.40986, 0.473643, 2.0928, 4.24629, 1.84092, 5.27023, 4.10154, 0.57336, 5.38525, 2.64192, 1.98786, 1.34644, 0.230359, 4.98441, 0.917578, 2.69732, 1.45456, 2.81455, 0.583618, 0.304196, 1.88065, 4.61285, 2.58142, 0.341428, 4.36985
0.784192, 2.29697, 0.995443, 3.39358, 5.23618, 3.19933, 0.345321, 2.84644, 0.907527, 0.000462943, 4.12753, 5.41842, 2.80314, 4.36462, 4.34961, 4.40796, 0.480574, 2.10187, 4.24268, 1.83657, 5.26634, 4.09635, 0.57539, 5.37297, 2.64346, 1.96758, 1.33917, 0.253825, 4.98305, 0.932565, 2.69226, 1.44534, 2.81433, 0.588189, 0.319552, 1.88172, 4.60275, 2.58039, 0.343166, 4.37301
0.787355, 2.29323, 0.995403, 3.38798, 5.24056, 3.20701, 0.350535, 2.84623, 0.928817, 0.0112035, 4.13415, 5.40743, 2.80054, 4.38115, 4.3581, 4.40612, 0.487011, 2.11101, 4.23939, 1.83186, 5.26277, 4.09105, 0.576838, 5.36036, 2.6457, 1.94748, 1.33202, 0.277785, 4.98149, 0.948075, 2.68726, 1.43627, 2.81426, 0.593087, 0.334697, 1.88274, 4.59273, 2.57943, 0.344752, 4.37661
0.790381, 2.28984, 0.994971, 3.38222, 5.24476, 3.21448, 0.355297, 2.84604, 0.950831, 0.0220796, 4.14062, 5.39673, 2.7983, 4.39752, 4.36646, 4.40464, 0.493755, 2.12036, 4.23564, 1.82756, 5.25912, 4.08595, 0.578459, 5.34849, 2.64755, 1.9271, 1.32454, 0.301865, 4.97999, 0.963538, 2.68164, 1.42793, 2.81423, 0.597947, 0.34991, 1.88424, 4.58283, 2.57871, 0.346581, 4.37997
0.793694, 2.28672, 0.995047, 3.37689, 5.24902, 3.22209, 0.360655, 2.84584, 0.972932, 0.0333935, 4.14686, 5.3859, 2.7963, 4.41365, 4.37485, 4.40276, 0.50017, 2.13028, 4.23205, 1.82357, 5.25564, 4.08118, 0.580147, 5.33638, 2.64886, 1.90731, 1.31758, 0.326268, 4.97773, 0.978652, 2.67628, 1.41908, 2.81409, 0.602227, 0.36575, 1.88546, 4.57317, 2.57809, 0.347756, 4.38355
0.796497, 2.28338, 0.994569, 3.37147, 5.25346, 3.22969, 0.365672, 2.84613, 0.994973, 0.0443739, 4.15327, 5.37529, 2.7936, 4.43008, 4.38333, 4.40095, 0.506232, 2.1399, 4.22865, 1.81973, 5.25169, 4.07615, 0.582452, 5.32423, 2.65074, 1.8876, 1.3105, 0.35042, 4.97547, 0.994313, 2.67134, 1.41021, 2.81348, 0.606993, 0.381457, 1.88648, 4.56338, 2.57726, 0.349148, 4.38752
0.799174, 2.28075, 0.994466, 3.36617, 5.25798, 3.2372, 0.370855, 2.84572, 1.01693, 0.0554407, 4.15969, 5.36472, 2.79134, 4.4461, 4.39198, 4.39928, 0.512669, 2.14961, 4.2247, 1.81591, 5.24807, 4.07095, 0.584903, 5.31235, 2.65213, 1.8677, 1.30345, 0.37462, 4.97354, 1.00951, 2.6663, 1.40117, 2.81295, 0.611346, 0.397038, 1.8873, 4.55383, 2.57664, 0.350444, 4.39054
0.802078, 2.27755, 0.994022, 3.36034, 5.26236, 3.24441, 0.376442, 2.84585, 1.03885, 0.0664285, 4.16647, 5.3539, 2.78905, 4.46252, 4.40075, 4.39785, 0.51932, 2.15912, 4.22088, 1.81243, 5.24428, 4.066, 0.587208, 5.3004, 2.65343, 1.8476, 1.29635, 0.399057, 4.97157, 1.02469, 2.66139, 1.39166, 2.81237, 0.615645, 0.412297, 1.88832, 4.54443, 2.57624, 0.351387, 4.39379
0.804608, 2.27421, 0.994169, 3.35466, 5.26712, 3.25198, 0.382276, 2.84575, 1.06078, 0.0774106, 4.17377, 5.34305, 2.7865, 4.47885, 4.40985, 4.39555, 0.52595, 2.16866, 4.21699, 1.80876, 5.24002, 4.06095, 0.589858, 5.28916, 2.65428, 1.82783, 1.28949, 0.422811, 4.96951, 1.03998, 2.65667, 1.38233, 2.81169, 0.619791, 0.427711, 1.88917, 4.53535, 2.57568, 0.352562, 4.39748
0.807142, 2.27081, 0.994471, 3.34886, 5.27167, 3.25934, 0.387803, 2.84567, 1.08267, 0.0885923, 4.18056, 5.33259, 2.78397, 4.49526, 4.41876, 4.39336, 0.532682, 2.17849, 4.21343, 1.80536, 5.23549, 4.05596, 0.592405, 5.27777, 2.65503, 1.80788, 1.28269, 0.446631, 4.96776, 1.0556, 2.65161, 1.37316, 2.81099, 0.62422, 0.442681, 1.89037, 4.52613, 2.57523, 0.353943, 4.40123
0.809434, 2.26759, 0.994743, 3.34349, 5.27631, 3.26741, 0.393382, 2.84571, 1.10474, 0.0994563, 4.1873, 5.32176, 2.7814, 4.51153, 4.42799, 4.39129, 0.538892, 2.18801, 4.20978, 1.80146, 5.23119, 4.05118, 0.594495, 5.26629, 2.65604, 1.78784, 1.27595, 0.470142, 4.96605, 1.07142, 2.64631, 1.36389, 2.81003, 0.628671, 0.458036, 1.89143, 4.51712, 2.57491, 0.354858, 4.40488
0.811871, 2.26515, 0.994817, 3.33807, 5.28122, 3.27558, 0.399193, 2.84573, 1.12675, 0.110468, 4.19413, 5.31072, 2.77867, 4.52826, 4.43722, 4.38904, 0.545355, 2.19737, 4.20611, 1.79748, 5.22715, 4.04624, 0.596848, 5.25479, 2.65701, 1.76763, 1.26913, 0.49362, 4.96431, 1.08729, 2.64133, 1.35469, 2.80883, 0.633377, 0.473943, 1.8929, 4.50774, 2.57487, 0.355701, 4.40906
0.813737, 2.26243, 0.995262, 3.33222, 5.28546, 3.28338, 0.405183, 2.84565, 1.14884, 0.121491, 4.20114, 5.29993, 2.77616, 4.54493, 4.44667, 4.38662, 0.551799, 2.20705, 4.20259, 1.79355, 5.22302, 4.04103, 0.599179, 5.24323, 2.65801, 1.74763, 1.26215, 0.517326, 4.96238, 1.10266, 2.63606, 1.34569, 2.80751, 0.638059, 0.489593, 1.89395, 4.49832, 2.57459, 0.35708, 4.41309
0.815854, 2.26002, 0.995617, 3.32627, 5.28965, 3.29145, 0.411086, 2.84543, 1.171, 0.132858, 4.20812, 5.28955, 2.77338, 4.5619, 4.45604, 4.38444, 0.558259, 2.21685, 4.19898, 1.78934, 5.21925, 4.0357, 0.601566, 5.23171, 2.65919, 1.72758, 1.25499, 0.540732, 4.96048, 1.11818, 2.63077, 1.33645, 2.80627, 0.642678, 0.505092, 1.89493, 4.48864, 2.57441, 0.358547, 4.41714
0.818035, 2.25737, 0.99579, 3.32054, 5.29416, 3.29933, 0.417024, 2.84531, 1.1929, 0.144212, 4.21483, 5.27913, 2.77079, 4.57878, 4.46506, 4.38211, 0.564655, 2.22669, 4.19561, 1.78511, 5.21533, 4.03069, 0.604181, 5.22021, 2.66057, 1.70759, 1.24808, 0.564174, 4.95872, 1.13396, 2.62527, 1.32715, 2.80514, 0.64732, 0.52004, 1.89582, 4.47917, 2.57426, 0.359974, 4.42106
0.820067, 2.25486, 0.995863, 3.31469, 5.29844, 3.30714, 0.42305, 2.84484, 1.21471, 0.155727, 4.22134, 5.26849, 2.76811, 4.5955, 4.47379, 4.38003, 0.571048, 2.23615, 4.19204, 1.78097, 5.21164, 4.02553, 0.606784, 5.2086, 2.66189, 1.6875, 1.2411, 0.587731, 4.95695, 1.15006, 2.61982, 1.31781, 2.80397, 0.652145, 0.535055, 1.89653, 4.46977, 2.5745, 0.361519, 4.42516
0.821798, 2.25246, 0.995899, 3.30894, 5.30259, 3.31513, 0.429034, 2.84448, 1.23665, 0.167131, 4.22825, 5.25795, 2.76536, 4.61226, 4.48256, 4.37814, 0.577589, 2.24584, 4.18872, 1.77673, 5.20785, 4.02056, 0.609264, 5.19678, 2.66314, 1.6674, 1.23435, 0.611554, 4.9551, 1.16594, 2.61411, 1.30866, 2.80271, 0.65708, 0.550035, 1.89729, 4.4602, 2.57443, 0.362936, 4.42921
0.823844, 2.25007, 0.99617, 3.30337, 5.30676, 3.3232, 0.435075, 2.84397, 1.25859, 0.178652, 4.23481, 5.24736, 2.76219, 4.62898, 4.49105, 4.37592, 0.583949, 2.25553, 4.18532, 1.77251, 5.20394, 4.01559, 0.611813, 5.18505, 2.66444, 1.64724, 1.22755, 0.635488, 4.95308, 1.18193, 2.60813, 1.2992, 2.80134, 0.662012, 0.565228, 1.89835, 4.4508, 2.57444, 0.364439, 4.43347
0.825782, 2.24791, 0.996307, 3.29778, 5.31118, 3.3312, 0.441226, 2.84345, 1.28052, 0.190383, 4.24154, 5.23674, 2.75892, 4.64561, 4.49961, 4.37395, 0.590426, 2.26537, 4.18184, 1.7679, 5.20022, 4.01052, 0.614532, 5.17327, 2.6656, 1.6273, 1.22086, 0.659304, 4.95117, 1.19798, 2.60207, 1.28993, 2.79987, 0.666897, 0.58024, 1.89932, 4.44119, 2.57446, 0.365834, 4.43743
0.827695, 2.24554, 0.996564, 3.29209, 5.3155, 3.33911, 0.447331, 2.84278, 1.30242, 0.202141, 4.24836, 5.22584, 2.75565, 4.66235, 4.50828, 4.37193, 0.597018, 2.27519, 4.17818, 1.76366, 5.19625, 4.00559, 0.617225, 5.16149, 2.66686, 1.60695, 1.21422, 0.683197, 4.94911, 1.21428, 2.59579, 1.28062, 2.79845, 0.671907, 0.595526, 1.90015, 4.43186, 2.57426, 0.367323, 4.4416
0.829851, 2.24323, 0.996752, 3.28646, 5.31987, 3.34716, 0.453274, 2.84228, 1.32445, 0.213909, 4.25511, 5.21503, 2.75219, 4.67926, 4.517, 4.36986, 0.60343, 2.28505, 4.17464, 1.75929, 5.19235, 4.00054, 0.61983, 5.14964, 2.66816, 1.58655, 1.20743, 0.70693, 4.94717, 1.23047, 2.58961, 1.27119, 2.79697, 0.676835, 0.610475, 1.90099, 4.42261, 2.574, 0.368654, 4.44574
0.831963, 2.24099, 0.996906, 3.28042, 5.32395, 3.35534, 0.459276, 2.84167, 1.34637, 0.226005, 4.26184, 5.20409, 2.74873, 4.69615, 4.52564, 4.36773, 0.610127, 2.29484, 4.1709, 1.75483, 5.18838, 3.99545, 0.622257, 5.13794, 2.66939, 1.56638, 1.20072, 0.730384, 4.94499, 1.24669, 2.58337, 1.26179, 2.79544, 0.682, 0.62538, 1.90191, 4.41331, 2.57371, 0.369978, 4.44995
0.834127, 2.23865, 0.997148, 3.27435, 5.32816, 3.36341, 0.465396, 2.84122, 1.3683, 0.238043, 4.26843, 5.19322, 2.74546, 4.71277, 4.53417, 4.3656, 0.616618, 2.30449, 4.16699, 1.75046, 5.18461, 3.9902, 0.62469, 5.12606, 2.67037, 1.54612, 1.19401, 0.753992, 4.94302, 1.26297, 2.57711, 1.25239, 2.79402, 0.68708, 0.640229, 1.90266, 4.40402, 2.57353, 0.371449, 4.45439
0.836561, 2.23651, 0.997488, 3.26851, 5.33261, 3.37158, 0.471314, 2.8406, 1.39015, 0.250096, 4.2749, 5.18235, 2.74172, 4.72948, 4.54268, 4.36343, 0.623076, 2.31405, 4.16307, 1.74604, 5.18084, 3.98511, 0.627061, 5.11449, 2.67146, 1.5259, 1.18732, 0.777464, 4.94095, 1.27898, 2.57081, 1.24298, 2.79247, 0.692038, 0.655286, 1.90351, 4.39446, 2.57338, 0.373065, 4.45871
0.838933, 2.23437, 0.997731, 3.26261, 5.33712, 3.37963, 0.47729, 2.83989, 1.41196, 0.261964, 4.28163, 5.17156, 2.73814, 4.74643, 4.5511, 4.36127, 0.629469, 2.32354, 4.15897, 1.74162, 5.17704, 3.98022, 0.629349, 5.10282, 2.67259, 1.50571, 1.18038, 0.801012, 4.93878, 1.29505, 2.56442, 1.23357, 2.79114, 0.69703, 0.670131, 1.90447, 4.38503, 2.57331, 0.374386, 4.46321
0.841311, 2.23227, 0.997929, 3.25668, 5.34166, 3.38759, 0.483295, 2.83916, 1.43377, 0.27391, 4.28825, 5.16092, 2.73458, 4.76331, 4.55947, 4.35918, 0.635895, 2.33327, 4.15511, 1.73709, 5.17313, 3.97523, 0.631581, 5.09123, 2.6737, 1.4855, 1.1737, 0.824523, 4.93658, 1.31095, 2.55802, 1.22418, 2.78975, 0.70208, 0.684947, 1.90532, 4.37548, 2.57307, 0.375649, 4.46749
0.843673, 2.23015, 0.998113, 3.25057, 5.34599, 3.3956, 0.489514, 2.8385, 1.45542, 0.285779, 4.29488, 5.15011, 2.73098, 4.78036, 4.56768, 4.35718, 0.64236, 2.34304, 4.15105, 1.73235, 5.16931, 3.97019, 0.633865, 5.07965, 2.67488, 1.46545, 1.16698, 0.848131, 4.93449, 1.32689, 2.55154, 1.21493, 2.78816, 0.707122, 0.699695, 1.90614, 4.36586, 2.57287, 0.376797, 4.47171
0.846029, 2.22822, 0.99835, 3.24448, 5.35021, 3.40342, 0.495719, 2.83796, 1.47715, 0.297616, 4.30152, 5.1393, 2.72745, 4.79719, 4.57592, 4.35514, 0.648647, 2.35281, 4.14689, 1.72771, 5.16556, 3.96537, 0.635976, 5.06806, 2.67579, 1.44525, 1.16032, 0.871543, 4.93246, 1.34271, 2.54514, 1.20563, 2.78652, 0.712227, 0.7145, 1.90712, 4.35625, 2.57234, 0.377805, 4.47597
0.848278, 2.22629, 0.998669, 3.23849, 5.35454, 3.41135, 0.501863, 2.8374, 1.49872, 0.309414, 4.30812, 5.12858, 2.72387, 4.81398, 4.58425, 4.35309, 0.655043, 2.36266, 4.14267, 1.72304, 5.16185, 3.96065, 0.638093, 5.05645, 2.67676, 1.42499, 1.15374, 0.894971, 4.93036, 1.35875, 2.53871, 1.19621, 2.78478, 0.717162, 0.72921, 1.90804, 4.34673, 2.57186, 0.37881, 4.48022
0.850495, 2.22438, 0.998858, 3.23248, 5.35896, 3.41922, 0.507931, 2.83674, 1.52037, 0.321216, 4.31472, 5.11772, 2.72037, 4.83086, 4.59275, 4.35111, 0.661447, 2.37249, 4.13836, 1.71861, 5.15825, 3.95593, 0.64022, 5.04477, 2.67764, 1.40476, 1.1471, 0.918292, 4.92836, 1.37475, 2.53224, 1.18686, 2.78314, 0.722035, 0.743816, 1.90897, 4.33722, 2.57142, 0.379665, 4.4845
0.852841, 2.22262, 0.999096, 3.22644, 5.36342, 3.42701, 0.513939, 2.83621, 1.54214, 0.332999, 4.3212, 5.10694, 2.71684, 4.84777, 4.60124, 4.34899, 0.66786, 2.3823, 4.13406, 1.71421, 5.15461, 3.9513, 0.642341, 5.03305, 2.67854, 1.38445, 1.14033, 0.941708, 4.92646, 1.39078, 2.52576, 1.17754, 2.78149, 0.726804, 0.758536, 1.91011, 4.32767, 2.57097, 0.380654, 4.48882
0.85523, 2.22092, 0.999383, 3.2204, 5.36788, 3.43482, 0.519882, 2.83561, 1.56384, 0.34472, 4.32785, 5.09605, 2.71318, 4.8645, 4.60959, 4.34691, 0.674208, 2.39214, 4.12982, 1.70972, 5.15104, 3.94672, 0.644377, 5.02131, 2.67943, 1.36406, 1.13364, 0.965006, 4.92459, 1.40684, 2.51924, 1.16803, 2.7798, 0.731554, 0.773253, 1.91124, 4.31815, 2.57043, 0.381704, 4.49318
0.857604, 2.21935, 0.999453, 3.2143, 5.37237, 3.44254, 0.525828, 2.83488, 1.58568, 0.35662, 4.33452, 5.08515, 2.7097, 4.88128, 4.61793, 4.34486, 0.680445, 2.40197, 4.12557, 1.7052, 5.14744, 3.94213, 0.646475, 5.00972, 2.6804, 1.34361, 1.12685, 0.988204, 4.92259, 1.423, 2.51275, 1.15865, 2.77811, 0.736427, 0.787916, 1.91234, 4.30874, 2.56984, 0.382592, 4.49751
0.860004, 2.21758, 0.999505, 3.20826, 5.37686, 3.45022, 0.53178, 2.83425, 1.60748, 0.368499, 4.3412, 5.07425, 2.70617, 4.89807, 4.62625, 4.3428, 0.686726, 2.41186, 4.12128, 1.70064, 5.1439, 3.93755, 0.648558, 4.99793, 2.68131, 1.32315, 1.12002, 1.0115, 4.92066, 1.43901, 2.50626, 1.1493, 2.77648, 0.741291, 0.802674, 1.91341, 4.29924, 2.5692, 0.383522, 4.50197
0.862351, 2.21583, 0.999572, 3.20219, 5.38135, 3.45805, 0.537837, 2.83351, 1.62922, 0.380458, 4.34778, 5.06331, 2.70268, 4.91481, 4.63456, 4.3407, 0.693021, 2.42158, 4.11694, 1.69611, 5.14029, 3.93295, 0.650726, 4.98618, 2.6822, 1.30265, 1.11318, 1.03489, 4.9189, 1.45512, 2.49982, 1.14, 2.77492, 0.746234, 0.81738, 1.9145, 4.28969, 2.56854, 0.384411, 4.50632
0.864638, 2.21426, 0.999612, 3.19614, 5.38587, 3.46596, 0.543911, 2.83279, 1.65097, 0.392442, 4.35436, 5.05238, 2.69936, 4.93164, 4.64288, 4.33855, 0.69934, 2.43127, 4.11273, 1.69166, 5.13672, 3.92836, 0.652903, 4.97437, 2.68316, 1.28212, 1.10635, 1.05828, 4.9172, 1.47113, 2.49344, 1.13075, 2.77324, 0.751127, 0.832145, 1.91558, 4.28032, 2.56784, 0.385289, 4.51066
0.866998, 2.21264, 0.999786, 3.19006, 5.39044, 3.47377, 0.549906, 2.83213, 1.67269, 0.404473, 4.36096, 5.04138, 2.69588, 4.94831, 4.65122, 4.33647, 0.705703, 2.44094, 4.10848, 1.68712, 5.13317, 3.92383, 0.65512, 4.96263, 2.68411, 1.26158, 1.09948, 1.0816, 4.91537, 1.48717, 2.48708, 1.1215, 2.77162, 0.755913, 0.846999, 1.91665, 4.27081, 2.56728, 0.386068, 4.51496
0.869355, 2.21099, 0.999845, 3.18391, 5.39496, 3.48166, 0.555998, 2.83136, 1.69447, 0.416471, 4.36763, 5.03032, 2.6924, 4.96509, 4.65962, 4.33434, 0.71201, 2.45052, 4.10417, 1.68267, 5.12963, 3.91922, 0.657311, 4.95084, 2.68508, 1.24107, 1.09258, 1.10486, 4.91347, 1.50319, 2.48067, 1.11232, 2.77009, 0.76075, 0.861844, 1.91771, 4.26136, 2.56669, 0.386842, 4.51927
0.871752, 2.20931, 1.00003, 3.17775, 5.39946, 3.48956, 0.562084, 2.83066, 1.71621, 0.428449, 4.37434, 5.01926, 2.68887, 4.98175, 4.66804, 4.33225, 0.71839, 2.46001, 4.09985, 1.67813, 5.12601, 3.91455, 0.659439, 4.939, 2.68613, 1.22049, 1.0857, 1.12813, 4.91156, 1.51914, 2.47427, 1.10312, 2.76845, 0.765594, 0.876732, 1.9188, 4.25186, 2.56612, 0.387657, 4.52358
0.874126, 2.20765, 1.00016, 3.17163, 5.40395, 3.49754, 0.568145, 2.82986, 1.73789, 0.440437, 4.38104, 5.0082, 2.68537, 4.99852, 4.67646, 4.3301, 0.724675, 2.46956, 4.09548, 1.67362, 5.12239, 3.90993, 0.661619, 4.92721, 2.68716, 1.19988, 1.07881, 1.15137, 4.90963, 1.53508, 2.46788, 1.09391, 2.76685, 0.770497, 0.89155, 1.91989, 4.24236, 2.56563, 0.388453, 4.52785
0.876529, 2.20608, 1.00022, 3.16556, 5.40845, 3.50561, 0.574165, 2.82907, 1.75958, 0.452423, 4.38787, 4.99723, 2.68189, 5.0153, 4.68483, 4.32794, 0.731044, 2.47916, 4.09111, 1.66904, 5.11874, 3.90536, 0.663766, 4.91529, 2.68817, 1.17933, 1.07198, 1.17463, 4.90769, 1.551, 2.46145, 1.08476, 2.76519, 0.775404, 0.906379, 1.92097, 4.23287, 2.56514, 0.389242, 4.53216
0.878966, 2.20446, 1.0003, 3.15941, 5.41296, 3.51367, 0.580301, 2.82831, 1.78126, 0.464493, 4.3946, 4.98624, 2.67836, 5.03207, 4.69308, 4.32578, 0.737423, 2.48884, 4.08673, 1.66443, 5.11514, 3.90082, 0.665948, 4.90337, 2.68914, 1.15884, 1.06515, 1.19797, 4.90569, 1.56696, 2.45505, 1.07556, 2.7635, 0.78031, 0.92119, 1.92208, 4.2234, 2.56467, 0.390098, 4.53651
0.881464, 2.20289, 1.0004, 3.15321, 5.41747, 3.52174, 0.586365, 2.82744, 1.80292, 0.476484, 4.40137, 4.97525, 2.67489, 5.04882, 4.70139, 4.32362, 0.743822, 2.49841, 4.08247, 1.65976, 5.11146, 3.89632, 0.668033, 4.89141, 2.6902, 1.1383, 1.05823, 1.22129, 4.90371, 1.58298, 2.44867, 1.06634, 2.76186, 0.785217, 0.936002, 1.92312, 4.21391, 2.56423, 0.390943, 4.54081
0.883885, 2.20133, 1.00048, 3.14703, 5.42199, 3.52987, 0.592423, 2.82661, 1.82451, 0.488515, 4.40806, 4.96427, 2.67137, 5.06555, 4.70966, 4.32141, 0.750212, 2.50802, 4.07815, 1.65515, 5.10771, 3.89178, 0.67008, 4.87945, 2.69125, 1.11776, 1.05135, 1.24456, 4.90172, 1.59892, 2.44222, 1.05713, 2.76019, 0.790063, 0.950809, 1.92422, 4.20447, 2.56371, 0.391779, 4.54515
0.886284, 2.19975, 1.00055, 3.14083, 5.42653, 3.53799, 0.598478, 2.82571, 1.84617, 0.500553, 4.41479, 4.9533, 2.66789, 5.08227, 4.71792, 4.31924, 0.756608, 2.51764, 4.07385, 1.65054, 5.10405, 3.88717, 0.672142, 4.8675, 2.69237, 1.09728, 1.0445, 1.26783, 4.89972, 1.61493, 2.43585, 1.04794, 2.75849, 0.794891, 0.965629, 1.92517, 4.19507, 2.56317, 0.392506, 4.54954
0.888736, 2.1982, 1.00071, 3.13458, 5.43105, 3.54604, 0.604511, 2.82485, 1.86783, 0.512601, 4.42156, 4.94223, 2.66437, 5.09893, 4.72615, 4.31705, 0.76303, 2.52725, 4.06951, 1.64591, 5.10041, 3.88258, 0.674222, 4.85547, 2.69342, 1.07673, 1.03758, 1.29113, 4.89777, 1.63085, 2.4295, 1.03879, 2.75677, 0.799793, 0.980464, 1.92616, 4.18569, 2.56261, 0.393313, 4.55389
0.891191, 2.19667, 1.00084, 3.12834, 5.43555, 3.55414, 0.610537, 2.82396, 1.88952, 0.524593, 4.42837, 4.9312, 2.66086, 5.11556, 4.73442, 4.31487, 0.769416, 2.53687, 4.06517, 1.64134, 5.09672, 3.87804, 0.676306, 4.84347, 2.69451, 1.05618, 1.03063, 1.31439, 4.89583, 1.64677, 2.42314, 1.02966, 2.75507, 0.80467, 0.99531, 1.9272, 4.17628, 2.56201, 0.394102, 4.55828
0.893653, 2.19514, 1.00094, 3.12212, 5.44012, 3.56219, 0.616555, 2.8231, 1.91115, 0.536614, 4.43511, 4.92018, 2.65734, 5.1322, 4.74269, 4.3127, 0.775796, 2.54649, 4.06087, 1.63674, 5.09303, 3.87353, 0.67835, 4.83152, 2.69556, 1.03557, 1.02369, 1.33759, 4.89389, 1.66271, 2.41677, 1.02047, 2.75343, 0.809529, 1.01018, 1.92823, 4.16687, 2.56139, 0.394891, 4.5627
