0.522801
0.576176
0.334875
0.631532
0.530417
0.780014
0.806991
0.787356
0.30796
0.682825
0.955118
0.759971
0.60547
0.641156
0.833142
0.694993
0.777
0.947859
0.870664
0.690839
0.978236
0.931787
0.547864
0.699593
0.742669
0.85983
0.809869
0.886144
1.03636
1.13359
0.930618
0.831947
0.865659
1.02126
1.02253
1.10012
0.940543
1.02344
1.00637
1.12789
0.876438
1.0174
0.988241
1.05293
1.06852
1.0389
1.02644
1.09729
1.07773
1.12424
0.809275
0.984384
0.992925
1.05042
1.04494
1.11621
1.11622
1.11218
1.14737
1.15489
1.1796
1.12692
1.03859
1.09215
1.11427
1.14043
1.14785
1.14444
1.16332
1.12295
1.03768
1.09486
1.1163
1.1293
1.11459
1.13714
1.11811
1.12066
1.1154
1.15112
1.15012
1.13479
1.16532
1.1677
1.18537
1.17787
1.15293
1.10136
1.13439
1.15384
1.15571
1.15628
1.16739
1.16558
1.16857
1.16111
1.16719
1.16071
1.18352
1.17916
