3.9278
3.85109
3.80826
3.80737
3.81775
3.82868
3.83853
3.84722
3.85486
3.86157
3.86749
3.87271
3.87733
3.88143
3.88509
3.88836
3.89129
3.89393
3.89631
3.89846
3.90042
3.90221
3.90384
3.90533
3.9067
3.90797
3.90913
3.91021
3.9112
3.91213
3.91299
3.91379
3.91454
3.91524
3.9159
3.91651
3.91709
3.91763
3.91814
3.91862
3.91907
3.9195
3.9199
3.92028
3.92064
3.92099
3.92131
3.92162
3.92192
3.92219
3.92246
3.92271
3.92295
3.92318
3.9234
3.92361
3.92381
3.924
3.92418
3.92436
3.92453
3.92469
3.92484
3.92499
3.92513
3.92526
3.92539
3.92551
3.92563
3.92575
3.92586
3.92596
3.92607
3.92616
3.92626
3.92635
3.92644
3.92652
3.9266
3.92668
3.92675
3.92683
3.92689
3.92696
3.92703
3.92709
3.92715
3.92721
3.92726
3.92732
3.92737
3.92742
3.92747
3.92752
3.92756
3.9276
3.92765
3.92769
3.92773
3.92776
