1.38603
0.970952
0.989948
0.906576
1.31943
1.04591
0.642176
0.759013
1.02552
0.825826
1.17215
1.2346
1.19331
1.23984
1.21244
1.24599
1.22927
1.25302
1.24389
1.26069
1.25661
1.26867
1.26776
1.27668
1.27765
1.28451
1.28651
1.29201
1.29453
1.29911
1.30184
1.30577
1.30854
1.31198
1.31469
1.31776
1.32035
1.32313
1.32557
1.3281
1.33039
1.3327
1.33484
1.33697
1.33896
1.34092
1.34276
1.34458
1.34629
1.34797
1.34956
1.35111
1.35259
1.35402
1.3554
1.35673
1.358
1.35924
1.36043
1.36157
1.36268
1.36374
1.36477
1.36576
1.36671
1.36764
1.36853
1.36939
1.37021
1.37101
1.37179
1.37253
1.37325
1.37395
1.37462
1.37527
1.37589
1.3765
1.37708
1.37765
1.3782
1.37872
1.37924
1.37973
1.38021
1.38067
1.38111
1.38155
1.38196
1.38237
1.38276
1.38314
1.3835
1.38386
1.3842
1.38453
1.38485
1.38516
1.38546
1.38575
