0.433764
0.471578
0.530098
0.516715
0.501336
0.536165
0.576149
0.588443
0.514318
0.541296
0.569381
0.596144
0.611071
0.578446
0.521016
0.583234
0.596027
0.6083
0.540953
0.572618
0.583503
0.594118
0.604385
0.614241
0.59603
0.540883
0.593104
0.601806
0.610195
0.595312
0.570385
0.57789
0.585236
0.592395
0.599343
0.606062
0.612535
0.6143
0.562513
0.597887
0.603624
0.609164
0.614017
0.581607
0.586655
0.591566
0.596334
0.600954
0.605424
0.609741
0.613907
0.617802
0.585175
0.604369
0.608066
0.611636
0.615082
0.608423
0.597617
0.600803
0.603887
0.606871
0.609757
0.612546
0.615239
0.61784
0.61108
0.604327
0.606738
0.609071
0.611327
0.613508
0.615616
0.617654
0.617982
0.602944
0.613014
0.614821
0.616568
0.617523
0.607442
0.609054
0.610615
0.612126
0.613589
0.615003
0.616372
0.617697
0.61895
0.610709
0.61193
0.613112
0.614257
0.615365
0.616438
0.617476
0.618481
0.61936
0.619053
0.616605
