0.379239
0.336142
0.439902
0.452889
0.468417
0.48885
0.494097
0.490776
0.501582
0.512406
0.510892
0.474484
0.483263
0.491999
0.498792
0.509918
0.520257
0.524242
0.541997
0.558685
0.564897
0.578426
0.590485
0.603052
0.606271
0.585299
0.586848
0.60767
0.617612
0.627293
0.635492
0.608747
0.613612
0.621968
0.630109
0.638072
0.642597
0.648695
0.63872
0.593203
0.611553
0.617831
0.623915
0.62982
0.628319
0.638013
0.644002
0.649963
0.655978
0.655995
0.616613
0.620837
0.629641
0.634274
0.638806
0.643254
0.646749
0.641234
0.636056
0.640188
0.644278
0.648353
0.652452
0.654011
0.640445
0.645041
0.640213
0.638341
0.641528
0.644679
0.64781
0.65094
0.651083
0.655047
0.658427
0.657902
0.63267
0.645378
0.648035
0.648532
0.651577
0.654418
0.657418
0.659108
0.660288
0.645161
0.64927
0.650375
0.652247
0.654673
0.657263
0.658598
0.659887
0.660071
0.643528
0.648944
0.651869
0.65387
0.654954
0.656001
