0.155171
0.155955
0.156753
0.157566
0.158394
0.15924
0.160105
0.160992
0.161903
0.162841
0.163812
0.16482
0.165874
0.166983
0.168164
0.169438
0.170844
0.172456
0.173469
0.174581
0.175874
0.17642
0.176952
0.177468
0.177971
0.178458
0.178932
0.179392
0.179838
0.180271
0.18069
0.181097
0.181492
0.181874
0.182245
0.182604
0.182952
0.183288
0.183614
0.18393
0.184236
0.184532
0.184818
0.185096
0.185364
0.185624
0.185875
0.186119
0.186354
0.186582
0.186802
0.187016
0.187222
0.187422
0.187615
0.187802
0.187983
0.188159
0.188328
0.188492
0.188651
0.188805
0.188954
0.189098
0.189237
0.189372
0.189502
0.189629
0.189751
0.18987
0.189984
0.190095
0.190203
0.190307
0.190408
0.190505
0.1906
0.190691
0.19078
0.190865
0.190948
0.191029
0.191107
0.191182
0.191255
0.191326
0.191395
0.191461
0.191526
0.191588
0.191648
0.191707
0.191763
0.191818
0.191872
0.191923
0.191973
0.192021
0.192068
0.192114
