0.202586
0.242384
0.288178
0.350584
0.324102
0.3586
0.366949
0.376343
0.387396
0.402285
0.399711
0.40678
0.414897
0.422649
0.429973
0.430706
0.423666
0.429715
0.435502
0.441036
0.446331
0.451398
0.453104
0.450831
0.455234
0.459463
0.463531
0.46745
0.47012
0.461283
0.464983
0.468626
0.472215
0.475752
0.479237
0.482674
0.479828
0.481838
0.485132
0.488399
0.491643
0.494874
0.496978
0.492266
0.495603
0.498989
0.502442
0.503431
0.502821
0.506636
0.510764
0.515447
0.521358
0.52379
0.526149
0.526229
0.524366
0.518128
0.521019
0.52304
0.524997
0.526891
0.528724
0.530496
0.53221
0.533866
0.535467
0.537014
0.537058
0.535675
0.537097
0.538472
0.536474
0.53828
0.539519
0.540715
0.541871
0.542988
0.544068
0.545111
0.546118
0.546107
0.545152
0.543606
0.543365
0.544218
0.545042
0.545839
0.546609
0.547354
0.548074
0.54877
0.549443
0.550094
0.550339
0.549387
0.549982
0.550558
0.551115
0.551654
