0.233851
0.254455
0.282108
0.303185
0.314171
0.315877
0.28237
0.303522
0.312099
0.293944
0.307697
0.327604
0.330912
0.308907
0.319799
0.331988
0.325271
0.338119
0.352903
0.343666
0.356204
0.332584
0.346236
0.353734
0.360254
0.349353
0.355431
0.353841
0.368253
0.369137
0.365268
0.378602
0.370622
0.366684
0.372204
0.376113
0.369606
0.38085
0.385948
0.384245
0.384929
0.387997
0.383808
0.388732
0.388599
0.381048
0.385651
0.390363
0.385231
0.377148
0.369144
0.375311
0.383028
0.386807
0.390583
0.389289
0.389525
0.393207
0.392206
0.387756
0.3912
0.3947
0.396778
0.396407
0.400428
0.405011
0.402562
0.395622
0.390892
0.394213
0.396293
0.394246
0.397897
0.396898
0.393754
0.397436
0.399197
0.400901
0.40255
0.404147
0.405691
0.40359
0.40249
0.403898
0.40526
0.406578
0.407854
0.408743
0.406946
0.407832
0.400238
0.399591
0.400683
0.401741
0.402766
0.403759
0.404721
0.405652
0.40494
0.403702
