0.737427
0.7702
0.793259
0.818075
0.835541
0.851067
0.864691
0.85945
0.793399
0.808554
0.824796
0.846336
0.857337
0.86729
0.876225
0.88419
0.878674
0.816017
0.840689
0.850969
0.860278
0.866089
0.813211
0.830189
0.838902
0.847001
0.854502
0.861427
0.867804
0.873662
0.879032
0.8828
0.84127
0.847219
0.852812
0.858061
0.86298
0.867584
0.871887
0.875904
0.879653
0.883149
0.886407
0.888538
0.86023
0.863854
0.867279
0.870514
0.873567
0.876449
0.879169
0.881734
0.884153
0.886435
0.888588
0.890619
0.887072
0.873477
0.875662
0.877739
0.879713
0.881589
0.883372
0.885067
0.886678
0.888211
0.889669
0.891056
0.890572
0.879205
0.880638
0.882007
0.883315
0.884565
0.88576
0.886903
0.887996
0.889042
0.890042
0.891
0.891916
0.890903
0.884031
0.884946
0.885823
0.886666
0.887475
0.888251
0.888997
0.889713
0.890401
0.891063
0.891698
0.89231
0.891434
0.887039
0.887633
0.888205
0.888755
0.889286
