0.632159
0.297109
0.710039
0.746019
0.745546
0.751999
0.667959
0.729124
0.737311
0.72786
0.800223
0.711382
0.741343
0.807912
0.834578
0.764858
0.814014
0.845501
0.765765
0.659556
0.714387
0.780814
0.717801
0.747928
0.809392
0.7383
0.775424
0.831266
0.768822
0.799467
0.826413
0.761994
0.785415
0.739278
0.7944
0.811628
0.763799
0.798116
0.819987
0.83113
0.795686
0.809233
0.822287
0.834829
0.846854
0.858367
0.84865
0.838399
0.84873
0.858616
0.868078
0.87011
0.818721
0.830156
0.839347
0.814634
0.827705
0.836505
0.845022
0.841241
0.83013
0.837781
0.845182
0.85234
0.850925
0.840017
0.84648
0.852735
0.858792
0.86094
0.848628
0.854133
0.859477
0.864677
0.869753
0.859464
0.861889
0.866612
0.871303
0.874853
0.869528
0.865497
0.858891
0.85002
0.852318
0.856345
0.860339
0.86326
0.853924
0.857626
0.860384
0.863046
0.865615
0.863552
0.860334
0.862665
0.864915
0.867087
0.869185
0.865131
