0.334932
0.344204
0.354349
0.365422
0.377479
0.390583
0.404796
0.41192
0.415709
0.419748
0.424042
0.428598
0.433419
0.438512
0.443878
0.449522
0.45514
0.457697
0.463881
0.470333
0.477053
0.483308
0.486302
0.493481
0.500906
0.50685
0.510746
0.51854
0.526553
0.52907
0.536793
0.545077
0.547976
0.555397
0.563873
0.56625
0.574175
0.58249
0.584298
0.592817
0.600003
0.60277
0.611284
0.616927
0.616008
0.615658
0.623653
0.628439
0.632583
0.640441
0.643716
0.648995
0.650465
0.652058
0.654812
0.659838
0.666929
0.669103
0.674376
0.678377
0.675676
0.678715
0.680237
0.681824
0.687854
0.688472
0.694064
0.696037
0.698696
0.697413
0.701327
0.701623
0.704538
0.705344
0.710172
0.710834
0.711869
0.710413
0.71191
0.712784
0.713266
0.717002
0.71832
0.720168
0.717208
0.720052
0.719218
0.719029
0.721461
0.722558
0.722113
0.723858
0.724539
0.724626
0.725548
0.725427
0.725189
0.724903
0.726198
0.725631
