0.204053
0.228611
0.258067
0.293182
0.334807
0.363066
0.398878
0.449478
0.466295
0.459889
0.475634
0.510408
0.46744
0.516466
0.555736
0.527505
0.564741
0.545614
0.60157
0.578174
0.604042
0.603292
0.647331
0.635328
0.646845
0.656112
0.642955
0.683438
0.69269
0.699668
0.669398
0.707024
0.727877
0.713426
0.741146
0.743547
0.741245
0.738988
0.756912
0.742258
0.766773
0.747438
0.778759
0.781544
0.775097
0.793165
0.796266
0.774928
0.802323
0.819839
0.80584
0.816885
0.802929
0.819378
0.824331
0.825504
0.828339
0.817441
0.815557
0.818858
0.827112
0.833623
0.823036
0.830408
0.83353
0.840095
0.823289
0.833782
0.838796
0.843183
0.844277
0.835303
0.844736
0.846245
0.842008
0.845166
0.850445
0.847196
0.844528
0.852289
0.843184
0.848983
0.853162
0.855016
0.843116
0.849617
0.856109
0.856129
0.851884
0.855251
0.855769
0.855563
0.855566
0.855736
0.859233
0.859069
0.857721
0.855922
0.860519
0.86155
