0.374038
0.386747
0.389463
0.338435
0.412963
0.408531
0.397411
0.448193
0.452124
0.436845
0.402181
0.442884
0.457714
0.466581
0.500119
0.428058
0.451045
0.453873
0.465779
0.465903
0.457048
0.379322
0.408722
0.443512
0.460535
0.465205
0.379972
0.44661
0.446983
0.436755
0.469303
0.476022
0.522609
0.498769
0.460727
0.464882
0.454242
0.471822
0.468713
0.461055
0.492942
0.496808
0.474459
0.507452
0.496668
0.497033
0.500275
0.494526
0.503766
0.495358
0.486717
0.498555
0.519486
0.510729
0.513734
0.516996
0.514096
0.521748
0.517259
0.52599
0.530499
0.527022
0.525613
0.52701
0.528931
0.533103
0.536775
0.539977
0.537519
0.535249
0.533615
0.534441
0.540202
0.543182
0.535938
0.543701
0.543352
0.54458
0.541483
0.54139
0.543336
0.543294
0.545417
0.542997
0.54259
0.544346
0.544075
0.544463
0.540607
0.542046
0.540916
0.542364
0.544383
0.544907
0.545422
0.546226
0.542711
0.542813
0.543197
0.544629
