0.81569
0.795572
0.795572
0.795572
0.795572
0.795572
0.795572
0.795572
0.795572
0.795572
0.795572
0.788711
0.788711
0.788711
0.788711
0.788711
0.788711
0.788711
0.788711
0.788711
0.788711
0.770606
0.770606
0.770606
0.770606
0.770606
0.770606
0.770606
0.770606
0.770606
0.770606
0.770606
0.766259
0.766259
0.766259
0.766259
0.766259
0.766259
0.766259
0.766259
0.766259
0.766259
0.766259
0.769676
0.769676
0.769676
0.769676
0.769676
0.769676
0.769676
0.769676
0.769676
0.769676
0.767689
0.767689
0.767689
0.767689
0.767689
0.767689
0.767689
0.767689
0.767689
0.767689
0.767689
0.772145
0.772145
0.772145
0.772145
0.772145
0.772145
0.772145
0.772145
0.772145
0.772145
0.772145
0.777256
0.777256
0.777256
0.777256
0.777256
0.777256
0.777256
0.777256
0.777256
0.777256
0.76575
0.76575
0.76575
0.76575
0.76575
0.76575
0.76575
0.76575
0.76575
0.76575
0.747736
0.747736
0.747736
0.747736
0.747736
0.747736
0.747736
0.747736
0.747736
0.747736
0.747736
0.752276
0.752276
0.752276
0.752276
0.752276
0.752276
0.752276
0.752276
0.752276
0.752276
0.752276
0.75495
0.75495
0.75495
0.75495
0.75495
0.75495
0.75495
0.75495
0.75495
0.75495
0.771588
0.771588
0.771588
0.771588
0.771588
0.771588
0.771588
0.771588
0.771588
0.771588
0.771588
0.763134
0.763134
0.763134
0.763134
0.763134
0.763134
0.763134
0.763134
0.763134
0.763134
0.763134
0.752476
0.752476
0.752476
0.752476
0.752476
0.752476
0.752476
0.752476
0.752476
0.752476
0.77078
0.77078
0.77078
0.77078
0.77078
0.77078
0.77078
0.77078
0.77078
0.77078
0.77078
0.782393
0.782393
0.782393
0.782393
0.782393
0.782393
0.782393
0.782393
0.782393
0.782393
0.782393
0.752139
0.752139
0.752139
0.752139
0.752139
0.752139
0.752139
0.752139
0.752139
0.752139
0.764528
0.764528
0.764528
0.764528
0.764528
0.764528
0.764528
0.764528
0.764528
0.764528
0.764528
0.782134
0.782134
0.782134
0.782134
0.782134
0.782134
0.782134
0.782134
0.782134
0.782134
0.789193
0.789193
0.789193
0.789193
0.789193
0.789193
0.789193
0.789193
0.789193
0.789193
0.754949
0.754949
0.754949
0.754949
0.754949
0.754949
0.754949
0.754949
0.754949
0.754949
0.754949
0.775085
0.775085
0.775085
0.775085
0.775085
0.775085
0.775085
0.775085
0.775085
0.775085
0.800177
0.800177
0.800177
0.800177
0.800177
0.800177
0.800177
0.800177
0.800177
0.800177
0.800177
0.79246
0.79246
0.79246
0.79246
0.79246
0.79246
0.79246
0.79246
0.79246
0.79246
0.779874
0.779874
0.779874
0.779874
0.779874
0.779874
0.779874
0.779874
0.779874
0.779874
0.806539
0.806539
0.806539
0.806539
0.806539
0.806539
0.806539
0.806539
0.806539
0.806539
0.827963
0.827963
0.827963
0.827963
0.827963
0.827963
0.827963
0.827963
0.827963
0.827963
0.783469
0.783469
0.783469
0.783469
0.783469
0.783469
0.783469
0.783469
0.783469
0.783469
0.809502
0.809502
0.809502
0.809502
0.809502
0.809502
0.809502
0.809502
0.809502
0.809502
0.836995
0.836995
0.836995
0.836995
0.836995
0.836995
0.836995
0.836995
0.836995
0.836995
0.834586
0.834586
0.834586
0.834586
0.834586
0.834586
0.834586
0.834586
0.834586
0.834586
0.820573
0.820573
0.820573
0.820573
0.820573
0.820573
0.820573
0.820573
0.820573
0.823803
0.823803
0.823803
0.823803
0.823803
0.823803
0.823803
0.823803
0.823803
0.823803
0.823803
0.79742
0.79742
0.79742
0.79742
0.79742
0.79742
0.79742
0.79742
0.79742
0.79742
0.827719
0.827719
0.827719
0.827719
0.827719
0.827719
0.827719
0.827719
0.827719
0.827719
0.832668
0.832668
0.832668
0.832668
0.832668
0.832668
0.832668
0.832668
0.832668
0.832668
0.832668
0.799552
0.799552
0.799552
0.799552
0.799552
0.799552
0.799552
0.799552
0.799552
0.799552
0.811713
0.811713
0.811713
0.811713
0.811713
0.811713
0.811713
0.811713
0.811713
0.811713
0.811713
0.78566
0.78566
0.78566
0.78566
0.78566
0.78566
0.78566
0.78566
0.78566
0.78566
0.815781
0.815781
0.815781
0.815781
0.815781
0.815781
0.815781
0.815781
0.815781
0.815781
0.804707
0.804707
0.804707
0.804707
0.804707
0.804707
0.804707
0.804707
0.804707
0.804707
0.800274
0.800274
0.800274
0.800274
0.800274
0.800274
0.800274
0.800274
0.800274
0.800274
0.819424
0.819424
0.819424
0.819424
0.819424
0.819424
0.819424
0.819424
0.819424
0.819424
0.819424
0.819424
0.769683
0.769683
0.769683
0.769683
0.769683
0.769683
0.769683
0.769683
0.769683
0.769683
0.797989
0.797989
0.797989
0.797989
0.797989
0.797989
0.797989
0.797989
0.797989
0.797989
0.768971
0.768971
0.768971
0.768971
0.768971
0.768971
0.768971
0.768971
0.768971
0.768971
0.802423
0.802423
0.802423
0.802423
0.802423
0.802423
0.802423
0.802423
0.802423
0.802423
0.796512
0.796512
0.796512
0.796512
0.796512
0.796512
0.796512
0.796512
0.796512
0.796512
0.796512
0.827111
0.827111
0.827111
0.827111
0.827111
0.827111
0.827111
0.827111
0.827111
0.827111
0.825926
0.825926
0.825926
0.825926
0.825926
0.825926
0.825926
0.825926
0.825926
0.825926
0.851931
0.851931
0.851931
0.851931
0.851931
0.851931
0.851931
0.851931
0.851931
0.851931
0.851931
0.84297
0.84297
0.84297
0.84297
0.84297
0.84297
0.84297
0.84297
0.84297
0.84297
0.84297
0.850471
0.850471
0.850471
0.850471
0.850471
0.850471
0.850471
0.850471
0.850471
0.850471
0.910502
0.910502
0.910502
0.910502
0.910502
0.910502
0.910502
0.910502
0.910502
0.910502
0.951715
0.951715
0.951715
0.951715
0.951715
0.951715
0.951715
0.951715
0.951715
0.951715
0.938227
0.938227
0.938227
0.938227
0.938227
0.938227
0.938227
0.938227
0.938227
0.938227
0.938227
0.952799
0.952799
0.952799
0.952799
0.952799
0.952799
0.952799
0.952799
0.952799
0.952799
0.984506
0.984506
0.984506
0.984506
0.984506
0.984506
0.984506
0.984506
0.984506
0.984506
0.984506
0.993656
0.993656
0.993656
0.993656
0.993656
0.993656
0.993656
0.993656
0.993656
0.993656
0.942897
0.942897
0.942897
0.942897
0.942897
0.942897
0.942897
0.942897
0.942897
0.942897
0.97162
0.97162
0.97162
0.97162
0.97162
0.97162
0.97162
0.97162
0.97162
0.97162
0.97162
1.00053
1.00053
1.00053
1.00053
1.00053
1.00053
1.00053
1.00053
1.00053
1.00053
1.00643
1.00643
1.00643
1.00643
1.00643
1.00643
1.00643
1.00643
1.00643
1.00643
0.956021
0.956021
0.956021
0.956021
0.956021
0.956021
0.956021
0.956021
0.956021
0.984354
0.984354
0.984354
0.984354
0.984354
0.984354
0.984354
0.984354
0.984354
0.984354
0.984354
1.01265
1.01265
1.01265
1.01265
1.01265
1.01265
1.01265
1.01265
1.01265
1.01265
1.02739
1.02739
1.02739
1.02739
1.02739
1.02739
1.02739
1.02739
1.02739
1.02739
0.968315
0.968315
0.968315
0.968315
0.968315
0.968315
0.968315
0.968315
0.968315
0.968315
0.995504
0.995504
0.995504
0.995504
0.995504
0.995504
0.995504
0.995504
0.995504
0.995504
1.02306
1.02306
1.02306
1.02306
1.02306
1.02306
1.02306
1.02306
1.02306
1.02306
1.05025
1.05025
1.05025
1.05025
1.05025
1.05025
1.05025
1.05025
1.05025
1.05025
1.0599
1.0599
1.0599
1.0599
1.0599
1.0599
1.0599
1.0599
1.0599
1.0599
1.00846
1.00846
1.00846
1.00846
1.00846
1.00846
1.00846
1.00846
1.00846
1.00846
1.00846
1.03505
1.03505
1.03505
1.03505
1.03505
1.03505
1.03505
1.03505
1.03505
1.03505
1.06175
1.06175
1.06175
1.06175
1.06175
1.06175
1.06175
1.06175
1.06175
1.06175
1.06175
1.04667
1.04667
1.04667
1.04667
1.04667
1.04667
1.04667
1.04667
1.04667
1.04667
1.01605
1.01605
1.01605
1.01605
1.01605
1.01605
1.01605
1.01605
1.01605
1.01605
1.04513
1.04513
1.04513
1.04513
1.04513
1.04513
1.04513
1.04513
1.04513
1.04513
1.04513
1.07437
1.07437
1.07437
1.07437
1.07437
1.07437
1.07437
1.07437
1.07437
1.07437
1.01067
1.01067
1.01067
1.01067
1.01067
1.01067
1.01067
1.01067
1.01067
1.01067
1.03747
1.03747
1.03747
1.03747
1.03747
1.03747
1.03747
1.03747
1.03747
1.03747
1.07047
1.07047
1.07047
1.07047
1.07047
1.07047
1.07047
1.07047
1.07047
1.07047
1.0831
1.0831
1.0831
1.0831
1.0831
1.0831
1.0831
1.0831
1.0831
1.0831
1.0831
1.04088
1.04088
1.04088
1.04088
1.04088
1.04088
1.04088
1.04088
1.04088
1.04088
1.07866
1.07866
1.07866
1.07866
1.07866
1.07866
1.07866
1.07866
1.07866
1.07866
1.1172
1.1172
1.1172
1.1172
1.1172
1.1172
1.1172
1.1172
1.1172
1.1172
1.1172
1.15105
1.15105
1.15105
1.15105
1.15105
1.15105
1.15105
1.15105
1.15105
1.15105
1.10158
1.10158
1.10158
1.10158
1.10158
1.10158
1.10158
1.10158
1.10158
1.10158
1.14736
1.14736
1.14736
1.14736
1.14736
1.14736
1.14736
1.14736
1.14736
1.19477
1.19477
1.19477
1.19477
1.19477
1.19477
1.19477
1.19477
1.19477
1.19477
1.24271
1.24271
1.24271
1.24271
1.24271
1.24271
1.24271
1.24271
1.24271
1.24271
1.2315
1.2315
1.2315
1.2315
1.2315
1.2315
1.2315
1.2315
1.2315
1.2315
1.2315
1.16277
1.16277
1.16277
1.16277
1.16277
1.16277
1.16277
1.16277
1.16277
1.16277
1.16277
1.21067
1.21067
1.21067
1.21067
1.21067
1.21067
1.21067
1.21067
1.21067
1.21067
1.19812
1.19812
1.19812
1.19812
1.19812
1.19812
1.19812
1.19812
1.19812
1.19812
1.19812
1.19812
1.21559
1.21559
1.21559
1.21559
1.21559
1.21559
1.21559
1.21559
1.21559
1.21559
1.21559
1.22134
1.22134
1.22134
1.22134
1.22134
1.22134
1.22134
1.22134
1.22134
1.22134
1.22134
1.22134
1.18132
1.18132
1.18132
1.18132
1.18132
1.18132
1.18132
1.18132
1.18132
1.18132
1.18132
1.23428
1.23428
1.23428
1.23428
1.23428
1.23428
1.23428
1.23428
1.23428
1.23428
1.23428
1.23428
