0.883363
0.67788
0.808169
0.34984
0.397206
0.501652
0.743981
0.641743
1.0265
0.67206
0.965101
0.739458
0.753468
0.711311
0.896339
0.849534
0.911377
0.856062
0.925156
0.86299
0.937412
0.870484
0.948032
0.878584
0.957051
0.887224
0.964614
0.896265
0.970933
0.905528
0.97624
0.91483
0.980761
0.924002
0.984694
0.932904
0.988201
0.941431
0.991405
0.949511
0.994397
0.957102
0.997238
0.964186
0.999969
0.970765
1.00261
0.976853
1.00518
0.982474
1.00768
0.987657
1.01011
0.992433
1.01246
0.996833
1.01474
1.00089
1.01694
1.00463
1.01906
1.00808
1.02109
1.01127
1.02304
1.01422
1.0249
1.01695
1.02668
1.01948
1.02837
1.02183
1.02998
1.02401
1.03151
1.02603
1.03296
1.02792
1.03433
1.02967
1.03563
1.0313
1.03686
1.03283
1.03803
1.03425
1.03912
1.03558
1.04016
1.03682
1.04114
1.03798
1.04206
1.03906
1.04293
1.04007
1.04375
1.04102
1.04452
1.04191
