0.0787191
0.0793029
0.0798663
0.0804094
0.0809326
0.0814361
0.0819205
0.0823861
0.0828335
0.0832632
0.0836759
0.0840721
0.0844525
0.0848175
0.0851679
0.0855041
0.0858269
0.0861367
0.0864341
0.0867197
0.0869939
0.0872573
0.0875103
0.0877534
0.087987
0.0882116
0.0884276
0.0886353
0.0888351
0.0890274
0.0892125
0.0893907
0.0895622
0.0897275
0.0898867
0.0900402
0.0901881
0.0903307
0.0904682
0.0906008
0.0907288
0.0908522
0.0909714
0.0910864
0.0911975
0.0913048
0.0914084
0.0915084
0.0916051
0.0916986
0.0917889
0.0918762
0.0919605
0.0920421
0.092121
0.0921973
0.0922711
0.0923425
0.0924116
0.0924784
0.0925431
0.0926056
0.0926662
0.0927248
0.0927816
0.0928365
0.0928897
0.0929412
0.0929911
0.0930393
0.0930861
0.0931314
0.0931753
0.0932177
0.0932589
0.0932988
0.0933374
0.0933748
0.0934111
0.0934462
0.0934802
0.0935132
0.0935452
0.0935761
0.0936061
0.0936352
0.0936634
0.0936907
0.0937172
0.0937429
0.0937677
0.0937918
0.0938152
0.0938379
0.0938598
0.0938811
0.0939018
0.0939218
0.0939412
0.09396
