0.45214
0.456752
0.308657
0.278483
0.214424
0.36577
0.385538
0.368229
0.412419
0.401716
0.409359
0.38551
0.298748
0.312218
0.271449
0.323729
0.33648
0.345878
0.295836
0.353847
0.358998
0.351484
0.328567
0.36457
0.371666
0.375772
0.372979
0.382926
0.383488
0.390372
0.401739
0.395479
0.395867
0.448092
0.443252
0.419301
0.418082
0.451474
0.435071
0.45276
0.475502
0.475449
0.495272
0.484258
0.473029
0.463412
0.447315
0.492808
0.482152
0.48461
0.461582
0.505253
0.507054
0.502851
0.505714
0.494139
0.408249
0.453979
0.478206
0.499357
0.497952
0.475306
0.496315
0.515064
0.517449
0.505798
0.516554
0.517493
0.480439
0.501069
0.494331
0.496864
0.491681
0.506902
0.529388
0.502991
0.448925
0.496508
0.490044
0.49168
0.480826
0.502469
0.505416
0.51028
0.50066
0.508791
0.525765
0.520116
0.522566
0.516392
0.535494
0.533838
0.54025
0.53752
0.54387
0.552227
0.537508
0.497535
0.532093
0.527021
