1.7633, 2.2494, 0.783786, 2.72194, 1.73721, 2.23571, 2.00137, 2.40688, 1.05281, 2.6713
1.52742, 2.18223, 0.502203, 2.36404, 1.49586, 2.16787, 1.80763, 2.34293, 0.776677, 2.42548
1.7172, 2.33151, 0.64373, 2.41788, 1.68155, 2.31258, 2.05449, 2.55019, 0.937308, 2.48978
1.96628, 2.03924, 0.791944, 2.35193, 1.93867, 2.02782, 2.21362, 2.3213, 1.09567, 2.40089
1.90612, 2.12425, 0.833983, 2.46492, 1.8814, 2.11464, 2.12232, 2.37252, 1.10346, 2.48625
1.84906, 2.20527, 0.893936, 2.5773, 1.82714, 2.19732, 2.0361, 2.42092, 1.1054, 2.56363
1.65498, 2.15729, 0.593818, 2.2938, 1.62977, 2.1488, 1.87345, 2.36703, 0.84216, 2.36682
1.82076, 2.30391, 0.716697, 2.34606, 1.79311, 2.29154, 2.09861, 2.56268, 0.980821, 2.42795
1.77048, 2.36638, 0.739925, 2.4462, 1.74622, 2.35617, 2.01565, 2.58544, 0.986959, 2.50913
1.96271, 2.12309, 0.866072, 2.38545, 1.94256, 2.11671, 2.14898, 2.41019, 1.11953, 2.43132
1.90932, 2.19048, 0.931254, 2.48415, 1.89095, 2.18526, 2.07228, 2.44711, 1.12412, 2.49977
1.85912, 2.25386, 0.932259, 2.5615, 1.84248, 2.24965, 2.00097, 2.48148, 1.12463, 2.56217
1.70089, 2.21077, 0.682592, 2.33992, 1.68235, 2.20601, 1.86597, 2.43182, 0.907936, 2.40327
1.84825, 2.33957, 0.790014, 2.38521, 1.82816, 2.33213, 2.06846, 2.59427, 1.02838, 2.45592
1.80295, 2.38765, 0.820894, 2.4694, 1.78486, 2.38144, 2.00046, 2.61037, 1.03198, 2.52026
1.95521, 2.18707, 0.927749, 2.41442, 1.93939, 2.18326, 2.11131, 2.47153, 1.1432, 2.45255
1.82716, 2.23779, 0.705483, 2.53088, 1.81071, 2.23472, 1.98102, 2.50669, 0.939171, 2.55238
1.8044, 2.27775, 0.730419, 2.56919, 1.78934, 2.27513, 1.94215, 2.52169, 0.958976, 2.57762
1.94196, 2.23944, 0.811553, 2.54757, 1.92576, 2.23766, 2.07959, 2.47815, 1.04674, 2.55277
1.89912, 2.28537, 0.838484, 2.62289, 1.88401, 2.28416, 2.02267, 2.50227, 1.04398, 2.60445
1.77934, 2.25143, 0.651742, 2.42408, 1.76309, 2.2497, 1.91879, 2.4634, 0.874015, 2.46295
1.90296, 2.36246, 0.737287, 2.45651, 1.88579, 2.35856, 2.08992, 2.6025, 0.969205, 2.50112
1.86328, 2.39725, 0.751344, 2.52621, 1.84733, 2.39401, 2.0356, 2.61417, 0.969295, 2.55407
1.97867, 2.22913, 0.831079, 2.48513, 1.96411, 2.2282, 2.12178, 2.50568, 1.05328, 2.50394
1.9402, 2.26818, 0.863498, 2.54818, 1.92642, 2.26767, 2.07081, 2.52363, 1.05369, 2.54913
1.90393, 2.30495, 0.907733, 2.60786, 1.89091, 2.30479, 2.02301, 2.54051, 1.05165, 2.59185
1.80508, 2.27599, 0.754292, 2.45988, 1.79129, 2.2754, 1.93773, 2.50697, 0.908386, 2.47522
1.78926, 2.30371, 0.781085, 2.48765, 1.77633, 2.30329, 1.91151, 2.51836, 0.996182, 2.50886
1.88878, 2.27576, 0.842694, 2.47258, 1.87511, 2.2758, 2.01126, 2.48675, 1.06253, 2.49133
1.85908, 2.30895, 0.874277, 2.52666, 1.84613, 2.30925, 1.97186, 2.50502, 1.06341, 2.53003
1.83121, 2.33998, 0.918488, 2.57822, 1.81894, 2.3405, 1.9351, 2.5221, 1.06262, 2.56666
1.74363, 2.31159, 0.780976, 2.45173, 1.73072, 2.31168, 1.85812, 2.49118, 0.93639, 2.46804
1.8366, 2.3879, 0.846101, 2.47706, 1.82318, 2.38675, 1.97965, 2.58126, 1.00656, 2.49688
1.92419, 2.26509, 0.908146, 2.44446, 1.91119, 2.26627, 2.04468, 2.497, 1.07122, 2.45873
1.89733, 2.29345, 0.963386, 2.49454, 1.88487, 2.29481, 2.00952, 2.51167, 1.07301, 2.49235
1.8216, 2.27165, 0.828926, 2.38871, 1.80861, 2.27265, 1.94355, 2.4865, 0.950964, 2.40657
1.80059, 2.29964, 0.850439, 2.43219, 1.78817, 2.30078, 1.91427, 2.50211, 0.954109, 2.44211
1.78077, 2.32592, 0.876716, 2.47483, 1.76889, 2.32718, 1.88685, 2.51674, 0.956159, 2.47638
1.85322, 2.30535, 0.923798, 2.46323, 1.84082, 2.30689, 1.95948, 2.49376, 1.00461, 2.46419
1.83232, 2.32917, 0.924915, 2.49642, 1.8204, 2.33081, 1.93209, 2.50746, 1.00603, 2.49481
1.81257, 2.35158, 0.924831, 2.52866, 1.80111, 2.3533, 1.90636, 2.52035, 1.00648, 2.52419
1.8793, 2.33193, 0.968195, 2.51713, 1.86738, 2.33391, 1.97329, 2.49916, 1.0512, 2.51214
1.81826, 2.31292, 0.863805, 2.4329, 1.80594, 2.31459, 1.91877, 2.47832, 0.953293, 2.43998
1.80094, 2.33414, 0.888811, 2.46873, 1.78906, 2.33588, 1.89602, 2.49156, 0.955052, 2.46856
1.86181, 2.31653, 0.928236, 2.45906, 1.84949, 2.31852, 1.95713, 2.47219, 0.995445, 2.4585
1.84399, 2.3359, 0.929304, 2.48658, 1.83206, 2.33795, 1.93459, 2.48453, 0.996754, 2.48427
1.82708, 2.35421, 0.929566, 2.51328, 1.81553, 2.35632, 1.91329, 2.4962, 0.99738, 2.50907
1.88308, 2.33755, 0.965836, 2.5038, 1.87112, 2.33988, 1.96952, 2.47833, 1.03459, 2.49924
1.83244, 2.32166, 0.876858, 2.43308, 1.82016, 2.32372, 1.92365, 2.46127, 0.950404, 2.43724
1.8175, 2.33893, 0.900707, 2.4633, 1.80558, 2.34105, 1.90471, 2.47289, 0.95192, 2.46111
1.80329, 2.35529, 0.932708, 2.49321, 1.79171, 2.35745, 1.88676, 2.48389, 0.952878, 2.48419
1.85218, 2.34095, 0.964955, 2.48498, 1.84025, 2.34329, 1.93598, 2.46832, 0.98541, 2.47593
1.83782, 2.35599, 0.965365, 2.50635, 1.82621, 2.35836, 1.91833, 2.47859, 0.986087, 2.49688
1.82416, 2.37026, 0.965256, 2.52703, 1.81284, 2.37266, 1.90156, 2.48834, 0.986284, 2.51709
1.86908, 2.35681, 0.994882, 2.5191, 1.85744, 2.35938, 1.94679, 2.47399, 1.01619, 2.50913
1.82811, 2.34344, 0.926436, 2.46524, 1.81623, 2.34578, 1.90924, 2.45993, 0.948011, 2.45732
1.81598, 2.35687, 0.927071, 2.48497, 1.80438, 2.35924, 1.89427, 2.46946, 0.94887, 2.47662
1.85698, 2.34474, 0.953911, 2.47819, 1.84508, 2.34727, 1.93558, 2.45638, 0.97596, 2.46982
1.84488, 2.35713, 0.95435, 2.49622, 1.83324, 2.35969, 1.92096, 2.46527, 0.976614, 2.48746
1.83333, 2.36895, 0.954426, 2.51368, 1.82193, 2.37152, 1.90702, 2.47374, 0.976931, 2.5045
1.87096, 2.35763, 0.979059, 2.50721, 1.85929, 2.36034, 1.94494, 2.46169, 1.0018, 2.498
1.85954, 2.36856, 0.979002, 2.52315, 1.84809, 2.37129, 1.93139, 2.46961, 1.00198, 2.51355
1.8264, 2.35747, 0.923283, 2.47834, 1.81477, 2.36002, 1.90075, 2.45812, 0.946558, 2.47058
1.86075, 2.34724, 0.945631, 2.47275, 1.84886, 2.34992, 1.93539, 2.44713, 0.969125, 2.46495
1.85058, 2.35749, 0.946062, 2.48791, 1.8389, 2.36019, 1.92327, 2.45475, 0.969729, 2.47976
1.84085, 2.36729, 0.94624, 2.5026, 1.82938, 2.37, 1.91167, 2.46204, 0.970097, 2.49408
1.83154, 2.37666, 0.946169, 2.51684, 1.82026, 2.37938, 1.90059, 2.46901, 0.970236, 2.50794
1.86183, 2.36753, 0.966002, 2.51161, 1.85033, 2.37036, 1.93116, 2.4593, 0.990273, 2.50269
1.8527, 2.37622, 0.965851, 2.52469, 1.84139, 2.37906, 1.92043, 2.46582, 0.990321, 2.51541
1.8259, 2.36711, 0.920431, 2.48759, 1.81444, 2.36979, 1.8955, 2.45647, 0.945213, 2.47992
1.85355, 2.35883, 0.938444, 2.48303, 1.84188, 2.36163, 1.92341, 2.44762, 0.963412, 2.47534
1.84539, 2.36696, 0.938639, 2.49537, 1.83389, 2.36976, 1.91379, 2.45383, 0.963763, 2.48735
1.83756, 2.37475, 0.938662, 2.50734, 1.82623, 2.37755, 1.90456, 2.45977, 0.963953, 2.49899
1.8629, 2.36709, 0.955161, 2.50305, 1.85138, 2.36999, 1.93014, 2.45164, 0.980628, 2.49467
1.85528, 2.37433, 0.955122, 2.5141, 1.84392, 2.37724, 1.92125, 2.45721, 0.980749, 2.5054
1.84797, 2.38128, 0.95494, 2.52481, 1.83675, 2.3842, 1.91271, 2.46255, 0.980738, 2.51579
1.86543, 2.35048, 0.964143, 2.51201, 1.85408, 2.3543, 1.92694, 2.43684, 0.990172, 2.503
1.85852, 2.35731, 0.964019, 2.52198, 1.8473, 2.36113, 1.91892, 2.44217, 0.990204, 2.51267
1.85187, 2.36388, 0.963776, 2.53164, 1.84078, 2.36769, 1.91122, 2.44728, 0.990128, 2.52203
1.832, 2.35725, 0.930587, 2.50422, 1.82081, 2.36094, 1.8926, 2.44044, 0.957187, 2.49589
1.85253, 2.35112, 0.943885, 2.50078, 1.84118, 2.35488, 1.91326, 2.43391, 0.970633, 2.49242
1.84656, 2.35721, 0.943855, 2.50983, 1.83532, 2.36097, 1.90631, 2.43871, 0.970738, 2.50119
1.84081, 2.36306, 0.94373, 2.5186, 1.82968, 2.36682, 1.89963, 2.44333, 0.970755, 2.50969
1.8596, 2.3574, 0.955898, 2.51539, 1.84833, 2.36123, 1.91853, 2.43733, 0.983061, 2.50646
1.85405, 2.36286, 0.955747, 2.52353, 1.84289, 2.36669, 1.91214, 2.44165, 0.983046, 2.51433
1.84871, 2.36812, 0.955519, 2.53142, 1.83765, 2.37194, 1.90597, 2.44581, 0.982958, 2.52196
1.86591, 2.3629, 0.966649, 2.52843, 1.85472, 2.36678, 1.92327, 2.44031, 0.994219, 2.51895
1.85046, 2.3578, 0.940569, 2.50704, 1.83919, 2.36159, 1.90874, 2.43506, 0.968373, 2.49861
1.84563, 2.36266, 0.940484, 2.51437, 1.83445, 2.36644, 1.90317, 2.43893, 0.968405, 2.50571
1.86133, 2.35792, 0.950614, 2.51172, 1.85003, 2.36176, 1.91896, 2.43392, 0.978654, 2.50303
1.85669, 2.36246, 0.950511, 2.51854, 1.84548, 2.3663, 1.91364, 2.43755, 0.978662, 2.50963
1.85222, 2.36683, 0.950354, 2.52515, 1.84109, 2.37067, 1.9085, 2.44105, 0.97862, 2.51602
1.84791, 2.37105, 0.950146, 2.53158, 1.83686, 2.37488, 1.90356, 2.44443, 0.97853, 2.52222
1.86178, 2.36684, 0.959121, 2.52917, 1.85063, 2.37072, 1.91752, 2.43999, 0.987614, 2.51979
1.84928, 2.36267, 0.937939, 2.51164, 1.83807, 2.36648, 1.90574, 2.43572, 0.966638, 2.50315
1.84538, 2.36656, 0.937832, 2.51759, 1.83425, 2.37036, 1.90126, 2.43886, 0.966632, 2.50889
1.85805, 2.36273, 0.946006, 2.51544, 1.84682, 2.36658, 1.91401, 2.43481, 0.974903, 2.50672
1.85431, 2.36637, 0.94589, 2.52098, 1.84315, 2.37021, 1.90974, 2.43775, 0.974882, 2.51208
1.8507, 2.36988, 0.94574, 2.52636, 1.83961, 2.37372, 1.90561, 2.44058, 0.974829, 2.51726
1.86229, 2.36636, 0.95321, 2.52437, 1.85111, 2.37024, 1.91727, 2.43688, 0.98239, 2.51526
