0.66185
0.691837
0.734961
0.759805
0.782531
0.802491
0.819383
0.829896
0.826889
0.83577
0.842939
0.848755
0.853515
0.851907
0.845603
0.851552
0.856381
0.860036
0.844677
0.85064
0.855545
0.85959
0.862939
0.861295
0.852132
0.856471
0.860119
0.863196
0.865518
0.852533
0.856408
0.859729
0.862579
0.865035
0.866602
0.855983
0.859004
0.861642
0.863949
0.865974
0.867752
0.858343
0.860748
0.862882
0.86478
0.866472
0.867983
0.86716
0.862061
0.863804
0.865374
0.866794
0.868078
0.868353
0.863081
0.864509
0.865811
0.867001
0.868091
0.86909
0.868213
0.86515
0.866227
0.867221
0.868139
0.868989
0.869163
0.865672
0.866563
0.867393
0.868165
0.868885
0.869558
0.869157
0.866918
0.867607
0.868253
0.868859
0.869428
0.869855
0.867212
0.867784
0.868324
0.868833
0.869314
0.869768
0.869885
0.867995
0.868444
0.868869
0.869273
0.869656
0.87002
0.869934
0.868598
0.868952
0.869289
0.869611
0.869917
0.870209
