0.415162
0.468035
0.50068
0.455818
0.514493
0.586458
0.62157
0.576223
0.618435
0.520586
0.580074
0.637514
0.701997
0.637927
0.672391
0.718259
0.653325
0.653626
0.620646
0.669124
0.649715
0.641887
0.620878
0.67984
0.644114
0.666153
0.708839
0.656545
0.694191
0.727353
0.680643
0.707147
0.649865
0.668442
0.64555
0.678437
0.714214
0.671127
0.700383
0.724729
0.708337
0.704749
0.726578
0.717965
0.699479
0.671221
0.701567
0.702568
0.689675
0.713061
0.720849
0.699538
0.71615
0.732506
0.715228
0.720961
0.735821
0.728252
0.725454
0.728742
0.712836
0.703207
0.704141
0.720962
0.717599
0.710072
0.72106
0.731829
0.724606
0.724109
0.733907
0.729947
0.728076
0.737063
0.733818
0.731005
0.729959
0.723374
0.72983
0.717559
0.7248
0.731874
0.727348
0.726813
0.733257
0.732978
0.728665
0.734537
0.735191
0.731043
0.73642
0.73828
0.732731
0.737634
0.742415
0.736809
0.737329
0.730432
0.734663
0.73449
