0.0940033
0.106764
0.122098
0.112921
0.132107
0.132545
0.139291
0.139801
0.140425
0.141047
0.141667
0.142284
0.142899
0.143511
0.144118
0.144721
0.145319
0.145913
0.1465
0.147083
0.147659
0.14823
0.148794
0.149352
0.149903
0.150448
0.150723
0.144963
0.144637
0.1452
0.145761
0.146319
0.146875
0.147427
0.147975
0.148521
0.149063
0.149601
0.150136
0.150667
0.151194
0.151718
0.152238
0.152754
0.153267
0.153776
0.154282
0.154785
0.155285
0.155782
0.156277
0.156603
0.153031
0.153489
0.153943
0.154394
0.154139
0.153845
0.154278
0.154707
0.155133
0.155555
0.155974
0.156391
0.156804
0.157215
0.157624
0.15803
0.158434
0.158836
0.159237
0.159636
0.160034
0.160432
0.160828
0.161225
0.161372
0.158727
0.159095
0.15946
0.159824
0.160187
0.160548
0.160908
0.161267
0.161625
0.161983
0.162341
0.162699
0.163058
0.163417
0.163777
0.164138
0.164501
0.164866
0.165234
0.165425
0.16329
0.163627
0.163965
