0.0311008
0.031101
0.0311011
0.0311012
0.0311014
0.0311015
0.0311016
0.0311018
0.0311019
0.0311021
0.0311022
0.0311024
0.0311025
0.0311027
0.0311028
0.031103
0.0311031
0.0311032
0.0311034
0.0311036
0.0311037
0.0311039
0.031104
0.0311042
0.0311043
0.0311045
0.0311046
0.0311048
0.0311049
0.0311051
0.0311053
0.0311054
0.0311056
0.0311057
0.0311059
0.0311061
0.0311062
0.0311064
0.0311065
0.0311067
0.0311069
0.031107
0.0311072
0.0311073
0.0311075
0.0311077
0.0311078
0.031108
0.0311082
0.0311083
0.0311085
0.0311087
0.0311088
0.031109
0.0311092
0.0311093
0.0311095
0.0311096
0.0311098
0.03111
0.0311101
0.0311103
0.0311105
0.0311106
0.0311108
0.031111
0.0311111
0.0311113
0.0311115
0.0311116
0.0311118
0.0311119
0.0311121
0.0311123
0.0311124
0.0311126
0.0311128
0.0311129
0.0311131
0.0311132
0.0311134
0.0311136
0.0311137
0.0311139
0.031114
0.0311142
0.0311144
0.0311145
0.0311147
0.0311148
0.031115
0.0311151
0.0311153
0.0311155
0.0311156
0.0311158
0.0311159
0.0311161
0.0311162
0.0311164
