2.60216
1.72337
2.21949
2.00519
0.995937
1.03811
1.12604
1.31152
1.72095
2.48399
2.00233
1.1166
1.26011
1.54325
2.16377
2.38477
2.21021
2.38314
2.25273
2.38425
2.29043
2.38831
2.32317
2.39499
2.35132
2.40368
2.37551
2.41374
2.3964
2.42457
2.41463
2.4357
2.4307
2.4468
2.44503
2.45762
2.45792
2.46803
2.4696
2.47792
2.48027
2.48727
2.49004
2.49605
2.49903
2.50429
2.50733
2.51198
2.515
2.51916
2.5221
2.52586
2.52869
2.53211
2.5348
2.53792
2.54048
2.54335
2.54576
2.5484
2.55067
2.55311
2.55525
2.5575
2.55951
2.5616
2.56348
2.56542
2.56718
2.56899
2.57064
2.57232
2.57386
2.57543
2.57687
2.57833
2.57969
2.58105
2.58232
2.58359
2.58477
2.58596
2.58707
2.58818
2.58922
2.59026
2.59123
2.5922
2.59311
2.59402
2.59488
2.59573
2.59653
2.59732
2.59808
2.59882
2.59952
2.60022
2.60088
2.60154
