0.0671492
0.105109
0.192512
0.335013
0.354559
0.381688
0.405802
0.299593
0.340298
0.387191
0.429617
0.433357
0.486258
0.485352
0.555191
0.528768
0.273048
0.306188
0.343701
0.386343
0.435081
0.491209
0.556535
0.587289
0.559906
0.614185
0.594005
0.589901
0.573121
0.572971
0.626038
0.611806
0.605829
0.586319
0.594442
0.630163
0.624665
0.613161
0.604356
0.62233
0.637162
0.645161
0.61302
0.634599
0.652424
0.630818
0.654859
0.60052
0.650845
0.665428
0.639195
0.636202
0.646361
0.682453
0.657363
0.663787
0.674722
0.683235
0.691664
0.671038
0.685094
0.721472
0.657926
0.720354
0.721244
0.733462
0.679499
0.739636
0.704329
0.741734
0.765956
0.776496
0.53647
0.602303
0.653275
0.714607
0.752147
0.784025
0.794116
0.703574
0.78613
0.7959
0.65868
0.743458
0.800158
0.840606
0.731427
0.822798
0.833301
0.846253
0.804719
0.855167
0.869326
0.867426
0.877534
0.883095
0.888898
0.88331
0.892664
0.894446
