0.437259
0.635657
0.644694
0.267881
0.503846
0.624197
0.644185
0.642166
0.595921
0.629269
0.681558
0.700435
0.700519
0.695632
0.715756
0.574866
0.641528
0.672721
0.649116
0.694962
0.721958
0.324947
0.581404
0.670914
0.7013
0.682461
0.691563
0.682414
0.682659
0.581159
0.639857
0.668377
0.703062
0.679659
0.650282
0.639719
0.694572
0.723535
0.711802
0.744968
0.724508
0.712607
0.705338
0.736626
0.766187
0.751161
0.787958
0.801388
0.778434
0.697082
0.742866
0.754417
0.755435
0.785951
0.788663
0.786809
0.792578
0.824997
0.817557
0.804024
0.797165
0.83223
0.828372
0.82243
0.799631
0.804496
0.806384
0.818357
0.824634
0.828445
0.819361
0.824066
0.84255
0.841499
0.833789
0.854292
0.833735
0.829251
0.825622
0.844713
0.845949
0.840726
0.838943
0.850509
0.848587
0.858538
0.859229
0.864762
0.871616
0.87337
0.872798
0.857804
0.853245
0.864668
0.860638
0.858191
0.872045
0.873095
0.871253
0.879181
