2.33708, 0.901784, 3.81805, 0.840141, 2.11813, 4.06307, 1.93237, 1.1532, 1.23789, 1.84138, 2.30337, 4.31145, 1.2081, 4.24232, 3.82149, 2.35643, 3.54667, 2.08292, 3.11441, 3.70431
2.33712, 0.90164, 3.81493, 0.84025, 2.11821, 4.06189, 1.93698, 1.15025, 1.24033, 1.83928, 2.30338, 4.31036, 1.20844, 4.24132, 3.82011, 2.35507, 3.54486, 2.08113, 3.11406, 3.70305
2.33715, 0.901495, 3.8118, 0.840359, 2.11829, 4.06071, 1.94158, 1.14729, 1.24276, 1.83718, 2.30339, 4.30927, 1.20878, 4.24033, 3.81873, 2.35371, 3.54304, 2.07933, 3.11372, 3.7018
2.33719, 0.901354, 3.80865, 0.840468, 2.11837, 4.05953, 1.94613, 1.14437, 1.24522, 1.83507, 2.30341, 4.30818, 1.20911, 4.23933, 3.81735, 2.35234, 3.54122, 2.07754, 3.11337, 3.70054
2.33722, 0.901213, 3.8055, 0.840578, 2.11846, 4.05835, 1.95067, 1.14145, 1.24767, 1.83295, 2.30342, 4.30709, 1.20945, 4.23833, 3.81597, 2.35098, 3.5394, 2.07574, 3.11302, 3.69929
2.33726, 0.901076, 3.80233, 0.840688, 2.11854, 4.05717, 1.95516, 1.13857, 1.25014, 1.83082, 2.30343, 4.306, 1.20979, 4.23733, 3.81459, 2.34961, 3.53757, 2.07393, 3.11268, 3.69803
2.33729, 0.90094, 3.79916, 0.840799, 2.11862, 4.05599, 1.95965, 1.13569, 1.25261, 1.82869, 2.30344, 4.3049, 1.21012, 4.23634, 3.8132, 2.34824, 3.53574, 2.07213, 3.11233, 3.69678
2.33732, 0.900807, 3.79597, 0.84091, 2.1187, 4.05481, 1.96407, 1.13284, 1.2551, 1.82655, 2.30345, 4.30381, 1.21046, 4.23534, 3.81181, 2.34687, 3.5339, 2.07031, 3.11199, 3.69552
2.33736, 0.900674, 3.79278, 0.841021, 2.11879, 4.05363, 1.9685, 1.13, 1.25759, 1.8244, 2.30346, 4.30272, 1.2108, 4.23434, 3.81043, 2.3455, 3.53206, 2.0685, 3.11164, 3.69426
2.33739, 0.900545, 3.78956, 0.841133, 2.11887, 4.05245, 1.97286, 1.1272, 1.2601, 1.82224, 2.30347, 4.30162, 1.21114, 4.23334, 3.80904, 2.34412, 3.53022, 2.06668, 3.11129, 3.693
2.33742, 0.900416, 3.78635, 0.841245, 2.11895, 4.05126, 1.97723, 1.12439, 1.26261, 1.82008, 2.30349, 4.30053, 1.21147, 4.23234, 3.80764, 2.34275, 3.52837, 2.06485, 3.11095, 3.69174
2.33745, 0.90029, 3.78311, 0.841358, 2.11903, 4.05008, 1.98153, 1.12163, 1.26513, 1.8179, 2.3035, 4.29943, 1.21181, 4.23134, 3.80625, 2.34137, 3.52651, 2.06302, 3.1106, 3.69048
2.33748, 0.900165, 3.77987, 0.841471, 2.11912, 4.0489, 1.98583, 1.11887, 1.26766, 1.81572, 2.30351, 4.29834, 1.21215, 4.23034, 3.80486, 2.33999, 3.52466, 2.06119, 3.11025, 3.68922
2.33751, 0.900041, 3.77662, 0.841584, 2.1192, 4.04771, 1.9901, 1.11613, 1.2702, 1.81353, 2.30352, 4.29724, 1.21249, 4.22934, 3.80346, 2.33861, 3.5228, 2.05936, 3.1099, 3.68796
2.33508, 0.924971, 3.76703, 0.860614, 2.12461, 4.02097, 1.99019, 1.14368, 1.28083, 1.85051, 2.30719, 4.27193, 1.22228, 4.2071, 3.78204, 2.36375, 3.50513, 2.08615, 3.10881, 3.65482
2.33515, 0.924495, 3.76372, 0.860686, 2.12469, 4.01977, 1.99433, 1.14069, 1.28328, 1.84829, 2.3072, 4.27082, 1.22262, 4.20609, 3.78067, 2.36235, 3.50331, 2.08428, 3.10845, 3.65354
2.33521, 0.924019, 3.76041, 0.860758, 2.12477, 4.01858, 1.99848, 1.1377, 1.28574, 1.84607, 2.30721, 4.26972, 1.22296, 4.20508, 3.77929, 2.36094, 3.50149, 2.08241, 3.1081, 3.65226
2.32216, 0.949686, 3.74713, 0.877544, 2.13145, 4.00292, 1.98084, 1.17042, 1.31425, 1.82981, 2.31233, 4.25441, 1.23079, 4.19341, 3.7562, 2.37982, 3.48049, 2.10294, 3.11134, 3.62926
2.30911, 0.975353, 3.73386, 0.894331, 2.13812, 3.98726, 1.9632, 1.20313, 1.34276, 1.81355, 2.31746, 4.2391, 1.23862, 4.18174, 3.7331, 2.39871, 3.45949, 2.12347, 3.11458, 3.60625
2.30935, 0.974527, 3.73046, 0.894365, 2.13821, 3.98606, 1.96737, 1.19989, 1.34532, 1.81121, 2.31747, 4.23799, 1.23896, 4.18072, 3.73174, 2.39728, 3.45769, 2.12156, 3.11421, 3.60496
2.30978, 0.973352, 3.727, 0.894358, 2.13828, 3.98484, 1.97158, 1.1964, 1.34798, 1.80874, 2.31748, 4.23687, 1.2393, 4.17971, 3.7304, 2.39583, 3.45593, 2.11962, 3.11384, 3.60366
2.31021, 0.972177, 3.72354, 0.894351, 2.13836, 3.98363, 1.97579, 1.19292, 1.35065, 1.80628, 2.31748, 4.23575, 1.23964, 4.17869, 3.72906, 2.39437, 3.45416, 2.11768, 3.11347, 3.60236
2.31705, 0.982549, 3.72692, 0.908203, 2.15981, 3.98756, 1.98356, 1.20253, 1.36024, 1.81404, 2.34162, 4.23785, 1.25516, 4.17986, 3.73885, 2.41756, 3.4634, 2.13651, 3.14461, 3.61986
2.32387, 0.992895, 3.73032, 0.922006, 2.18117, 3.99155, 1.9913, 1.21212, 1.36979, 1.8218, 2.36568, 4.24003, 1.27064, 4.18108, 3.74861, 2.44058, 3.4726, 2.15522, 3.17543, 3.63732
2.33068, 1.00323, 3.73376, 0.935804, 2.20272, 3.99576, 1.99903, 1.22171, 1.37932, 1.82957, 2.39009, 4.24249, 1.28618, 4.18241, 3.75854, 2.46385, 3.48188, 2.17403, 3.2073, 3.6557
2.33749, 1.01356, 3.73719, 0.949602, 2.22428, 3.99997, 2.00676, 1.2313, 1.38885, 1.83735, 2.4145, 4.24495, 1.30172, 4.18374, 3.76848, 2.48712, 3.49117, 2.19284, 3.23917, 3.67408
2.3443, 1.02389, 3.74065, 0.963399, 2.24593, 4.00429, 2.01448, 1.24089, 1.39837, 1.84512, 2.43909, 4.24755, 1.31729, 4.18512, 3.77851, 2.51053, 3.5005, 2.2117, 3.27165, 3.69297
2.35108, 1.03418, 3.74414, 0.977157, 2.26774, 4.00889, 2.02216, 1.25046, 1.40784, 1.85291, 2.46402, 4.25052, 1.33289, 4.18664, 3.78867, 2.5341, 3.50987, 2.23059, 3.30517, 3.71297
2.35786, 1.04448, 3.74764, 0.990915, 2.28954, 4.0135, 2.02985, 1.26002, 1.41731, 1.86069, 2.48894, 4.2535, 1.34849, 4.18817, 3.79884, 2.55766, 3.51924, 2.24948, 3.33868, 3.73297
2.36464, 1.05477, 3.75115, 1.00467, 2.31145, 4.01823, 2.03752, 1.26959, 1.42677, 1.86848, 2.51407, 4.25663, 1.36412, 4.18976, 3.80909, 2.58136, 3.52865, 2.26841, 3.37292, 3.75362
2.3714, 1.06505, 3.75467, 1.0184, 2.33343, 4.02311, 2.04518, 1.27914, 1.4362, 1.87628, 2.53936, 4.25997, 1.37976, 4.19142, 3.8194, 2.60515, 3.53808, 2.28737, 3.4078, 3.77493
2.37813, 1.0753, 3.75821, 1.03209, 2.3556, 4.02832, 2.0528, 1.28868, 1.44559, 1.8841, 2.56506, 4.26374, 1.39545, 4.19323, 3.82981, 2.62913, 3.54752, 2.30637, 3.44418, 3.79788
2.38486, 1.08555, 3.76175, 1.04578, 2.37776, 4.03353, 2.06041, 1.29823, 1.45497, 1.89191, 2.59075, 4.26751, 1.41114, 4.19505, 3.84022, 2.65311, 3.55696, 2.32537, 3.48055, 3.82082
2.39157, 1.09579, 3.76529, 1.05945, 2.40001, 4.03892, 2.068, 1.30776, 1.46432, 1.89974, 2.61665, 4.27152, 1.42686, 4.19696, 3.85067, 2.67719, 3.5664, 2.34439, 3.51782, 3.84471
2.39086, 1.093, 3.76203, 1.05907, 2.39999, 4.03772, 2.07103, 1.30312, 1.46676, 1.89693, 2.61656, 4.27042, 1.42715, 4.19591, 3.84958, 2.6759, 3.56499, 2.34273, 3.51739, 3.84362
2.39015, 1.09021, 3.75877, 1.05868, 2.39997, 4.03653, 2.07406, 1.29847, 1.4692, 1.89412, 2.61647, 4.26932, 1.42744, 4.19486, 3.8485, 2.67462, 3.56358, 2.34106, 3.51695, 3.84252
2.39672, 1.10034, 3.76231, 1.07214, 2.42209, 4.04254, 2.08148, 1.30795, 1.47837, 1.90196, 2.64244, 4.27421, 1.44309, 4.19709, 3.85874, 2.69835, 3.57281, 2.35979, 3.55439, 3.86834
2.40329, 1.11048, 3.76585, 1.0856, 2.44421, 4.04854, 2.08889, 1.31743, 1.48754, 1.90981, 2.66841, 4.2791, 1.45875, 4.19933, 3.86898, 2.72208, 3.58203, 2.37852, 3.59184, 3.89416
2.40983, 1.1206, 3.76938, 1.09904, 2.46643, 4.05475, 2.09628, 1.3269, 1.49668, 1.91767, 2.69461, 4.28427, 1.47443, 4.20166, 3.87923, 2.7459, 3.59123, 2.39728, 3.63036, 3.92125
2.40888, 1.11751, 3.76617, 1.09857, 2.46638, 4.05356, 2.09899, 1.32205, 1.49906, 1.91477, 2.6945, 4.28318, 1.47471, 4.2006, 3.87819, 2.74465, 3.58989, 2.39566, 3.62991, 3.9202
2.40795, 1.11446, 3.76294, 1.0981, 2.46634, 4.05238, 2.10169, 1.31723, 1.50146, 1.91185, 2.69438, 4.28209, 1.47498, 4.19955, 3.87715, 2.7434, 3.58854, 2.39405, 3.62947, 3.91915
2.40701, 1.11141, 3.75971, 1.09763, 2.46629, 4.05119, 2.10438, 1.31241, 1.50386, 1.90894, 2.69427, 4.28101, 1.47526, 4.19849, 3.87612, 2.74215, 3.5872, 2.39243, 3.62902, 3.91811
2.41341, 1.12142, 3.76322, 1.11085, 2.48833, 4.05804, 2.11159, 1.32182, 1.51281, 1.91682, 2.72048, 4.28711, 1.49087, 4.20116, 3.88612, 2.7656, 3.59616, 2.41089, 3.66777, 3.94747
2.3871, 1.11279, 3.74791, 1.10794, 2.48215, 4.04712, 2.08334, 1.30742, 1.49307, 1.88979, 2.71456, 4.27713, 1.4873, 4.18823, 3.87569, 2.75864, 3.58414, 2.40348, 3.66041, 3.93951
2.36079, 1.10417, 3.7326, 1.10502, 2.47598, 4.0362, 2.05508, 1.29302, 1.47334, 1.86276, 2.70865, 4.26715, 1.48374, 4.1753, 3.86527, 2.75169, 3.57211, 2.39608, 3.65305, 3.93155
2.36709, 1.114, 3.73615, 1.11802, 2.49759, 4.04347, 2.06214, 1.30227, 1.48206, 1.87057, 2.73443, 4.27391, 1.49918, 4.17825, 3.87508, 2.77452, 3.58089, 2.4141, 3.69046, 3.9613
2.34111, 1.10545, 3.72105, 1.11508, 2.4913, 4.03276, 2.03405, 1.28814, 1.46158, 1.84397, 2.72843, 4.26411, 1.49539, 4.16543, 3.8648, 2.76769, 3.56903, 2.40684, 3.68316, 3.95355
2.31512, 1.09689, 3.70595, 1.11213, 2.48502, 4.02204, 2.00596, 1.27401, 1.4411, 1.81736, 2.72243, 4.25432, 1.4916, 4.15262, 3.85452, 2.76086, 3.55717, 2.39957, 3.67586, 3.94579
2.32135, 1.10649, 3.70956, 1.12489, 2.50608, 4.02969, 2.01288, 1.28302, 1.44955, 1.82505, 2.7476, 4.26169, 1.50683, 4.15586, 3.86419, 2.78298, 3.56581, 2.4171, 3.71156, 3.97543
2.32755, 1.11597, 3.7132, 1.13755, 2.52682, 4.03745, 2.01975, 1.29192, 1.45787, 1.83267, 2.77238, 4.26923, 1.52194, 4.15921, 3.87377, 2.80472, 3.57439, 2.43437, 3.74592, 4.00434
2.30236, 1.10759, 3.69845, 1.13455, 2.52042, 4.02705, 1.99241, 1.27836, 1.43692, 1.80722, 2.76629, 4.25975, 1.51785, 4.14661, 3.86373, 2.79807, 3.5628, 2.4273, 3.73875, 3.99691
2.27717, 1.09921, 3.6837, 1.13155, 2.51403, 4.01666, 1.96507, 1.26479, 1.41596, 1.78178, 2.76019, 4.25026, 1.51376, 4.13401, 3.85369, 2.79141, 3.55122, 2.42023, 3.73158, 3.98947
2.28327, 1.10845, 3.68739, 1.14394, 2.5342, 4.02489, 1.97177, 1.27345, 1.42399, 1.78926, 2.7844, 4.25856, 1.52862, 4.13771, 3.86314, 2.81249, 3.55964, 2.43701, 3.76503, 4.01911
2.28937, 1.11769, 3.69109, 1.15632, 2.55437, 4.03311, 1.97848, 1.28211, 1.43203, 1.79675, 2.8086, 4.26687, 1.54347, 4.14141, 3.87258, 2.83358, 3.56806, 2.45378, 3.79847, 4.04876
2.26497, 1.10949, 3.67668, 1.15328, 2.54789, 4.02304, 1.95191, 1.26911, 1.41075, 1.77249, 2.80244, 4.25768, 1.5391, 4.12905, 3.86277, 2.82709, 3.55674, 2.44691, 3.79144, 4.04162
2.24057, 1.1013, 3.66228, 1.15024, 2.5414, 4.01298, 1.92535, 1.2561, 1.38947, 1.74823, 2.79627, 4.24849, 1.53473, 4.11669, 3.85296, 2.82061, 3.54543, 2.44004, 3.7844, 4.03447
2.21611, 1.09311, 3.64791, 1.14721, 2.53488, 4.00294, 1.8986, 1.24309, 1.36778, 1.72385, 2.79008, 4.23933, 1.5303, 4.10435, 3.84316, 2.81416, 3.53413, 2.43321, 3.77736, 4.02736
2.1916, 1.08493, 3.63357, 1.14418, 2.52834, 3.99294, 1.87169, 1.23009, 1.3457, 1.6994, 2.78386, 4.23021, 1.52581, 4.09203, 3.83338, 2.80774, 3.52285, 2.42641, 3.77032, 4.02028
2.16704, 1.07675, 3.61927, 1.14115, 2.52176, 3.98298, 1.84462, 1.21708, 1.3232, 1.67484, 2.77763, 4.22112, 1.52126, 4.07973, 3.8236, 2.80135, 3.51158, 2.41964, 3.76327, 4.01322
2.14237, 1.06858, 3.60504, 1.13813, 2.51513, 3.97308, 1.81718, 1.20406, 1.29984, 1.65006, 2.77135, 4.21209, 1.5166, 4.06747, 3.81385, 2.79502, 3.50034, 2.41294, 3.75622, 4.00623
2.1177, 1.06041, 3.59081, 1.13511, 2.5085, 3.96319, 1.78974, 1.19104, 1.27648, 1.62528, 2.76508, 4.20306, 1.51193, 4.05521, 3.80409, 2.78869, 3.4891, 2.40624, 3.74917, 3.99923
2.09296, 1.05224, 3.57661, 1.1321, 2.50185, 3.95333, 1.7621, 1.178, 1.25265, 1.60035, 2.75878, 4.19407, 1.50721, 4.04296, 3.79435, 2.7824, 3.47787, 2.39958, 3.74212, 3.99226
2.09929, 1.06098, 3.58086, 1.14434, 2.52147, 3.96102, 1.76888, 1.1861, 1.26041, 1.60736, 2.7823, 4.20174, 1.5217, 4.04658, 3.80497, 2.80288, 3.48702, 2.41576, 3.77735, 4.01986
2.07487, 1.0529, 3.56685, 1.14131, 2.51476, 3.95134, 1.74143, 1.1733, 1.23603, 1.58289, 2.77596, 4.19292, 1.5168, 4.03448, 3.79535, 2.79669, 3.47593, 2.40922, 3.77036, 4.01306
2.05045, 1.04482, 3.55285, 1.13829, 2.50805, 3.94167, 1.71399, 1.16051, 1.21164, 1.55842, 2.76962, 4.18409, 1.5119, 4.02239, 3.78573, 2.7905, 3.46484, 2.40267, 3.76337, 4.00626
2.02597, 1.03674, 3.53887, 1.13526, 2.50131, 3.93203, 1.68633, 1.1477, 1.18677, 1.53379, 2.76326, 4.1753, 1.50695, 4.01032, 3.77612, 2.78434, 3.45377, 2.39616, 3.75638, 3.99948
2.03254, 1.04523, 3.54358, 1.14755, 2.52094, 3.93903, 1.69327, 1.15549, 1.1945, 1.54052, 2.78673, 4.18206, 1.52135, 4.01364, 3.78794, 2.80479, 3.46368, 2.41218, 3.79459, 4.02535
2.03911, 1.05371, 3.54828, 1.15984, 2.54057, 3.94603, 1.70021, 1.16328, 1.20223, 1.54725, 2.8102, 4.18881, 1.53574, 4.01696, 3.79975, 2.82524, 3.4736, 2.42821, 3.83279, 4.05123
2.0139, 1.04505, 3.53417, 1.15667, 2.53385, 3.93635, 1.67147, 1.14947, 1.17636, 1.52088, 2.80385, 4.18, 1.53081, 4.00483, 3.79016, 2.81899, 3.46252, 2.42157, 3.82585, 4.04446
2.02064, 1.05349, 3.53914, 1.1691, 2.55386, 3.943, 1.67855, 1.15718, 1.18417, 1.52752, 2.82786, 4.18627, 1.54529, 4.00795, 3.80298, 2.83992, 3.47302, 2.43777, 3.86985, 4.07141
2.02738, 1.06192, 3.54411, 1.18152, 2.57386, 3.94964, 1.68562, 1.1649, 1.19198, 1.53416, 2.85187, 4.19253, 1.55977, 4.01107, 3.81579, 2.86085, 3.48353, 2.45397, 3.91384, 4.09837
2.03131, 1.05978, 3.53996, 1.18052, 2.57377, 3.94841, 1.69127, 1.16253, 1.19531, 1.53229, 2.8517, 4.19143, 1.56005, 4.00993, 3.81485, 2.85958, 3.48227, 2.45226, 3.91339, 4.09744
2.03524, 1.05764, 3.5358, 1.17952, 2.57367, 3.94719, 1.69693, 1.16017, 1.19864, 1.53043, 2.85152, 4.19032, 1.56034, 4.0088, 3.8139, 2.85832, 3.48102, 2.45054, 3.91293, 4.0965
2.03913, 1.05551, 3.53161, 1.17852, 2.57358, 3.94596, 1.70258, 1.15781, 1.20199, 1.52855, 2.85135, 4.18921, 1.56062, 4.00767, 3.81295, 2.85705, 3.47976, 2.44882, 3.91247, 4.09557
2.04295, 1.05343, 3.52737, 1.17749, 2.57349, 3.94473, 1.70823, 1.15545, 1.20538, 1.52666, 2.85118, 4.18811, 1.5609, 4.00653, 3.812, 2.85578, 3.47849, 2.4471, 3.91201, 4.09464
2.04677, 1.05135, 3.52313, 1.17647, 2.57339, 3.94351, 1.71388, 1.15309, 1.20877, 1.52476, 2.85101, 4.187, 1.56119, 4.0054, 3.81105, 2.85451, 3.47723, 2.44537, 3.91155, 4.0937
2.05051, 1.04931, 3.51882, 1.17544, 2.5733, 3.94228, 1.71952, 1.15073, 1.21219, 1.52284, 2.85084, 4.18589, 1.56147, 4.00427, 3.81009, 2.85324, 3.47597, 2.44364, 3.91109, 4.09276
2.05425, 1.04727, 3.51452, 1.1744, 2.5732, 3.94105, 1.72517, 1.14837, 1.21561, 1.52093, 2.85066, 4.18478, 1.56175, 4.00313, 3.80914, 2.85197, 3.4747, 2.44191, 3.91063, 4.09183
2.05796, 1.04525, 3.51018, 1.17336, 2.57311, 3.93982, 1.73081, 1.14601, 1.21906, 1.519, 2.85049, 4.18368, 1.56204, 4.002, 3.80819, 2.8507, 3.47343, 2.44018, 3.91017, 4.09089
2.06159, 1.04327, 3.50578, 1.1723, 2.57302, 3.93859, 1.73643, 1.14366, 1.22254, 1.51705, 2.85032, 4.18257, 1.56232, 4.00086, 3.80723, 2.84943, 3.47216, 2.43844, 3.90971, 4.08996
2.06522, 1.04129, 3.50137, 1.17124, 2.57292, 3.93736, 1.74206, 1.14131, 1.22602, 1.5151, 2.85015, 4.18146, 1.56261, 3.99972, 3.80628, 2.84815, 3.47089, 2.43671, 3.90925, 4.08902
2.06877, 1.03935, 3.4969, 1.17016, 2.57283, 3.93613, 1.74767, 1.13897, 1.22954, 1.51313, 2.84998, 4.18035, 1.56289, 3.99859, 3.80532, 2.84688, 3.46961, 2.43496, 3.90879, 4.08808
2.07233, 1.03741, 3.49243, 1.16909, 2.57273, 3.93489, 1.75329, 1.13662, 1.23307, 1.51115, 2.8498, 4.17924, 1.56317, 3.99745, 3.80437, 2.8456, 3.46834, 2.43322, 3.90833, 4.08715
2.07585, 1.03549, 3.48792, 1.168, 2.57264, 3.93366, 1.75889, 1.13428, 1.23661, 1.50917, 2.84963, 4.17813, 1.56346, 3.99631, 3.80341, 2.84433, 3.46706, 2.43148, 3.90787, 4.08621
2.07929, 1.03361, 3.48334, 1.1669, 2.57254, 3.93243, 1.76447, 1.13195, 1.2402, 1.50716, 2.84946, 4.17701, 1.56374, 3.99517, 3.80245, 2.84305, 3.46578, 2.42973, 3.90741, 4.08527
2.08273, 1.03173, 3.47876, 1.1658, 2.57245, 3.93119, 1.77005, 1.12962, 1.24379, 1.50515, 2.84929, 4.1759, 1.56403, 3.99404, 3.80149, 2.84177, 3.46449, 2.42798, 3.90695, 4.08433
2.0861, 1.0299, 3.4741, 1.16467, 2.57235, 3.92996, 1.77561, 1.12729, 1.24742, 1.50312, 2.84911, 4.17479, 1.56431, 3.9929, 3.80053, 2.84049, 3.46321, 2.42622, 3.90649, 4.0834
2.08947, 1.02806, 3.46944, 1.16355, 2.57226, 3.92873, 1.78117, 1.12497, 1.25106, 1.50108, 2.84894, 4.17368, 1.5646, 3.99176, 3.79957, 2.83921, 3.46192, 2.42447, 3.90603, 4.08246
2.09276, 1.02626, 3.46469, 1.16241, 2.57217, 3.92749, 1.7867, 1.12266, 1.25474, 1.49902, 2.84877, 4.17257, 1.56488, 3.99062, 3.79861, 2.83793, 3.46064, 2.4227, 3.90557, 4.08152
2.09602, 1.02449, 3.45991, 1.16126, 2.57207, 3.92625, 1.79222, 1.12035, 1.25844, 1.49695, 2.8486, 4.17145, 1.56517, 3.98948, 3.79765, 2.83664, 3.45934, 2.42094, 3.90511, 4.08058
2.09928, 1.02271, 3.45512, 1.16011, 2.57198, 3.92502, 1.79773, 1.11805, 1.26214, 1.49487, 2.84842, 4.17034, 1.56545, 3.98834, 3.79669, 2.83536, 3.45805, 2.41918, 3.90465, 4.07964
2.10246, 1.02097, 3.45024, 1.15893, 2.57188, 3.92378, 1.80322, 1.11576, 1.2659, 1.49277, 2.84825, 4.16922, 1.56574, 3.9872, 3.79573, 2.83408, 3.45676, 2.41741, 3.90419, 4.0787
2.10565, 1.01923, 3.44536, 1.15776, 2.57179, 3.92254, 1.8087, 1.11347, 1.26965, 1.49067, 2.84808, 4.16811, 1.56602, 3.98605, 3.79476, 2.83279, 3.45546, 2.41564, 3.90372, 4.07776
2.10876, 1.01754, 3.44038, 1.15656, 2.57169, 3.9213, 1.81415, 1.11119, 1.27346, 1.48854, 2.8479, 4.16699, 1.56631, 3.98491, 3.7938, 2.8315, 3.45416, 2.41387, 3.90326, 4.07682
2.11184, 1.01586, 3.43535, 1.15535, 2.5716, 3.92006, 1.81957, 1.10892, 1.2773, 1.48639, 2.84773, 4.16588, 1.56659, 3.98377, 3.79283, 2.83021, 3.45286, 2.41209, 3.9028, 4.07588
2.11492, 1.01418, 3.43033, 1.15414, 2.5715, 3.91883, 1.825, 1.10666, 1.28113, 1.48424, 2.84756, 4.16476, 1.56688, 3.98263, 3.79187, 2.82893, 3.45156, 2.41031, 3.90234, 4.07494
2.11792, 1.01254, 3.42519, 1.1529, 2.57141, 3.91759, 1.83039, 1.10441, 1.28502, 1.48207, 2.84738, 4.16365, 1.56717, 3.98148, 3.7909, 2.82764, 3.45026, 2.40853, 3.90188, 4.074
2.12093, 1.0109, 3.42006, 1.15167, 2.57131, 3.91635, 1.83577, 1.10216, 1.28891, 1.47989, 2.84721, 4.16253, 1.56745, 3.98034, 3.78993, 2.82635, 3.44895, 2.40675, 3.90141, 4.07305
2.12386, 1.0093, 3.41481, 1.1504, 2.57122, 3.9151, 1.84111, 1.09992, 1.29286, 1.47768, 2.84704, 4.16141, 1.56774, 3.97919, 3.78896, 2.82505, 3.44764, 2.40496, 3.90095, 4.07211
2.12676, 1.00772, 3.4095, 1.14913, 2.57112, 3.91386, 1.84643, 1.0977, 1.29684, 1.47545, 2.84686, 4.1603, 1.56802, 3.97805, 3.78799, 2.82376, 3.44633, 2.40317, 3.90049, 4.07117
