0.224887
0.277401
0.20012
0.355752
0.114389
0.226675
0.324121
0.170364
0.338732
0.163775
0.312039
0.213134
0.39754
0.116695
0.198145
0.356457
0.182254
0.313919
0.25431
0.36049
0.199518
0.328169
0.256264
0.380199
0.194941
0.303097
0.316617
0.300759
0.330705
0.289725
0.358497
0.259635
0.386299
0.231257
0.331444
0.316877
0.342982
0.308819
0.363644
0.288255
0.401439
0.245996
0.329532
0.351996
0.323811
0.367467
0.309909
0.394761
0.281032
0.361839
0.330969
0.376557
0.317832
0.401158
0.292524
0.363247
0.346979
0.371302
0.341921
0.383219
0.33198
0.401522
0.314386
0.3758
0.351005
0.384912
0.34418
0.39797
0.332667
0.388508
0.348189
0.400299
0.338048
0.388647
0.355578
0.397706
0.348408
0.395497
0.354332
0.399948
0.352361
0.394756
0.361333
0.402256
0.35562
0.393666
0.368059
0.399122
0.36441
0.399582
0.366299
0.399676
0.368466
0.400191
0.370042
0.400105
0.372164
0.400736
0.373386
0.400414
