0.115769
0.132533
0.132551
0.13257
0.132589
0.132608
0.132627
0.132647
0.132666
0.132686
0.132705
0.132725
0.132745
0.132766
0.132786
0.132806
0.132827
0.132848
0.132869
0.13289
0.132911
0.132932
0.132953
0.132974
0.132996
0.133018
0.133039
0.133061
0.133083
0.133105
0.133127
0.133149
0.133172
0.133194
0.133216
0.133239
0.133261
0.133284
0.133307
0.13333
0.133353
0.133376
0.133399
0.133422
0.133445
0.133468
0.133491
0.133514
0.133538
0.133561
0.133565
0.133337
0.133357
0.133378
0.133398
0.133419
0.133439
0.133459
0.13348
0.1335
0.133521
0.133541
0.133562
0.133582
0.133603
0.133624
0.133644
0.133665
0.133685
0.133706
0.133726
0.133747
0.133767
0.133788
0.133808
0.133828
0.133849
0.133869
0.13389
0.13391
0.13393
0.133951
0.133971
0.133991
0.134011
0.134031
0.134052
0.134072
0.134092
0.134112
0.134132
0.134152
0.134171
0.134191
0.134211
0.134231
0.134251
0.13427
0.13429
0.134309
