0.705106
0.623224
0.707559
0.430767
0.499148
0.515353
0.546891
0.534705
0.562812
0.636393
0.568111
0.412939
0.446432
0.508361
0.516835
0.540068
0.536091
0.54975
0.592862
0.581443
0.618701
0.66437
0.4935
0.567485
0.546095
0.577634
0.615279
0.594867
0.647261
0.690153
0.6835
0.69483
0.660529
0.650518
0.716899
0.746333
0.769445
0.759085
0.762379
0.757035
0.853254
0.879281
0.761937
0.758764
0.762313
0.749397
0.829615
0.862643
0.863758
0.879676
0.889881
0.872216
0.879134
0.901653
0.91723
0.920543
0.923296
0.93658
0.847997
0.85963
0.897613
0.881795
0.894048
0.910059
0.921855
0.933196
0.925836
0.903201
0.917512
0.927214
0.936526
0.945461
0.949148
0.940325
0.909323
0.924934
0.932355
0.939473
0.946301
0.95285
0.955354
0.951818
0.944836
0.945338
0.950435
0.934249
0.947011
0.947051
0.937944
0.935769
0.940648
0.945351
0.949885
0.954256
0.958471
0.954915
0.945794
0.949234
0.952907
0.95645
