0.700371
0.710008
0.677175
0.646045
0.614391
0.633639
0.652765
0.671381
0.689262
0.656702
0.3288
0.358238
0.411443
0.50704
0.488667
0.495057
0.501847
0.509036
0.516621
0.517192
0.493464
0.499131
0.50506
0.511243
0.517674
0.524343
0.507794
0.504716
0.509976
0.515393
0.520959
0.526665
0.514844
0.510027
0.514659
0.519379
0.524181
0.529057
0.522358
0.515015
0.519067
0.52316
0.527289
0.531449
0.53026
0.519643
0.523165
0.526697
0.530237
0.533779
0.53732
0.528912
0.527639
0.530695
0.533739
0.536769
0.539782
0.535888
0.531687
0.534317
0.536924
0.539507
0.542065
0.542744
0.535308
0.53756
0.539785
0.541981
0.544148
0.546285
0.543983
0.540802
0.542699
0.544567
0.546404
0.54821
0.549676
0.543644
0.545256
0.54684
0.548393
0.549918
0.551412
0.55133
0.547719
0.54906
0.550373
0.551659
0.552918
0.55415
0.552911
0.551165
0.552275
0.553359
0.554419
0.555455
0.556467
0.554365
0.554056
0.55497
