0.913652
0.880521
0.675614
0.963525
0.804309
1.23367
1.0663
1.35272
0.651454
0.852864
0.836593
0.896913
0.893039
0.93736
0.953108
0.976515
1.02253
1.01765
1.1124
1.0658
1.24881
1.05903
1.05376
1.34496
1.19897
1.30245
1.41845
1.31071
1.24634
1.42923
1.44689
1.35124
1.43895
1.48029
1.48288
1.42663
1.51061
1.47292
1.54143
1.48032
1.40456
1.56403
1.49883
1.49826
1.57613
1.51309
1.60295
1.57442
1.52312
1.61469
1.6184
1.59944
1.60308
1.61352
1.61667
1.61951
1.61803
1.62132
1.6248
1.62511
1.61967
1.6201
1.62308
1.62619
1.62944
1.60076
1.62692
1.61592
1.62799
1.62495
1.62601
1.62825
1.62686
1.62936
1.6272
1.62742
1.62972
1.63207
1.62526
1.63287
1.62833
1.63198
1.63199
1.63042
1.62593
1.63106
1.63289
1.63384
1.63217
1.62603
1.63272
1.63434
1.63064
1.63318
1.63467
1.62744
1.6201
1.63318
1.6345
1.63581
