0.869859
0.922774
1.09297
1.01741
0.849406
0.951429
0.994709
1.02008
1.13678
1.19243
1.20004
1.2364
1.14901
0.943438
0.86484
1.00573
1.05203
1.0803
1.03624
1.04374
1.03897
1.14839
1.18534
1.12245
1.1005
1.15762
1.15703
1.07302
1.05983
1.11607
1.13797
1.12314
1.09624
1.11684
1.10744
1.10874
1.14746
1.13156
1.11527
1.17655
1.20226
1.16704
1.11139
1.11811
1.18202
1.20486
1.20152
1.14657
1.1946
1.19373
1.20778
1.20853
1.21293
1.19879
1.15813
1.21069
1.21431
1.20867
1.2078
1.22509
1.24131
1.23704
1.24404
1.20987
1.19065
1.21317
1.20766
1.22211
1.23618
1.23836
1.24568
1.24767
1.23598
1.23722
1.23278
1.2448
1.25262
1.253
1.26307
1.25175
1.25521
1.23824
1.25161
1.26195
1.25763
1.26619
1.25633
1.26566
1.26918
1.27211
1.27425
1.26492
1.25876
1.26134
1.2599
1.26728
1.2678
1.27228
1.27469
1.267
