0.573364
0.629368
0.644506
0.644496
0.195238
0.540807
0.558885
0.582949
0.610088
0.6238
0.619115
0.596919
0.608562
0.62032
0.632502
0.645934
0.664135
0.673003
0.681174
0.680377
0.666512
0.628314
0.581324
0.587891
0.571578
0.593067
0.57633
0.505775
0.513155
0.52164
0.532078
0.539635
0.548474
0.5539
0.559207
0.564378
0.569401
0.574264
0.578959
0.58348
0.587824
0.59199
0.595977
0.599788
0.603425
0.606892
0.610195
0.613338
0.616329
0.619173
0.621876
0.624446
0.626889
0.629212
0.631422
0.633523
0.635524
0.637428
0.639243
0.640973
0.642623
0.644198
0.645703
0.647142
0.648518
0.649836
0.651098
0.652309
0.653471
0.654586
0.655659
0.65669
0.657683
0.65864
0.659562
0.660451
0.66131
0.662139
0.662941
0.663716
0.664467
0.665193
0.665897
0.666579
0.66724
0.667882
0.668505
0.66911
0.669698
0.670269
0.670824
0.671364
0.67189
0.672401
0.672899
0.673383
0.673856
0.674315
0.674764
0.6752
