0.0609087
0.0617273
0.0625349
0.0633308
0.0641146
0.0648861
0.0656448
0.0663906
0.0671234
0.0678432
0.0685499
0.0692436
0.0699245
0.0704463
0.0733559
0.0740192
0.0746711
0.075312
0.0759425
0.0765629
0.0771741
0.0777764
0.0783707
0.0789576
0.0795379
0.0801124
0.0802274
0.0824953
0.0830684
0.0836418
0.0842174
0.0847974
0.0853849
0.0859837
0.0862341
0.0879401
0.0886066
0.0893256
0.0896401
0.0899447
0.0902397
0.0905253
0.0908019
0.0910698
0.0913292
0.0915804
0.0918179
0.0926957
0.0929224
0.0931421
0.0933548
0.0935607
0.0937602
0.0939534
0.0941406
0.0943218
0.0944973
0.0946674
0.0948321
0.0949916
0.0951461
0.0952958
0.0954408
0.0955813
0.0957174
0.0958492
0.095977
0.0961007
0.0962206
0.0963368
0.0964493
0.0965584
0.096664
0.0967664
0.0968657
0.0969618
0.097055
0.0971453
0.0972328
0.0973176
0.0973998
0.0974794
0.0975566
0.097622
0.0979
0.0979701
0.0980381
0.0981039
0.0981678
0.0982297
0.0982897
0.0983479
0.0984043
0.0984589
0.0985119
0.0985633
0.0986131
0.0986613
0.0987082
0.0987535
