0.068938
0.0739511
0.0794153
0.085352
0.0917828
0.0987299
0.106216
0.114264
0.122897
0.13214
0.140879
0.14904
0.157763
0.167068
0.176973
0.187494
0.194392
0.199388
0.202807
0.204832
0.210911
0.207438
0.215572
0.216025
0.221651
0.224824
0.226766
0.230526
0.231843
0.239085
0.239303
0.245903
0.248097
0.251393
0.254663
0.25606
0.263754
0.263287
0.271573
0.271732
0.278846
0.279033
0.281267
0.287779
0.28862
0.29648
0.295982
0.305114
0.303332
0.310509
0.310957
0.314236
0.318695
0.321296
0.326294
0.32828
0.333742
0.335171
0.341028
0.340651
0.343333
0.34818
0.350428
0.354753
0.357337
0.361011
0.362779
0.363112
0.362125
0.367378
0.3676
0.369978
0.372543
0.371755
0.374504
0.376719
0.378207
0.378842
0.380741
0.381896
0.382777
0.383384
0.383577
0.387036
0.386008
0.388338
0.390147
0.389594
0.391356
0.393132
0.392791
0.392802
0.393817
0.393769
0.394639
0.394874
0.39463
0.396354
0.396652
0.396696
