1.02174, 0.801404, 2.56942, 2.01949, 2.7604, 2.1527, 3.49268, 3.19454, 1.87041, 1.62245
0.75469, 0.569063, 2.50639, 1.96843, 2.70261, 2.10642, 3.45579, 3.15951, 1.78109, 1.53962
1.24524, 1.03727, 2.35231, 1.86287, 2.56975, 2.01427, 3.38288, 3.09346, 1.08446, 1.12044
1.59944, 1.33113, 1.93115, 1.63769, 2.29379, 1.85187, 3.27199, 2.99595, 1.44037, 1.37396
1.48611, 1.22991, 1.85139, 1.56591, 2.2284, 1.79695, 3.23569, 2.96134, 1.32779, 1.2529
1.35709, 1.11468, 1.76837, 1.49119, 2.16221, 1.74136, 3.19999, 2.92732, 1.19471, 1.10979
1.19922, 0.973685, 1.68111, 1.41266, 2.09506, 1.68496, 3.16489, 2.89385, 1.01657, 0.918232
1.23519, 1.01, 1.72557, 1.45859, 2.14729, 1.744, 3.81197, 3.62585, 1.05162, 0.951928
1.30417, 1.07983, 1.81101, 1.54711, 2.24839, 1.85829, 3.15666, 2.87639, 1.11877, 1.01674
1.33964, 1.11564, 1.85613, 1.59373, 2.30391, 1.92104, 3.66738, 3.46185, 1.15316, 1.0498
1.19842, 0.986958, 1.78648, 1.5299, 2.25163, 1.87545, 3.64177, 3.43673, 0.96585, 0.852314
1.26328, 1.05204, 1.87199, 1.61783, 2.35994, 1.99698, 2.92941, 2.6183, 1.02699, 0.911422
1.29524, 1.08413, 1.91495, 1.66204, 2.41658, 2.06047, 3.06342, 2.7715, 1.05701, 0.940479
1.32669, 1.11571, 1.9578, 1.70613, 2.4747, 2.12562, 3.28037, 3.01951, 1.08649, 0.969009
1.20058, 0.999127, 1.90213, 1.65441, 2.43406, 2.08907, 3.25383, 2.99407, 0.858231, 0.731982
1.22907, 1.02762, 1.94225, 1.69556, 2.4902, 2.15161, 3.40837, 3.16903, 0.88374, 0.756816
1.50637, 1.27578, 1.61727, 1.46768, 2.32638, 2.02831, 3.33883, 3.1053, 1.07758, 0.924272
1.42244, 1.19866, 1.55141, 1.40219, 2.28674, 1.99191, 3.31538, 3.08258, 0.828622, 0.679302
1.64619, 1.39653, 1.85446, 1.65138, 1.93846, 1.73087, 3.22839, 3.00196, 0.970645, 0.803456
1.58005, 1.33617, 1.80389, 1.60294, 1.8914, 1.68583, 3.20542, 2.97968, 0.821381, 0.660854
1.60877, 1.36547, 1.8372, 1.63624, 1.92649, 1.721, 3.34412, 3.12527, 0.842716, 0.681886
1.66689, 1.37144, 1.90492, 1.63454, 1.9982, 1.71583, 3.36794, 3.03992, 0.880119, 0.693448
1.60538, 1.31749, 1.85851, 1.59213, 1.95513, 1.67657, 3.34735, 3.02062, 0.742354, 0.568964
1.63135, 1.34454, 1.88877, 1.62346, 1.98704, 1.7099, 3.45287, 3.1641, 0.761182, 0.587613
1.68495, 1.35063, 1.95284, 1.62225, 2.05555, 1.70522, 3.4688, 3.08573, 0.793833, 0.598455
1.73862, 1.35672, 2.01793, 1.62102, 2.12572, 1.70042, 3.48548, 3.00363, 0.82589, 0.609099
1.68468, 1.3126, 1.97729, 1.58687, 2.08799, 1.66896, 3.46711, 2.9873, 0.706176, 0.511501
1.70761, 1.33748, 2.00401, 1.61652, 2.11609, 1.70087, 3.53072, 3.1283, 0.722508, 0.527796
1.75717, 1.34349, 2.06579, 1.61551, 2.18349, 1.69627, 3.54225, 3.05505, 0.750731, 0.537603
1.70768, 1.30407, 2.02893, 1.58557, 2.14935, 1.66881, 3.52581, 3.04043, 0.653049, 0.461038
1.72851, 1.32701, 2.05326, 1.61343, 2.17493, 1.69901, 3.57231, 3.16455, 0.667692, 0.475637
1.77424, 1.33285, 2.11191, 1.61255, 2.23976, 1.6945, 3.58062, 3.09931, 0.692775, 0.48462
1.8199, 1.33867, 2.17168, 1.61166, 2.30671, 1.68984, 3.58922, 3.03183, 0.717323, 0.49341
1.8392, 1.36085, 2.19408, 1.63933, 2.3301, 1.72022, 3.6161, 3.14838, 0.730844, 0.507034
1.52571, 1.25335, 2.10639, 1.58897, 2.25586, 1.67642, 3.58897, 3.1252, 0.922103, 0.682199
1.47628, 1.20974, 2.07544, 1.56491, 2.2275, 1.65483, 3.57562, 3.1132, 0.823889, 0.603185
1.5099, 1.21527, 2.12674, 1.5656, 2.28627, 1.65228, 3.58324, 3.05434, 0.847052, 0.610918
1.46089, 1.17311, 2.09732, 1.54342, 2.25941, 1.6325, 3.57038, 3.04305, 0.758551, 0.542008
1.47621, 1.18902, 2.11579, 1.56597, 2.27875, 1.65758, 3.5977, 3.14128, 0.770363, 0.553882
1.50679, 1.19433, 2.16425, 1.56661, 2.33525, 1.65494, 3.60363, 3.08878, 0.790948, 0.560969
1.46083, 1.15559, 2.13768, 1.54698, 2.31104, 1.63755, 3.59204, 3.07854, 0.715524, 0.503535
1.4747, 1.1701, 2.15452, 1.56803, 2.32864, 1.66114, 3.61342, 3.16416, 0.726158, 0.514207
1.50251, 1.17515, 2.2003, 1.56859, 2.38305, 1.65838, 3.61819, 3.11713, 0.744548, 0.520687
1.51567, 1.18907, 2.21628, 1.58916, 2.39967, 1.68162, 3.63379, 3.19285, 0.754616, 0.530831
1.74681, 1.34713, 2.01219, 1.49408, 2.25708, 1.62547, 3.60487, 3.16794, 0.828403, 0.59255
1.7164, 1.32263, 1.98726, 1.47505, 2.23555, 1.60969, 3.59516, 3.15913, 0.760292, 0.540167
1.74514, 1.32634, 2.02235, 1.47726, 2.27933, 1.60906, 3.59989, 3.11743, 0.776826, 0.545916
1.71597, 1.30327, 1.99869, 1.45956, 2.259, 1.59451, 3.5906, 3.10914, 0.717161, 0.501213
1.74292, 1.307, 2.03195, 1.46197, 2.30119, 1.59432, 3.59554, 3.06802, 0.732398, 0.50663
1.7546, 1.32008, 2.04455, 1.47736, 2.31456, 1.61254, 3.6116, 3.13626, 0.740742, 0.515044
1.72793, 1.29926, 2.0231, 1.46153, 2.2962, 1.59961, 3.60319, 3.12872, 0.689925, 0.477589
1.75269, 1.30276, 2.05404, 1.46376, 2.33624, 1.59929, 3.60726, 3.0918, 0.703655, 0.482533
1.76332, 1.31475, 2.06553, 1.47797, 2.34841, 1.61625, 3.6205, 3.15192, 0.711206, 0.490133
1.78718, 1.31799, 2.0957, 1.47991, 2.38834, 1.61546, 3.62382, 3.11785, 0.724237, 0.494805
1.76382, 1.30023, 2.07703, 1.46653, 2.37241, 1.60464, 3.61633, 3.11121, 0.680784, 0.463953
1.77351, 1.31124, 2.08751, 1.47966, 2.38349, 1.62046, 3.62736, 3.16432, 0.68763, 0.470834
1.79541, 1.31426, 2.11556, 1.48146, 2.42147, 1.61956, 3.63021, 3.13356, 0.699396, 0.475093
1.77409, 1.29821, 2.09864, 1.46945, 2.40709, 1.60993, 3.6234, 3.12751, 0.662222, 0.448982
1.72483, 1.26082, 2.06169, 1.44323, 2.3765, 1.58951, 3.60973, 3.11523, 0.905136, 0.735417
1.70318, 1.24452, 2.0451, 1.43146, 2.3626, 1.5802, 3.60329, 3.1095, 0.860766, 0.693532
1.68165, 1.22831, 2.02879, 1.41989, 2.34899, 1.57109, 3.59702, 3.10393, 0.818595, 0.653723
1.66023, 1.21218, 2.01276, 1.40852, 2.33568, 1.56217, 3.59094, 3.09852, 0.779134, 0.616472
1.6389, 1.19613, 1.997, 1.39734, 2.32266, 1.55345, 3.58502, 3.09325, 0.74273, 0.582107
1.65494, 1.19907, 2.01788, 1.39958, 2.35125, 1.55413, 3.58832, 3.06682, 0.752619, 0.585388
1.66195, 1.20695, 2.02556, 1.40917, 2.35938, 1.56586, 3.5992, 3.11005, 0.758051, 0.590758
1.6424, 1.19234, 2.01126, 1.3991, 2.3476, 1.55805, 3.59382, 3.10525, 0.725826, 0.560901
1.65706, 1.19506, 2.03052, 1.40116, 2.37444, 1.55861, 3.59664, 3.08138, 0.734767, 0.563914
1.66344, 1.20226, 2.03753, 1.40997, 2.38186, 1.56946, 3.60593, 3.12002, 0.739686, 0.568783
1.64553, 1.18895, 2.02453, 1.40088, 2.37119, 1.56245, 3.60104, 3.11566, 0.7112, 0.54284
1.65893, 1.19146, 2.0423, 1.40278, 2.39638, 1.5629, 3.60347, 3.09406, 0.719295, 0.545602
1.66474, 1.19804, 2.0487, 1.41087, 2.40314, 1.57294, 3.61146, 3.12864, 0.723756, 0.550022
1.64834, 1.18592, 2.03689, 1.40266, 2.39347, 1.56663, 3.60701, 3.12467, 0.698574, 0.527448
1.66057, 1.18824, 2.05327, 1.4044, 2.41711, 1.56699, 3.60912, 3.10511, 0.705912, 0.529979
1.66587, 1.19424, 2.0591, 1.41183, 2.42326, 1.57626, 3.61603, 3.1361, 0.70996, 0.533993
1.65085, 1.1832, 2.04837, 1.40441, 2.4145, 1.57059, 3.61198, 3.13248, 0.687681, 0.514308
1.66203, 1.18533, 2.06346, 1.40601, 2.43665, 1.57087, 3.61383, 3.11475, 0.694339, 0.516624
1.66686, 1.19081, 2.06878, 1.41282, 2.44225, 1.57943, 3.61985, 3.14256, 0.698016, 0.520273
1.65311, 1.18076, 2.05902, 1.40611, 2.43432, 1.57433, 3.61616, 3.13926, 0.678275, 0.50306
1.66332, 1.18272, 2.07292, 1.40758, 2.45506, 1.57454, 3.61778, 3.12317, 0.684321, 0.505179
1.66772, 1.18772, 2.07778, 1.41383, 2.46017, 1.58243, 3.62305, 3.14817, 0.687664, 0.508498
1.672, 1.19259, 2.08251, 1.41991, 2.46514, 1.59013, 3.6279, 3.17121, 0.69091, 0.51172
1.65988, 1.18375, 2.07394, 1.41404, 2.45819, 1.58567, 3.62466, 3.16829, 0.673756, 0.496916
1.66896, 1.18548, 2.08641, 1.41531, 2.47717, 1.5857, 3.62596, 3.15442, 0.679095, 0.498795
1.67286, 1.18992, 2.09073, 1.42089, 2.48169, 1.5928, 3.63023, 3.17517, 0.682048, 0.501727
1.66178, 1.18186, 2.08294, 1.41557, 2.47539, 1.58878, 3.62728, 3.17251, 0.666777, 0.488687
1.67007, 1.18346, 2.0944, 1.41673, 2.49313, 1.58877, 3.62845, 3.15989, 0.671631, 0.490405
1.67362, 1.18751, 2.09834, 1.42184, 2.49725, 1.5953, 3.63222, 3.1786, 0.674318, 0.493074
1.66349, 1.18017, 2.09125, 1.41702, 2.49153, 1.59168, 3.62953, 3.17617, 0.660698, 0.481556
1.67106, 1.18163, 2.10179, 1.41809, 2.5081, 1.59163, 3.63057, 3.16469, 0.665115, 0.483126
1.6743, 1.18533, 2.10539, 1.42277, 2.51186, 1.59764, 3.63392, 3.18157, 0.667561, 0.485557
1.66504, 1.17864, 2.09894, 1.4184, 2.50666, 1.59437, 3.63147, 3.17936, 0.65539, 0.475355
1.66808, 1.18211, 2.10232, 1.4228, 2.5102, 1.60003, 3.6346, 3.19469, 0.657685, 0.477635
1.67481, 1.18341, 2.11175, 1.42373, 2.52528, 1.59988, 3.63546, 3.18469, 0.661588, 0.479025
1.66634, 1.1773, 2.10588, 1.41976, 2.52056, 1.59692, 3.63323, 3.18267, 0.650695, 0.469966
1.66912, 1.18047, 2.10897, 1.42379, 2.52379, 1.60213, 3.63602, 3.19654, 0.652786, 0.472043
1.67525, 1.18166, 2.11762, 1.42464, 2.53784, 1.60197, 3.6368, 3.18743, 0.65634, 0.473313
1.66751, 1.17609, 2.11227, 1.42103, 2.53355, 1.59929, 3.63476, 3.18559, 0.646574, 0.465248
1.67005, 1.17899, 2.11509, 1.42473, 2.53649, 1.60408, 3.63725, 3.19816, 0.648479, 0.467141
1.67251, 1.1818, 2.11783, 1.42831, 2.53935, 1.60874, 3.63958, 3.20995, 0.650328, 0.468978
1.66543, 1.1767, 2.11297, 1.42502, 2.53545, 1.6063, 3.63774, 3.20827, 0.64161, 0.461753
