0.456513
0.463298
0.470247
0.46418
0.471617
0.480416
0.486564
0.491815
0.488147
0.49657
0.501047
0.497092
0.495382
0.498066
0.5005
0.499108
0.502281
0.504672
0.507081
0.509525
0.512032
0.513895
0.513088
0.514954
0.516854
0.518812
0.520875
0.51867
0.516507
0.518606
0.517741
0.519305
0.520364
0.521662
0.52333
0.523656
0.524689
0.525634
0.525981
0.526936
0.527816
0.528016
0.525309
0.525816
0.526645
0.527166
0.526549
0.52765
0.528504
0.528999
0.529715
0.530185
0.530581
0.53132
0.531707
0.532172
0.532787
0.532098
0.53063
0.531574
0.532078
0.532644
0.53282
0.533334
0.533827
0.534013
0.534456
0.534939
0.535092
0.535532
0.535953
0.536124
0.536131
0.535184
0.535543
0.535908
0.536087
0.536366
0.536734
0.536903
0.537175
0.537485
0.53768
0.537871
0.538188
0.538381
0.538562
0.538694
0.53789
0.538221
0.538414
0.538547
0.538774
0.538994
0.539074
0.539283
0.539487
0.539602
0.539751
0.53995
