0.341219
0.36895
0.408065
0.326808
0.415379
0.41829
0.400942
0.377313
0.286258
0.108664
0.184444
0.331304
0.364306
0.335276
0.466025
0.44989
0.412699
0.477125
0.446573
0.486043
0.494318
0.492984
0.509517
0.495699
0.489951
0.516329
0.484567
0.484573
0.516334
0.5144
0.526527
0.505876
0.531312
0.526178
0.526165
0.543858
0.537758
0.538335
0.543277
0.538862
0.553845
0.546633
0.559069
0.56377
0.564835
0.56076
0.552084
0.571295
0.579349
0.573683
0.585301
0.581196
0.58487
0.583437
0.588246
0.586036
0.595098
0.587636
0.597709
0.603579
0.589744
0.598546
0.60187
0.597021
0.604682
0.61238
0.616201
0.614523
0.619251
0.620572
0.623073
0.622343
0.62522
0.628023
0.630754
0.629826
0.629109
0.620952
0.633751
0.635322
0.632518
0.629998
0.632134
0.633692
0.634233
0.636172
0.637972
0.639725
0.639966
0.638895
0.640496
0.639819
0.64205
0.642625
0.643651
0.645036
0.645554
0.644386
0.645651
0.646131
