0.661018
0.680234
0.646081
0.545185
0.630601
0.651731
0.734415
0.805685
0.743761
0.951434
0.799792
0.890388
1.03085
1.01242
1.08666
1.1849
1.16408
1.00476
1.08685
0.957739
0.998673
0.962526
1.03383
1.07213
1.04659
1.03384
1.11512
1.19997
1.16835
1.03449
1.20443
1.24122
1.05528
0.969415
1.13421
1.20634
1.18386
1.24702
1.24751
1.25692
1.27012
1.31512
1.28763
1.10811
1.19833
1.17894
1.18523
1.25
1.25386
1.27591
1.33415
1.32124
1.31608
1.35887
1.3622
1.35239
1.20527
1.28692
1.2722
1.329
1.32913
1.31728
1.35523
1.36298
1.36122
1.37875
1.39075
1.38949
1.37218
1.3695
1.3874
1.40459
1.40285
1.40645
1.41944
1.40699
1.40411
1.42391
1.40961
1.40388
1.40891
1.40509
1.38617
1.39688
1.40362
1.40056
1.41783
1.41859
1.40351
1.39839
1.4166
1.41663
1.40951
1.42375
1.42366
1.41787
1.42316
1.42709
1.42955
1.43165
