0.293461
0.303917
0.316276
0.330815
0.34784
0.343348
0.323846
0.337928
0.354097
0.372603
0.358807
0.345537
0.360929
0.378265
0.397232
0.350785
0.365071
0.380936
0.398142
0.405425
0.370808
0.385579
0.400795
0.415793
0.410712
0.392592
0.405484
0.419453
0.434662
0.417413
0.415186
0.428995
0.444242
0.446372
0.428987
0.444309
0.464048
0.476954
0.459675
0.461755
0.47341
0.485499
0.490319
0.472933
0.484166
0.496098
0.509369
0.500562
0.497466
0.511447
0.520043
0.528
0.509772
0.517457
0.524988
0.532362
0.539579
0.540862
0.531224
0.537703
0.544034
0.550219
0.556263
0.559502
0.549361
0.554813
0.560064
0.5649
0.569631
0.574265
0.578813
0.579504
0.574347
0.578508
0.582599
0.586632
0.58863
0.583054
0.586777
0.590462
0.594124
0.596335
0.591369
0.591163
0.586628
0.589796
0.59295
0.589232
0.590759
0.593729
0.596712
0.597846
0.595044
0.597914
0.600853
0.603917
0.602709
0.601754
0.603468
0.605126
