1.31943
1.36887
1.40807
1.43799
1.46015
1.4762
1.48767
1.4958
1.50155
1.50563
1.50853
1.5106
1.5121
1.51318
1.51397
1.51456
1.51499
1.51531
1.51556
1.51575
1.51589
1.516
1.51609
1.51615
1.51621
1.51625
1.51628
1.51631
1.51633
1.51635
1.51636
1.51638
1.51639
1.51639
1.5164
1.51641
1.51641
1.51642
1.51642
1.51642
1.51642
1.51643
1.51643
1.51643
1.51643
1.51643
1.51643
1.51643
1.51644
1.51644
1.51644
1.51644
1.51644
1.51644
1.51644
1.51644
1.51644
1.51644
1.51644
1.51644
1.51644
1.51644
1.51644
1.51644
1.51644
1.51644
1.51644
1.51644
1.51644
1.51644
1.51644
1.51644
1.51644
1.51644
1.51644
1.51644
1.51644
1.51644
1.51644
1.51644
1.51644
1.51644
1.51644
1.51644
1.51644
1.51644
1.51644
1.51644
1.51644
1.51644
1.51644
1.51644
1.51644
1.51644
1.51644
1.51644
1.51644
1.51644
1.51644
1.51644
