0.478738
0.497662
0.515406
0.531215
0.544692
0.520597
0.491925
0.509301
0.526071
0.541773
0.556105
0.568946
0.580336
0.590425
0.599425
0.607562
0.61505
0.622076
0.628796
0.635337
0.641801
0.648267
0.654798
0.661443
0.668244
0.675232
0.682434
0.689874
0.697574
0.705553
0.713829
0.722424
0.731357
0.740653
0.750336
0.760437
0.770994
0.78205
0.793662
0.805901
0.818863
0.832679
0.847539
0.863743
0.881809
0.902853
0.930529
0.947555
0.966287
0.987878
1.0155
1.02702
1.0382
1.03169
1.02272
1.03293
1.04141
1.02509
1.03443
1.0409
1.0272
1.03573
1.04041
1.02909
1.03689
1.03997
1.03078
1.03791
1.03955
1.03231
1.03883
1.03917
1.0337
1.03966
1.03882
1.03496
1.04041
1.03849
1.03611
1.04108
1.03819
1.03715
1.0417
1.03791
1.0381
1.04216
1.03467
1.03859
1.04195
1.03545
1.03904
1.04176
1.03617
1.03944
1.04158
1.03682
1.03981
1.04142
1.03742
1.04015
