0.0149802
0.0150097
0.0150395
0.0150695
0.0150998
0.0151304
0.0151612
0.0151922
0.0152235
0.0152551
0.0152868
0.0153189
0.0153511
0.0153836
0.0154163
0.0154492
0.0154824
0.0155158
0.0155494
0.0155831
0.0156171
0.0156513
0.0156857
0.0157203
0.0157551
0.0157901
0.0158252
0.0158605
0.015896
0.0159317
0.0159675
0.0160035
0.0160397
0.016076
0.0161125
0.0161491
0.0161858
0.0162227
0.0162597
0.0162968
0.0163341
0.0163715
0.016409
0.0164466
0.0164843
0.0165221
0.0165601
0.0165981
0.0166362
0.0166744
0.0167127
0.016751
0.0167895
0.016828
0.0168665
0.0169052
0.0169439
0.0169826
0.0170214
0.0170602
0.0170991
0.017138
0.017177
0.017216
0.017255
0.017294
0.0173331
0.0173722
0.0174112
0.0174503
0.0174894
0.0175285
0.0175676
0.0176067
0.0176458
0.0176849
0.0177239
0.0177629
0.0178019
0.0178409
0.0178798
0.0179188
0.0179576
0.0179965
0.0180352
0.018074
0.0181127
0.0181513
0.0181899
0.0182284
0.0182669
0.0183053
0.0183436
0.0183819
0.0184201
0.0184582
0.0184962
0.0185342
0.018572
0.0186098
