0.207102, 3.83533, 2.60132, 1.09724, 0.445925, 3.52708, 1.30899, 1.89262, 1.15173, 2.34812, 4.8779, 0.175408, 0.158229, 2.9516, 1.63489, 2.68121, 2.02613, 4.83575, 4.33236, 0.732212, 3.19281, 4.65664, 4.07683, 2.85016, 4.72093, 0.773139, 1.71616, 0.477205, 0.10311, 4.28276
0.207102, 3.83533, 2.60491, 1.08858, 0.452686, 3.52858, 1.31052, 1.89274, 1.14513, 2.34367, 4.88077, 0.168388, 0.156413, 2.94693, 1.62131, 2.68846, 2.03177, 4.84219, 4.33268, 0.729326, 3.17454, 4.6544, 4.07927, 2.84014, 4.70991, 0.763581, 1.7219, 0.467542, 0.0971559, 4.2808
0.207102, 3.83533, 2.6081, 1.07866, 0.455376, 3.5258, 1.31882, 1.89084, 1.13312, 2.34036, 4.88135, 0.166215, 0.157539, 2.94874, 1.61058, 2.69615, 2.02985, 4.83827, 4.33037, 0.717478, 3.16317, 4.65858, 4.07459, 2.82065, 4.68666, 0.754817, 1.7252, 0.457543, 0.095328, 4.27851
0.207102, 3.83533, 2.61195, 1.06248, 0.460818, 3.52018, 1.32524, 1.88117, 1.12777, 2.33146, 4.88138, 0.159129, 0.151719, 2.93492, 1.60957, 2.70493, 2.02707, 4.83849, 4.32757, 0.710074, 3.14516, 4.66217, 4.06992, 2.80937, 4.66206, 0.743053, 1.72936, 0.438945, 0.0941053, 4.27647
0.207102, 3.83533, 2.61688, 1.04911, 0.46384, 3.51693, 1.33258, 1.87571, 1.11995, 2.32136, 4.87748, 0.152923, 0.147304, 2.92585, 1.60972, 2.70436, 2.02582, 4.84338, 4.32675, 0.701174, 3.13452, 4.67103, 4.06665, 2.79976, 4.64318, 0.726619, 1.7316, 0.428377, 0.101218, 4.28563
0.207102, 3.83533, 2.62014, 1.03671, 0.470497, 3.50425, 1.33616, 1.87145, 1.12093, 2.31386, 4.87916, 0.15412, 0.149019, 2.91361, 1.60916, 2.70799, 2.01975, 4.8459, 4.32915, 0.695922, 3.1232, 4.68376, 4.06794, 2.78525, 4.6228, 0.715864, 1.73088, 0.419304, 0.10196, 4.28818
0.207102, 3.83533, 2.61907, 1.028, 0.478465, 3.49741, 1.34008, 1.87413, 1.12471, 2.30467, 4.88442, 0.150559, 0.149082, 2.91174, 1.60683, 2.70562, 2.01646, 4.85019, 4.33185, 0.685031, 3.10705, 4.70109, 4.06778, 2.77635, 4.60649, 0.70052, 1.73437, 0.40863, 0.107631, 4.28599
0.207102, 3.83533, 2.61941, 1.02321, 0.482132, 3.4932, 1.34223, 1.87612, 1.12713, 2.29906, 4.88666, 0.139844, 0.146076, 2.9073, 1.60553, 2.70773, 2.01794, 4.85287, 4.32918, 0.67301, 3.09442, 4.71812, 4.06553, 2.77214, 4.59057, 0.680242, 1.73785, 0.402766, 0.119179, 4.28829
0.207102, 3.83533, 2.62023, 1.01023, 0.489154, 3.48522, 1.34565, 1.88169, 1.13198, 2.29843, 4.88591, 0.133092, 0.139493, 2.9047, 1.60196, 2.71539, 2.01814, 4.85584, 4.32961, 0.662295, 3.07987, 4.72849, 4.07222, 2.77293, 4.57071, 0.66382, 1.74168, 0.38601, 0.12144, 4.29014
0.207102, 3.83533, 2.61816, 0.999567, 0.501283, 3.4739, 1.35257, 1.887, 1.13811, 2.29668, 4.88602, 0.123183, 0.131471, 2.89969, 1.59923, 2.7213, 2.0206, 4.85735, 4.32678, 0.651996, 3.06948, 4.74077, 4.07776, 2.77072, 4.5529, 0.6547, 1.74917, 0.370443, 0.121206, 4.28899
0.207102, 3.83533, 2.61713, 0.990612, 0.509488, 3.46573, 1.36076, 1.89203, 1.14571, 2.29908, 4.88745, 0.111069, 0.127413, 2.89264, 1.59906, 2.73131, 2.02206, 4.85835, 4.32581, 0.646615, 3.05305, 4.74921, 4.08457, 2.76575, 4.53446, 0.639597, 1.75514, 0.359567, 0.116369, 4.29045
0.207102, 3.83533, 2.61557, 0.974385, 0.522927, 3.45779, 1.37081, 1.89926, 1.14867, 2.29864, 4.89437, 0.102686, 0.122334, 2.89077, 1.5981, 2.7448, 2.02913, 4.8636, 4.32898, 0.640375, 3.0394, 4.75837, 4.08664, 2.7674, 4.52434, 0.622129, 1.76201, 0.346928, 0.11925, 4.29866
0.207102, 3.83533, 2.61532, 0.958172, 0.53264, 3.45074, 1.37873, 1.90335, 1.15337, 2.29753, 4.89493, 0.095262, 0.123251, 2.88617, 1.59252, 2.75356, 2.03491, 4.87, 4.33051, 0.637012, 3.02418, 4.76589, 4.08517, 2.76516, 4.51265, 0.608094, 1.77059, 0.331097, 0.115215, 4.29601
0.207102, 3.83533, 2.6194, 0.947604, 0.541427, 3.44181, 1.38744, 1.90918, 1.15559, 2.29737, 4.89452, 0.0864472, 0.122447, 2.88197, 1.58429, 2.76697, 2.04236, 4.8736, 4.33294, 0.633072, 3.01037, 4.77394, 4.08763, 2.76279, 4.49965, 0.593983, 1.7774, 0.314835, 0.111074, 4.30058
0.207102, 3.83533, 2.61993, 0.939098, 0.551408, 3.43163, 1.39212, 1.91086, 1.16099, 2.29889, 4.89645, 0.0778977, 0.120436, 2.87828, 1.57732, 2.78059, 2.04704, 4.87514, 4.33864, 0.629045, 2.99501, 4.78615, 4.0896, 2.75915, 4.48543, 0.580688, 1.78198, 0.296135, 0.110422, 4.30263
0.207102, 3.83533, 2.62433, 0.930987, 0.567193, 3.42172, 1.39951, 1.91366, 1.17026, 2.29745, 4.90047, 0.0689751, 0.120426, 2.87957, 1.56998, 2.79071, 2.05439, 4.87646, 4.34302, 0.62783, 2.97918, 4.79845, 4.09157, 2.75401, 4.46645, 0.567336, 1.78581, 0.274623, 0.105302, 4.30197
0.207102, 3.83533, 2.62905, 0.922452, 0.578336, 3.413, 1.40834, 1.91535, 1.17951, 2.29222, 4.90086, 0.0604543, 0.124161, 2.87351, 1.56414, 2.80382, 2.06316, 4.87459, 4.3447, 0.62543, 2.96672, 4.80773, 4.09374, 2.74294, 4.44902, 0.553195, 1.79078, 0.254553, 0.0997836, 4.30044
0.207102, 3.83533, 2.63261, 0.909659, 0.589154, 3.40641, 1.41727, 1.91784, 1.18655, 2.28326, 4.90012, 0.0468643, 0.122815, 2.86661, 1.55407, 2.81645, 2.07162, 4.87103, 4.34566, 0.624032, 2.94973, 4.81171, 4.09041, 2.73214, 4.427, 0.540756, 1.79233, 0.232453, 0.100789, 4.29819
0.207102, 3.83533, 2.63914, 0.898055, 0.602068, 3.3983, 1.42482, 1.9226, 1.19635, 2.27616, 4.89994, 0.033214, 0.124938, 2.86102, 1.54797, 2.82932, 2.07989, 4.8711, 4.3463, 0.620959, 2.93134, 4.81848, 4.09096, 2.72349, 4.40787, 0.529485, 1.79578, 0.210298, 0.101634, 4.29591
0.207102, 3.83533, 2.64548, 0.882038, 0.614606, 3.39104, 1.43349, 1.92456, 1.20633, 2.26846, 4.89837, 0.0185175, 0.122596, 2.85405, 1.53978, 2.84296, 2.08913, 4.87398, 4.35016, 0.617688, 2.91553, 4.82812, 4.09099, 2.71641, 4.38687, 0.514933, 1.80023, 0.188014, 0.104341, 4.29727
0.207102, 3.83533, 2.65157, 0.869845, 0.631183, 3.3825, 1.44238, 1.92856, 1.21574, 2.26212, 4.89661, 0.00434805, 0.121724, 2.84361, 1.52996, 2.85414, 2.09601, 4.87787, 4.35131, 0.617465, 2.89824, 4.83391, 4.09259, 2.70923, 4.36077, 0.500681, 1.8053, 0.166881, 0.107487, 4.29587
0.207102, 3.83533, 2.65965, 0.854473, 0.646761, 3.37707, 1.44938, 1.92763, 1.22496, 2.25585, 4.89315, -0.0067483, 0.119692, 2.83786, 1.51734, 2.86791, 2.10545, 4.88249, 4.35382, 0.615869, 2.88059, 4.84137, 4.09792, 2.70033, 4.33728, 0.48782, 1.81262, 0.145529, 0.113065, 4.29762
0.207102, 3.83533, 2.66879, 0.841702, 0.663946, 3.37234, 1.45758, 1.92761, 1.2352, 2.25018, 4.89168, 0.00487045, 0.116787, 2.83076, 1.50356, 2.8808, 2.11293, 4.8861, 4.35521, 0.616874, 2.86464, 4.84888, 4.10039, 2.69154, 4.31161, 0.471967, 1.81829, 0.125755, 0.116341, 4.2971
0.207102, 3.83533, 2.67653, 0.828196, 0.680137, 3.36611, 1.465, 1.92727, 1.24697, 2.24381, 4.88961, 0.0167522, 0.115307, 2.8237, 1.48701, 2.89139, 2.12063, 4.88893, 4.35654, 0.619553, 2.84575, 4.85705, 4.10078, 2.68348, 4.28895, 0.454863, 1.82141, 0.106662, 0.116691, 4.29845
0.207102, 3.83533, 2.68313, 0.815477, 0.695337, 3.3619, 1.47099, 1.92718, 1.25768, 2.23773, 4.88601, 0.0297345, 0.115451, 2.81686, 1.47157, 2.90299, 2.12619, 4.89249, 4.35962, 0.623331, 2.82443, 4.86506, 4.10125, 2.67599, 4.26463, 0.436826, 1.82794, 0.0872957, 0.119672, 4.29773
0.207102, 3.83533, 2.68956, 0.802969, 0.710663, 3.36174, 1.47665, 1.92619, 1.26978, 2.22979, 4.88326, 0.041196, 0.112112, 2.80966, 1.45683, 2.91423, 2.13286, 4.89432, 4.36057, 0.62769, 2.80501, 4.87236, 4.10222, 2.66753, 4.24138, 0.417772, 1.8338, 0.0654885, 0.122238, 4.30094
0.207102, 3.83533, 2.6964, 0.791434, 0.722915, 3.35924, 1.48156, 1.92577, 1.28259, 2.22483, 4.88076, 0.0531715, 0.107772, 2.80382, 1.44295, 2.92569, 2.13961, 4.89401, 4.36226, 0.633265, 2.78725, 4.88136, 4.10041, 2.65606, 4.21731, 0.396803, 1.8416, 0.0444984, 0.125927, 4.30372
0.207102, 3.83533, 2.70164, 0.778297, 0.736019, 3.35577, 1.48556, 1.92471, 1.2958, 2.22182, 4.8787, 0.0636465, 0.102764, 2.7967, 1.42928, 2.93666, 2.1479, 4.89606, 4.36442, 0.637616, 2.76996, 4.88921, 4.10079, 2.64582, 4.19271, 0.375015, 1.84908, 0.0217753, 0.130682, 4.30746
0.207102, 3.83533, 2.70549, 0.765758, 0.748963, 3.35027, 1.48813, 1.9243, 1.30776, 2.21872, 4.87775, 0.0728292, 0.0959088, 2.78939, 1.41397, 2.94646, 2.15463, 4.89615, 4.36695, 0.643484, 2.75401, 4.8973, 4.10137, 2.63511, 4.16633, 0.353276, 1.85678, -0.00229234, 0.13415, 4.31127
0.207102, 3.83533, 2.71004, 0.751666, 0.761603, 3.34353, 1.49084, 1.92452, 1.31987, 2.21664, 4.8767, 0.0830101, 0.0897125, 2.78244, 1.39984, 2.95685, 2.16071, 4.89564, 4.36866, 0.647051, 2.73682, 4.90411, 4.10208, 2.62409, 4.13933, 0.332088, 1.86593, 0.0213196, 0.136414, 4.31624
0.207102, 3.83533, 2.71502, 0.736839, 0.776392, 3.33889, 1.49386, 1.92508, 1.33037, 2.21186, 4.87511, 0.0972916, 0.0847613, 2.77228, 1.38562, 2.96678, 2.16592, 4.89653, 4.3708, 0.649486, 2.71943, 4.91168, 4.10067, 2.6124, 4.11268, 0.311593, 1.87548, 0.0459739, 0.139446, 4.31869
0.207102, 3.83533, 2.71908, 0.722634, 0.790332, 3.33482, 1.49606, 1.92639, 1.34228, 2.20939, 4.87319, 0.109259, 0.0791323, 2.7629, 1.37283, 2.97539, 2.1718, 4.89641, 4.37306, 0.649764, 2.70184, 4.92081, 4.1013, 2.60027, 4.0872, 0.29119, 1.88475, 0.0693296, 0.142328, 4.32204
0.207102, 3.83533, 2.72293, 0.708444, 0.80253, 3.33049, 1.50162, 1.92664, 1.35505, 2.20676, 4.87195, 0.121882, 0.0703816, 2.75158, 1.36084, 2.98152, 2.17729, 4.89669, 4.37562, 0.652755, 2.68416, 4.93286, 4.10114, 2.58915, 4.06095, 0.268742, 1.89463, 0.0920392, 0.144167, 4.32634
0.207102, 3.83533, 2.72758, 0.694834, 0.815903, 3.32608, 1.5062, 1.92777, 1.36654, 2.20398, 4.87069, 0.134296, 0.0623471, 2.73993, 1.34937, 2.98858, 2.1813, 4.89642, 4.37603, 0.6545, 2.66725, 4.94247, 4.10322, 2.57856, 4.03457, 0.246673, 1.90488, 0.115911, 0.147177, 4.32995
0.207102, 3.83533, 2.73314, 0.680687, 0.827691, 3.32088, 1.5116, 1.9284, 1.37944, 2.20156, 4.87081, 0.147196, 0.0547453, 2.73063, 1.33706, 2.99406, 2.18647, 4.89736, 4.37783, 0.654819, 2.65023, 4.95207, 4.10367, 2.56655, 4.00596, 0.224161, 1.91436, 0.137987, 0.151339, 4.33321
0.207102, 3.83533, 2.73815, 0.666932, 0.840903, 3.31662, 1.51591, 1.92788, 1.39233, 2.19843, 4.86986, 0.157561, 0.0471384, 2.72153, 1.32461, 3.00224, 2.18974, 4.89792, 4.3813, 0.655149, 2.63354, 4.96309, 4.10486, 2.55427, 3.97897, 0.201053, 1.92485, 0.162334, 0.154788, 4.33715
0.207102, 3.83533, 2.74137, 0.652316, 0.852904, 3.31166, 1.51891, 1.92792, 1.40413, 2.19666, 4.87005, 0.168148, 0.0401818, 2.71257, 1.31222, 3.00809, 2.19301, 4.89798, 4.38221, 0.655896, 2.61736, 4.97485, 4.1067, 2.54212, 3.95183, 0.177471, 1.93471, 0.186425, 0.158167, 4.33906
0.207102, 3.83533, 2.74465, 0.637339, 0.86476, 3.3073, 1.52333, 1.92731, 1.41524, 2.19563, 4.87015, 0.18002, 0.0312092, 2.70434, 1.30027, 3.01443, 2.19517, 4.8962, 4.38339, 0.657071, 2.60057, 4.98603, 4.10762, 2.53084, 3.92432, 0.155358, 1.94489, 0.210142, 0.161336, 4.34205
0.207102, 3.83533, 2.74983, 0.624007, 0.877711, 3.30397, 1.52679, 1.92812, 1.42739, 2.19347, 4.86957, 0.192133, 0.0220577, 2.69519, 1.28897, 3.01961, 2.1974, 4.89371, 4.38445, 0.65768, 2.58334, 4.99688, 4.10894, 2.52114, 3.8961, 0.133179, 1.95441, 0.234085, 0.165265, 4.34351
0.207102, 3.83533, 2.75513, 0.610416, 0.888874, 3.29856, 1.52973, 1.92748, 1.44051, 2.19156, 4.86952, 0.204534, 0.0139768, 2.68698, 1.27717, 3.02624, 2.19958, 4.89244, 4.38592, 0.658178, 2.56723, 5.00766, 4.11031, 2.51226, 3.86815, 0.110621, 1.96525, 0.257195, 0.169951, 4.34466
0.207102, 3.83533, 2.76002, 0.596343, 0.899538, 3.2949, 1.53232, 1.92729, 1.4546, 2.18953, 4.8696, 0.216336, 0.00541886, 2.67896, 1.26437, 3.03117, 2.2023, 4.89124, 4.38825, 0.658199, 2.55158, 4.99629, 4.11157, 2.50272, 3.83997, 0.0879295, 1.97596, 0.280589, 0.173783, 4.3455
0.207102, 3.83533, 2.76518, 0.58198, 0.911094, 3.2905, 1.53458, 1.92719, 1.46836, 2.18702, 4.87007, 0.229681, -0.00283351, 2.67017, 1.25246, 3.03566, 2.20437, 4.88881, 4.39014, 0.659488, 2.53557, 4.98436, 4.11287, 2.49276, 3.81079, 0.0648289, 1.98653, 0.304903, 0.177471, 4.34759
0.207102, 3.83533, 2.77015, 0.567577, 0.922211, 3.28616, 1.5374, 1.92725, 1.48229, 2.1838, 4.87004, 0.24217, 0.00504811, 2.66105, 1.2412, 3.04003, 2.20639, 4.88698, 4.39185, 0.659592, 2.51931, 4.97145, 4.11447, 2.48339, 3.78245, 0.0416267, 1.99772, 0.32826, 0.179626, 4.34931
0.207102, 3.83533, 2.77447, 0.553614, 0.934432, 3.28185, 1.53985, 1.9271, 1.49612, 2.18155, 4.87109, 0.254989, 0.0118242, 2.65136, 1.2288, 3.04441, 2.20736, 4.88582, 4.3931, 0.658802, 2.50323, 4.95846, 4.11667, 2.47314, 3.75361, 0.0185871, 2.00837, 0.351719, 0.182213, 4.35074
0.207102, 3.83533, 2.77917, 0.539084, 0.946402, 3.278, 1.5427, 1.92688, 1.50871, 2.17847, 4.87234, 0.266713, 0.01885, 2.64256, 1.2172, 3.04904, 2.20868, 4.88411, 4.39338, 0.658337, 2.48736, 4.94481, 4.11923, 2.46317, 3.72488, -0.00403562, 2.01989, 0.375783, 0.184438, 4.35145
0.207102, 3.83533, 2.78427, 0.525248, 0.958997, 3.27453, 1.54444, 1.92701, 1.52175, 2.17508, 4.87281, 0.27873, 0.025578, 2.63389, 1.20587, 3.05377, 2.2113, 4.88272, 4.39481, 0.657699, 2.4714, 4.9304, 4.12118, 2.45283, 3.697, 0.0184574, 2.03115, 0.399807, 0.185871, 4.35197
0.207102, 3.83533, 2.7894, 0.511652, 0.971827, 3.27002, 1.54663, 1.92758, 1.53475, 2.17149, 4.87344, 0.291544, 0.03214, 2.62538, 1.19399, 3.05933, 2.21309, 4.8815, 4.39533, 0.65833, 2.45526, 4.91665, 4.1228, 2.44302, 3.66897, 0.0409384, 2.04336, 0.423958, 0.187994, 4.35262
0.207102, 3.83533, 2.79405, 0.497881, 0.984132, 3.26587, 1.54827, 1.92822, 1.54832, 2.16727, 4.87279, 0.304322, 0.039061, 2.61648, 1.18232, 3.06418, 2.21493, 4.87911, 4.3952, 0.659246, 2.43858, 4.90301, 4.12519, 2.43288, 3.64044, 0.064004, 2.05519, 0.448213, 0.190066, 4.35319
0.207102, 3.83533, 2.79852, 0.483903, 0.995932, 3.26159, 1.55029, 1.9291, 1.56196, 2.16354, 4.87245, 0.316225, 0.0451425, 2.6077, 1.17074, 3.06874, 2.21719, 4.87808, 4.39568, 0.659324, 2.42206, 4.88883, 4.1279, 2.42195, 3.61305, 0.0871148, 2.06667, 0.472252, 0.192182, 4.35338
0.207102, 3.83533, 2.80318, 0.46969, 1.00809, 3.25734, 1.55212, 1.92956, 1.57541, 2.15924, 4.87259, 0.328077, 0.0516805, 2.59857, 1.15958, 3.0735, 2.21933, 4.87702, 4.3958, 0.659514, 2.40561, 4.87483, 4.12997, 2.41098, 3.58558, 0.110176, 2.07838, 0.495708, 0.194958, 4.35368
0.207102, 3.83533, 2.8079, 0.454896, 1.02012, 3.25357, 1.55358, 1.93015, 1.58922, 2.15473, 4.87298, 0.340088, 0.058088, 2.58924, 1.14804, 3.07815, 2.22024, 4.87561, 4.3959, 0.65962, 2.38859, 4.86117, 4.13123, 2.39986, 3.55739, 0.132994, 2.09026, 0.518843, 0.197267, 4.35402
0.207102, 3.83533, 2.81297, 0.441507, 1.0321, 3.24974, 1.55486, 1.9311, 1.6034, 2.15029, 4.87339, 0.352407, 0.0647759, 2.58049, 1.13622, 3.08326, 2.22088, 4.87452, 4.3963, 0.659648, 2.37186, 4.84691, 4.13287, 2.3888, 3.52905, 0.155788, 2.10229, 0.541977, 0.199455, 4.35468
0.207102, 3.83533, 2.81769, 0.427531, 1.04321, 3.24549, 1.55664, 1.93194, 1.61756, 2.14569, 4.87479, 0.364882, 0.0714177, 2.57164, 1.12455, 3.08791, 2.22239, 4.87313, 4.3966, 0.659328, 2.35457, 4.83349, 4.13366, 2.37778, 3.49998, 0.178803, 2.11474, 0.56536, 0.20078, 4.35561
0.207102, 3.83533, 2.82216, 0.4134, 1.05436, 3.24188, 1.55786, 1.9328, 1.63148, 2.14167, 4.87612, 0.377367, 0.0785413, 2.56248, 1.11239, 3.09336, 2.22408, 4.87224, 4.3966, 0.65929, 2.33693, 4.81986, 4.13483, 2.36684, 3.47122, 0.202328, 2.12747, 0.588528, 0.202702, 4.35575
0.207102, 3.83533, 2.82626, 0.399618, 1.06552, 3.23873, 1.55911, 1.93352, 1.64537, 2.13767, 4.87729, 0.389808, 0.0849797, 2.55271, 1.10035, 3.09921, 2.2251, 4.8717, 4.39689, 0.658712, 2.31943, 4.80658, 4.13635, 2.35574, 3.44341, 0.225661, 2.14006, 0.612053, 0.204811, 4.35588
0.207102, 3.83533, 2.83095, 0.386039, 1.07658, 3.23563, 1.5606, 1.93414, 1.65937, 2.13361, 4.87888, 0.401413, 0.0915022, 2.54375, 1.0881, 3.10473, 2.22622, 4.8711, 4.39716, 0.657972, 2.30181, 4.79355, 4.13787, 2.34467, 3.41553, 0.249536, 2.15224, 0.635305, 0.207072, 4.35567
0.207102, 3.83533, 2.83552, 0.372761, 1.08732, 3.23291, 1.56133, 1.93456, 1.67341, 2.12955, 4.88086, 0.413641, 0.0976532, 2.53438, 1.07543, 3.11049, 2.22771, 4.87044, 4.39709, 0.657184, 2.28422, 4.78066, 4.13945, 2.33357, 3.38765, 0.273008, 2.16381, 0.658933, 0.209401, 4.35572
0.207102, 3.83533, 2.84007, 0.359313, 1.09849, 3.23021, 1.56244, 1.9346, 1.6877, 2.12537, 4.88246, 0.426357, 0.103555, 2.52559, 1.0628, 3.11657, 2.22922, 4.86966, 4.39762, 0.657054, 2.26645, 4.76758, 4.14128, 2.32179, 3.35981, 0.296149, 2.17545, 0.682232, 0.211872, 4.35579
0.207102, 3.83533, 2.84455, 0.346052, 1.10958, 3.2277, 1.5637, 1.9349, 1.70175, 2.12122, 4.88427, 0.438826, 0.109385, 2.51696, 1.04986, 3.12231, 2.23056, 4.86891, 4.39792, 0.656857, 2.24863, 4.75438, 4.14287, 2.31063, 3.332, 0.319593, 2.18739, 0.705765, 0.213924, 4.35583
0.207102, 3.83533, 2.84857, 0.332538, 1.12085, 3.22504, 1.56505, 1.93475, 1.71588, 2.1174, 4.88588, 0.451706, 0.115159, 2.50807, 1.03674, 3.12802, 2.23229, 4.86852, 4.39875, 0.656253, 2.23073, 4.74118, 4.14477, 2.29936, 3.30408, 0.342829, 2.19856, 0.729287, 0.215608, 4.35566
0.207102, 3.83533, 2.85301, 0.31943, 1.13219, 3.22219, 1.566, 1.93469, 1.73013, 2.11343, 4.88775, 0.464825, 0.120749, 2.4991, 1.0242, 3.13392, 2.23408, 4.86785, 4.39917, 0.655822, 2.21282, 4.72735, 4.14655, 2.28842, 3.27598, 0.366147, 2.20963, 0.753105, 0.217483, 4.35535
0.207102, 3.83533, 2.85729, 0.305869, 1.14382, 3.21879, 1.56765, 1.93451, 1.74452, 2.10926, 4.88937, 0.477831, 0.126327, 2.48999, 1.01135, 3.14002, 2.23614, 4.86722, 4.39923, 0.655306, 2.19503, 4.71394, 4.14831, 2.27735, 3.2485, 0.389394, 2.22068, 0.777316, 0.219995, 4.35534
0.207102, 3.83533, 2.86142, 0.292138, 1.15549, 3.21616, 1.56891, 1.93448, 1.75881, 2.10505, 4.8915, 0.491243, 0.131946, 2.4809, 0.998581, 3.14576, 2.23822, 4.86724, 4.39966, 0.654378, 2.17678, 4.70036, 4.15051, 2.26634, 3.22066, 0.412275, 2.23173, 0.801197, 0.222203, 4.3554
0.207102, 3.83533, 2.86578, 0.278532, 1.16745, 3.21325, 1.56992, 1.93445, 1.77338, 2.10096, 4.89328, 0.504267, 0.137837, 2.4719, 0.986146, 3.15136, 2.2402, 4.86693, 4.40008, 0.653436, 2.15869, 4.68706, 4.15232, 2.25503, 3.19262, 0.435455, 2.24275, 0.825155, 0.224174, 4.35516
0.207102, 3.83533, 2.87003, 0.2644, 1.17915, 3.2103, 1.57062, 1.9346, 1.78805, 2.0966, 4.8953, 0.517025, 0.144134, 2.46285, 0.973518, 3.15701, 2.24206, 4.86672, 4.40106, 0.652662, 2.14055, 4.67375, 4.1539, 2.24418, 3.16451, 0.45875, 2.25403, 0.848826, 0.226257, 4.35507
0.207102, 3.83533, 2.87415, 0.250667, 1.1906, 3.20726, 1.57143, 1.93458, 1.80277, 2.09225, 4.89721, 0.529519, 0.149935, 2.45389, 0.960748, 3.16285, 2.2441, 4.86663, 4.40159, 0.651727, 2.12266, 4.66022, 4.15536, 2.23325, 3.13618, 0.482158, 2.26497, 0.872669, 0.228013, 4.35491
0.207102, 3.83533, 2.87854, 0.23684, 1.20226, 3.20427, 1.57233, 1.93455, 1.81734, 2.08776, 4.89895, 0.54203, 0.155761, 2.44491, 0.947748, 3.16845, 2.24621, 4.86624, 4.40201, 0.650851, 2.10466, 4.6469, 4.1574, 2.22234, 3.10774, 0.505498, 2.27593, 0.896722, 0.229727, 4.35474
0.207102, 3.83533, 2.883, 0.222978, 1.21444, 3.20103, 1.57302, 1.93417, 1.83211, 2.0832, 4.90074, 0.554581, 0.161806, 2.43599, 0.935275, 3.17438, 2.24827, 4.86606, 4.4027, 0.649678, 2.08634, 4.63381, 4.1594, 2.21128, 3.07923, 0.52902, 2.28713, 0.920724, 0.231573, 4.35459
0.207102, 3.83533, 2.88725, 0.209189, 1.22639, 3.19783, 1.57365, 1.93387, 1.84711, 2.07821, 4.90274, 0.567195, 0.167773, 2.42704, 0.922485, 3.1804, 2.25036, 4.86608, 4.40351, 0.648657, 2.06804, 4.62046, 4.1614, 2.20037, 3.05072, 0.55236, 2.29825, 0.944607, 0.233547, 4.35439
0.207102, 3.83533, 2.89134, 0.195332, 1.23855, 3.19468, 1.57403, 1.93371, 1.86187, 2.07332, 4.90493, 0.579689, 0.173497, 2.41809, 0.90973, 3.18637, 2.25218, 4.86653, 4.40439, 0.647757, 2.04993, 4.60719, 4.16332, 2.18938, 3.02222, 0.575661, 2.30943, 0.968662, 0.235469, 4.35429
0.207102, 3.83533, 2.89564, 0.181489, 1.25033, 3.19145, 1.57469, 1.93335, 1.87693, 2.06856, 4.90689, 0.592095, 0.179232, 2.40886, 0.896956, 3.19217, 2.25399, 4.86694, 4.40529, 0.646711, 2.03167, 4.59389, 4.16529, 2.17822, 2.99388, 0.598762, 2.32057, 0.99284, 0.23738, 4.35406
0.207102, 3.83533, 2.8998, 0.167637, 1.26199, 3.18809, 1.57532, 1.93301, 1.89193, 2.06389, 4.90897, 0.604864, 0.184753, 2.39975, 0.884423, 3.19817, 2.25568, 4.86733, 4.40633, 0.645664, 2.0135, 4.58071, 4.16748, 2.16717, 2.96594, 0.622105, 2.33161, 1.01694, 0.239084, 4.3542
0.207102, 3.83533, 2.90401, 0.153778, 1.27378, 3.18494, 1.57595, 1.93266, 1.90704, 2.05917, 4.91116, 0.617526, 0.190343, 2.39058, 0.871662, 3.20413, 2.25747, 4.86767, 4.4072, 0.644712, 1.99545, 4.56754, 4.16949, 2.15615, 2.93796, 0.645166, 2.34257, 1.04102, 0.240764, 4.35407
0.207102, 3.83533, 2.90793, 0.139872, 1.2857, 3.18172, 1.57672, 1.93228, 1.92237, 2.05457, 4.91308, 0.630158, 0.19591, 2.38166, 0.859039, 3.21, 2.25938, 4.86784, 4.40818, 0.643547, 1.97742, 4.55468, 4.17154, 2.14487, 2.90975, 0.668403, 2.35334, 1.06516, 0.242645, 4.35411
0.207102, 3.83533, 2.91171, 0.125701, 1.29747, 3.17847, 1.57741, 1.93178, 1.93767, 2.04994, 4.91519, 0.643001, 0.201586, 2.37245, 0.846409, 3.21567, 2.26096, 4.86807, 4.40922, 0.642306, 1.95945, 4.54186, 4.17368, 2.13368, 2.88174, 0.691546, 2.36397, 1.08925, 0.244486, 4.35402
0.207102, 3.83533, 2.91545, 0.111737, 1.30928, 3.17541, 1.57804, 1.93138, 1.95298, 2.04514, 4.91735, 0.65569, 0.206955, 2.36337, 0.833796, 3.22141, 2.26276, 4.8685, 4.41023, 0.641011, 1.94132, 4.52909, 4.17571, 2.12264, 2.85376, 0.714637, 2.37454, 1.11332, 0.246312, 4.35379
0.207102, 3.83533, 2.91929, 0.0976173, 1.32119, 3.17215, 1.57865, 1.93105, 1.96828, 2.04044, 4.91951, 0.668363, 0.212365, 2.35447, 0.821235, 3.22688, 2.26439, 4.86871, 4.41131, 0.639677, 1.92308, 4.51647, 4.17807, 2.11166, 2.8257, 0.737824, 2.38514, 1.13738, 0.248245, 4.35374
0.207102, 3.83533, 2.92313, 0.0833577, 1.33308, 3.16881, 1.57929, 1.93067, 1.98351, 2.03574, 4.92168, 0.68105, 0.217931, 2.34533, 0.808863, 3.2326, 2.26611, 4.86891, 4.41227, 0.638435, 1.90489, 4.50387, 4.18022, 2.10073, 2.79761, 0.761294, 2.39572, 1.16149, 0.249978, 4.35368
0.207102, 3.83533, 2.92686, 0.068963, 1.34497, 3.16563, 1.58003, 1.93033, 1.99885, 2.03118, 4.92367, 0.693703, 0.223525, 2.33634, 0.796253, 3.23823, 2.26779, 4.86916, 4.41332, 0.637255, 1.88671, 4.49142, 4.18253, 2.08979, 2.76965, 0.784582, 2.40614, 1.18573, 0.251718, 4.35369
0.207102, 3.83533, 2.93053, 0.0544991, 1.35686, 3.16229, 1.58058, 1.92992, 2.01411, 2.0266, 4.92577, 0.706238, 0.229029, 2.32719, 0.783779, 3.24385, 2.26947, 4.8695, 4.41435, 0.636008, 1.86844, 4.47886, 4.18467, 2.0789, 2.74154, 0.807904, 2.41633, 1.20992, 0.253569, 4.3537
0.207102, 3.83533, 2.93436, 0.0399704, 1.36896, 3.15906, 1.58123, 1.92955, 2.02931, 2.02201, 4.92785, 0.718786, 0.234613, 2.31811, 0.771216, 3.24956, 2.27123, 4.86973, 4.4153, 0.63482, 1.85006, 4.46639, 4.18687, 2.06794, 2.71348, 0.831324, 2.42653, 1.23423, 0.255408, 4.35372
0.207102, 3.83533, 2.93812, 0.0253092, 1.38094, 3.15593, 1.58186, 1.9292, 2.04453, 2.01742, 4.93003, 0.731329, 0.240086, 2.30914, 0.758758, 3.25538, 2.27296, 4.86994, 4.41634, 0.633617, 1.83184, 4.45396, 4.18915, 2.05701, 2.68555, 0.854627, 2.43684, 1.2585, 0.257169, 4.35369
0.207102, 3.83533, 2.94199, 0.0107307, 1.39295, 3.15276, 1.58247, 1.92875, 2.05964, 2.01286, 4.93225, 0.743796, 0.245677, 2.30013, 0.746312, 3.26122, 2.27473, 4.87013, 4.41724, 0.632248, 1.81367, 4.44166, 4.19144, 2.04613, 2.65766, 0.877967, 2.4471, 1.28284, 0.258912, 4.35374
0.207102, 3.83533, 2.94579, -0.00378877, 1.40499, 3.14963, 1.58307, 1.92824, 2.07473, 2.00829, 4.9345, 0.75639, 0.251233, 2.29124, 0.73376, 3.26708, 2.27655, 4.87034, 4.41809, 0.630952, 1.79548, 4.42938, 4.19379, 2.03526, 2.62966, 0.901089, 2.45734, 1.30724, 0.260671, 4.35377
0.207102, 3.83533, 2.94955, 0.0107521, 1.41708, 3.14643, 1.5837, 1.92779, 2.08987, 2.00365, 4.9368, 0.768954, 0.256754, 2.2824, 0.721229, 3.27299, 2.27831, 4.87064, 4.41876, 0.62964, 1.77722, 4.41712, 4.19599, 2.0243, 2.60174, 0.924235, 2.46748, 1.33164, 0.26241, 4.35389
0.207102, 3.83533, 2.95338, 0.0252934, 1.42899, 3.14323, 1.5844, 1.92739, 2.10511, 1.99902, 4.93909, 0.781551, 0.262355, 2.27354, 0.708716, 3.27891, 2.28022, 4.87094, 4.41962, 0.62838, 1.75898, 4.40476, 4.19828, 2.01333, 2.57395, 0.947345, 2.47764, 1.35599, 0.264233, 4.35393
0.207102, 3.83533, 2.95731, 0.0397873, 1.44112, 3.14007, 1.58499, 1.92695, 2.12029, 1.99444, 4.94147, 0.794028, 0.268047, 2.2647, 0.69624, 3.28477, 2.28204, 4.8712, 4.42055, 0.627141, 1.74073, 4.39242, 4.20049, 2.00237, 2.54621, 0.970448, 2.48778, 1.38029, 0.266064, 4.3539
0.207102, 3.83533, 2.96122, 0.0542386, 1.45325, 3.13693, 1.58547, 1.92659, 2.13541, 1.98982, 4.94371, 0.806518, 0.273804, 2.25591, 0.683814, 3.29059, 2.28403, 4.87142, 4.42131, 0.625816, 1.72246, 4.38007, 4.2027, 1.99127, 2.51845, 0.993477, 2.49793, 1.40461, 0.267948, 4.35389
0.207102, 3.83533, 2.96526, 0.0687416, 1.4653, 3.13385, 1.58599, 1.92626, 2.15064, 1.98519, 4.94605, 0.819002, 0.279505, 2.24716, 0.671405, 3.29653, 2.28601, 4.87162, 4.42222, 0.624458, 1.70425, 4.36772, 4.20488, 1.98016, 2.49079, 1.01663, 2.50802, 1.42897, 0.269807, 4.35391
0.207102, 3.83533, 2.96924, 0.0832741, 1.47744, 3.13073, 1.58643, 1.9259, 2.16588, 1.98047, 4.94843, 0.831561, 0.285233, 2.23835, 0.65903, 3.3024, 2.28791, 4.87192, 4.42315, 0.623051, 1.68598, 4.35538, 4.20712, 1.96903, 2.46316, 1.03969, 2.51811, 1.45329, 0.27174, 4.35396
0.207102, 3.83533, 2.97328, 0.0977907, 1.48952, 3.12757, 1.58689, 1.92553, 2.18115, 1.97575, 4.95079, 0.84408, 0.290903, 2.22952, 0.646688, 3.3083, 2.28987, 4.87223, 4.42399, 0.621625, 1.66769, 4.34306, 4.20933, 1.95789, 2.4354, 1.06282, 2.52822, 1.47754, 0.273553, 4.35408
0.207102, 3.83533, 2.97724, 0.112334, 1.50161, 3.12448, 1.58742, 1.92524, 2.19635, 1.97099, 4.95313, 0.856623, 0.296536, 2.22071, 0.634374, 3.31408, 2.29183, 4.8725, 4.42493, 0.620308, 1.64946, 4.33073, 4.21151, 1.94674, 2.40767, 1.08593, 2.53835, 1.5018, 0.275364, 4.35419
0.207102, 3.83533, 2.98124, 0.126893, 1.51359, 3.12139, 1.58796, 1.92496, 2.21154, 1.9663, 4.95553, 0.869187, 0.302154, 2.2118, 0.622053, 3.31992, 2.29385, 4.87273, 4.42586, 0.618977, 1.63117, 4.31841, 4.21368, 1.93552, 2.37997, 1.10896, 2.54854, 1.52603, 0.277239, 4.35426
0.207102, 3.83533, 2.98525, 0.141398, 1.52553, 3.1183, 1.58839, 1.92465, 2.22673, 1.96156, 4.9579, 0.881748, 0.307728, 2.2029, 0.609756, 3.32571, 2.2958, 4.87303, 4.42677, 0.617664, 1.61288, 4.30607, 4.21581, 1.92427, 2.35231, 1.13209, 2.5587, 1.55025, 0.279126, 4.35438
0.207102, 3.83533, 2.9893, 0.155999, 1.5375, 3.1152, 1.58882, 1.92431, 2.24189, 1.95682, 4.96027, 0.894368, 0.313249, 2.19397, 0.597463, 3.33156, 2.29775, 4.87325, 4.42774, 0.616334, 1.59465, 4.29372, 4.21794, 1.91303, 2.32463, 1.15525, 2.56883, 1.57448, 0.280982, 4.35452
0.207102, 3.83533, 2.99334, 0.170547, 1.5495, 3.11214, 1.58928, 1.92396, 2.25709, 1.95209, 4.96263, 0.906986, 0.318871, 2.18507, 0.585112, 3.33739, 2.29973, 4.87348, 4.42874, 0.614984, 1.57644, 4.28136, 4.22008, 1.90178, 2.29684, 1.17835, 2.57897, 1.59869, 0.282831, 4.35472
0.207102, 3.83533, 2.99735, 0.185114, 1.56146, 3.10901, 1.58972, 1.92363, 2.27225, 1.94733, 4.96495, 0.919592, 0.324523, 2.17627, 0.572793, 3.34316, 2.30175, 4.87374, 4.42976, 0.613726, 1.55814, 4.26901, 4.2222, 1.89052, 2.26913, 1.20147, 2.58907, 1.62287, 0.284752, 4.35496
0.207102, 3.83533, 3.00128, 0.199642, 1.57338, 3.10596, 1.59021, 1.92332, 2.28735, 1.94262, 4.96726, 0.932102, 0.330135, 2.1675, 0.560477, 3.34896, 2.30373, 4.87403, 4.43081, 0.612449, 1.53983, 4.25671, 4.22428, 1.8793, 2.24136, 1.22459, 2.59916, 1.64701, 0.286634, 4.35514
0.207102, 3.83533, 3.00518, 0.214204, 1.58535, 3.10295, 1.59068, 1.92301, 2.30247, 1.93786, 4.96956, 0.944601, 0.33577, 2.15873, 0.548185, 3.35477, 2.30567, 4.87436, 4.43185, 0.611145, 1.52146, 4.24435, 4.2264, 1.86812, 2.21355, 1.24775, 2.60919, 1.67113, 0.288512, 4.35536
0.207102, 3.83533, 3.00911, 0.228803, 1.59725, 3.09995, 1.59118, 1.9227, 2.31759, 1.93313, 4.97187, 0.957084, 0.341445, 2.14993, 0.535891, 3.36056, 2.30758, 4.87461, 4.43288, 0.609873, 1.5031, 4.23201, 4.22851, 1.85687, 2.18577, 1.27087, 2.61916, 1.69521, 0.290387, 4.35557
