0.622061
0.63766
0.591239
0.480209
0.488765
0.513467
0.606176
0.550064
0.578417
0.620351
0.567934
0.586062
0.649851
0.58101
0.639359
0.627273
0.647967
0.646714
0.620459
0.577953
0.501364
0.546295
0.590709
0.623823
0.641776
0.624205
0.499087
0.604127
0.510015
0.591044
0.588182
0.615282
0.625312
0.622502
0.647435
0.642413
0.643061
0.64914
0.648066
0.650179
0.6573
0.651551
0.640135
0.650628
0.650712
0.65629
0.638138
0.635951
0.652071
0.633281
0.637718
0.650883
0.655566
0.647613
0.654752
0.65209
0.649117
0.654993
0.658743
0.66029
0.65007
0.653039
0.643195
0.659966
0.645738
0.657594
0.656091
0.655411
0.655076
0.661485
0.65735
0.656785
0.659549
0.657739
0.658228
0.658522
0.658511
0.661191
0.662511
0.650122
0.660998
0.661611
0.659202
0.659453
0.659685
0.659721
0.66227
0.663177
0.663088
0.658614
0.662387
0.65545
0.662593
0.663458
0.662956
0.657323
0.663195
0.661587
0.662126
0.662444
