3.92576, 4.20153, 1.96346, 2.73264, 1.35156, 1.81643, 3.5347, 0.541028, 4.46978, 0.438913, 5.06747, 2.72254, 4.65796, 3.88965, 2.63202, 2.02475, 2.8143, 3.01635, 3.61038, 3.3101
3.86027, 4.2089, 1.88863, 2.80532, 1.31676, 1.89877, 3.5052, 0.577234, 4.44067, 0.467516, 5.02393, 2.73938, 4.60443, 3.89833, 2.58233, 2.07619, 2.74278, 3.05797, 3.54678, 3.3339
3.79555, 4.21618, 1.81179, 2.87926, 1.28142, 1.98176, 3.4763, 0.612684, 4.41222, 0.495457, 4.9813, 2.75587, 4.55186, 3.90686, 2.53295, 2.12719, 2.67121, 3.0995, 3.48383, 3.35742
3.73158, 4.22339, 1.73242, 2.95479, 1.24541, 2.06561, 3.448, 0.647388, 4.38443, 0.522749, 4.93956, 2.77201, 4.50022, 3.91524, 2.48387, 2.17777, 2.59951, 3.14097, 3.42153, 3.38067
3.66835, 4.23052, 1.64982, 3.03235, 1.20857, 2.15057, 3.42029, 0.68136, 4.35729, 0.549405, 4.89871, 2.7878, 4.4495, 3.92347, 2.43506, 2.22796, 2.52759, 3.18241, 3.35984, 3.40367
3.60584, 4.23758, 1.56302, 3.11253, 1.17069, 2.23694, 3.39316, 0.714611, 4.33077, 0.575435, 4.85872, 2.80326, 4.39969, 3.93156, 2.38649, 2.27777, 2.45535, 3.22386, 3.29876, 3.42641
3.54403, 4.24456, 1.47054, 3.19618, 1.13148, 2.32513, 3.36659, 0.747153, 4.30488, 0.600852, 4.81958, 2.81838, 4.35077, 3.9395, 2.33812, 2.32724, 2.38267, 3.26537, 3.23825, 3.44891
3.4829, 4.25148, 1.37002, 3.28466, 1.09055, 2.41565, 3.34058, 0.778997, 4.27959, 0.625667, 4.78128, 2.83317, 4.30275, 3.94729, 2.28993, 2.37639, 2.30941, 3.30699, 3.17831, 3.47118
3.21383, 3.86794, 1.45986, 3.33166, 1.15768, 2.46354, 3.36385, 0.861155, 4.281, 0.713617, 4.51355, 2.6953, 4.05361, 3.75111, 2.36209, 2.45427, 2.41893, 3.38859, 3.34733, 3.70177
3.19731, 4.0206, 1.50118, 3.38623, 1.18439, 2.5053, 3.36149, 0.898656, 4.27229, 0.747782, 4.48705, 2.74638, 4.00359, 3.83914, 2.37553, 2.51071, 2.44635, 3.47359, 3.32724, 3.82173
3.13629, 4.03254, 1.39546, 3.46341, 1.13754, 2.59204, 3.33655, 0.927981, 4.24832, 0.770595, 4.45048, 2.76217, 3.95626, 3.84872, 2.32758, 2.55462, 2.37584, 3.50657, 3.27024, 3.83588
3.15169, 3.9493, 1.44923, 3.40325, 1.21701, 2.53993, 3.27281, 1.09379, 4.17156, 0.903857, 4.40008, 2.63753, 3.95041, 3.75894, 2.4234, 2.38369, 2.41774, 3.42036, 3.28365, 3.74547
3.13919, 4.11355, 1.48877, 3.45341, 1.24202, 2.57927, 3.27116, 1.13002, 4.16365, 0.936618, 4.37782, 2.68505, 3.90629, 3.84464, 2.43419, 2.43445, 2.44368, 3.49929, 3.26781, 3.86213
3.15878, 4.08116, 1.5147, 3.43333, 1.27294, 2.56335, 3.34795, 1.10425, 4.3417, 0.864156, 4.40719, 2.61916, 3.92374, 3.8037, 2.47272, 2.4084, 2.47026, 3.47152, 3.28907, 3.8274
3.10365, 4.09102, 1.41843, 3.5001, 1.22788, 2.63757, 3.32434, 1.13052, 4.3199, 0.883933, 4.37511, 2.63423, 3.88113, 3.81289, 2.43265, 2.44554, 2.40841, 3.50026, 3.23798, 3.84013
3.04909, 4.10078, 1.31119, 3.57231, 1.18063, 2.71389, 3.30124, 1.15621, 4.29863, 0.903221, 4.34374, 2.64897, 3.8393, 3.82191, 2.39296, 2.48224, 2.34648, 3.52893, 3.18753, 3.8527
3.06737, 4.07183, 1.33387, 3.55485, 1.20783, 2.69921, 3.37173, 1.13135, 4.54514, 0.817639, 4.37197, 2.58881, 3.85591, 3.78493, 2.42736, 2.45875, 2.37048, 3.50442, 3.20733, 3.82165
3.0894, 4.0344, 1.36239, 3.53237, 1.24249, 2.68031, 3.4846, 1.09499, 4.25624, 1.072, 4.40262, 2.50551, 3.87492, 3.737, 2.47207, 2.42722, 2.40051, 3.47236, 3.23118, 3.78121
3.10694, 4.00664, 1.38402, 3.51572, 1.26849, 2.66629, 3.55933, 1.06825, 4.42433, 0.992286, 4.43189, 2.444, 3.89102, 3.70124, 2.50542, 2.40445, 2.42355, 3.44885, 3.25025, 3.75134
3.09927, 4.16127, 1.41849, 3.55554, 1.28984, 2.69933, 3.55615, 1.09705, 4.4164, 1.01846, 4.41562, 2.4802, 3.85869, 3.77058, 2.51324, 2.44622, 2.44504, 3.5138, 3.23913, 3.84705
3.05197, 4.16868, 1.32158, 3.61705, 1.24628, 2.76334, 3.53649, 1.11761, 4.3976, 1.03451, 4.38962, 2.49325, 3.82273, 3.77879, 2.47942, 2.47649, 2.39233, 3.53759, 3.19578, 3.85775
3.09021, 4.10866, 1.3681, 3.58253, 1.30451, 2.73392, 3.45325, 1.22654, 4.32357, 1.10876, 4.26943, 2.55692, 3.87482, 3.69866, 2.56573, 2.41578, 2.44317, 3.48515, 3.23921, 3.79215
3.10528, 4.08432, 1.38702, 3.56771, 1.32746, 2.72104, 3.5149, 1.20095, 4.50267, 1.0214, 4.29589, 2.50671, 3.88937, 3.66673, 2.59579, 2.39471, 2.46347, 3.46403, 3.25599, 3.76568
3.09384, 4.26555, 1.41856, 3.60326, 1.34669, 2.75119, 3.51217, 1.22733, 4.49522, 1.04447, 4.28197, 2.54045, 3.86188, 3.72701, 2.60164, 2.43195, 2.48193, 3.5229, 3.24554, 3.85169
3.05147, 4.27079, 1.32888, 3.65721, 1.30608, 2.80632, 3.49403, 1.2458, 4.47854, 1.05835, 4.25819, 2.55241, 3.83024, 3.73459, 2.57217, 2.45762, 2.43576, 3.5433, 3.20721, 3.86108
3.00972, 4.27596, 1.22443, 3.71836, 1.26407, 2.8624, 3.47634, 1.26383, 4.46229, 1.07186, 4.23498, 2.56408, 3.79927, 3.742, 2.54317, 2.48284, 2.38991, 3.5635, 3.16953, 3.87031
3.05956, 4.26331, 1.25062, 3.71869, 1.28913, 2.86841, 3.49457, 1.2942, 4.46891, 1.10934, 4.3024, 2.66524, 3.91539, 3.73257, 2.57641, 2.49977, 2.42898, 3.56619, 3.22895, 3.86579
3.07178, 4.24299, 1.26621, 3.7063, 1.30823, 2.8571, 3.54702, 1.27021, 4.57006, 1.04057, 4.32277, 2.62319, 3.92743, 3.70509, 2.6015, 2.48135, 2.44593, 3.54818, 3.24292, 3.84337
3.08677, 4.2166, 1.28604, 3.6905, 1.33282, 2.84275, 3.64186, 1.2366, 4.33407, 1.21234, 4.34598, 2.56255, 3.94149, 3.66884, 2.63496, 2.45681, 2.46755, 3.52462, 3.26014, 3.81389
3.09842, 4.19724, 1.30084, 3.67874, 1.35099, 2.83199, 3.6967, 1.2112, 4.45785, 1.13825, 4.36646, 2.52065, 3.95308, 3.64243, 2.65912, 2.43907, 2.48373, 3.50743, 3.27351, 3.79245
3.09564, 4.28944, 1.32812, 3.70635, 1.36743, 2.85706, 3.6936, 1.23234, 4.45169, 1.15745, 4.35468, 2.54752, 3.93061, 3.68896, 2.66338, 2.46985, 2.49902, 3.55666, 3.2638, 3.86382
3.10626, 4.27136, 1.34203, 3.69513, 1.38455, 2.84677, 3.74689, 1.2071, 4.53747, 1.09704, 4.37413, 2.5077, 3.94146, 3.6643, 2.68609, 2.45289, 2.51406, 3.54034, 3.27609, 3.84377
3.07319, 4.27538, 1.25555, 3.74312, 1.34966, 2.8897, 3.73282, 1.22057, 4.52426, 1.10775, 4.35588, 2.51683, 3.91735, 3.67035, 2.66302, 2.47216, 2.47811, 3.5558, 3.24637, 3.85106
3.06781, 4.25622, 1.26121, 3.72004, 1.35912, 2.8576, 3.68811, 1.20349, 4.49353, 1.10113, 4.33609, 2.50025, 3.90634, 3.65224, 2.64974, 2.43212, 2.47428, 3.53015, 3.23872, 3.83038
3.06256, 4.23754, 1.26674, 3.69747, 1.36845, 2.82594, 3.64312, 1.1863, 4.46328, 1.09462, 4.31671, 2.48402, 3.89559, 3.63456, 2.63651, 2.39219, 2.47053, 3.50503, 3.23125, 3.81018
3.03199, 4.24164, 1.17391, 3.75084, 1.33718, 2.86545, 3.63034, 1.199, 4.45118, 1.10461, 4.29998, 2.4926, 3.87341, 3.64036, 2.61586, 2.41029, 2.43756, 3.5199, 3.20388, 3.81726
3.04141, 4.22625, 1.18562, 3.74162, 1.35179, 2.8567, 3.67519, 1.17923, 4.5278, 1.05336, 4.31802, 2.45853, 3.88322, 3.61924, 2.63566, 2.39619, 2.45066, 3.50616, 3.21478, 3.80022
3.04305, 4.30149, 1.20829, 3.76247, 1.36526, 2.87705, 3.6728, 1.1962, 4.5228, 1.06846, 4.30908, 2.48015, 3.86627, 3.65771, 2.63918, 2.42061, 2.46351, 3.5454, 3.20888, 3.8594
3.07801, 4.29206, 1.22638, 3.76249, 1.38314, 2.88139, 3.68405, 1.21848, 4.52681, 1.09464, 4.34644, 2.54942, 3.9616, 3.65306, 2.66238, 2.43351, 2.49149, 3.54755, 3.25132, 3.8563
3.07355, 4.27618, 1.23119, 3.74346, 1.39075, 2.85433, 3.64559, 1.2034, 4.50118, 1.08926, 4.33018, 2.53552, 3.95226, 3.63813, 2.65085, 2.39941, 2.48819, 3.52616, 3.24494, 3.83911
3.0692, 4.26071, 1.23588, 3.72489, 1.39824, 2.82771, 3.60706, 1.18829, 4.47601, 1.08397, 4.31428, 2.52193, 3.94315, 3.62357, 2.6394, 2.36553, 2.48497, 3.50523, 3.23873, 3.82235
3.07717, 4.24741, 1.24604, 3.71684, 1.411, 2.82007, 3.64525, 1.17187, 4.54346, 1.03889, 4.32927, 2.49281, 3.9514, 3.60504, 2.65674, 2.35335, 2.49627, 3.49323, 3.248, 3.80758
3.07647, 4.31253, 1.26533, 3.7354, 1.42218, 2.83781, 3.64331, 1.18645, 4.53916, 1.05179, 4.32138, 2.51149, 3.93642, 3.63676, 2.65954, 2.37406, 2.50653, 3.52724, 3.2418, 3.85842
3.05248, 4.31515, 1.1869, 3.77834, 1.39763, 2.86755, 3.63329, 1.1964, 4.52981, 1.05947, 4.30821, 2.51815, 3.91922, 3.6412, 2.64352, 2.3881, 2.48084, 3.53845, 3.22027, 3.86366
3.04877, 4.30155, 1.19116, 3.76218, 1.40412, 2.84408, 3.59876, 1.18291, 4.5077, 1.05515, 4.294, 2.50599, 3.91122, 3.62819, 2.63334, 2.35782, 2.47806, 3.51999, 3.21492, 3.84883
3.04517, 4.2883, 1.19531, 3.74642, 1.4105, 2.82103, 3.56422, 1.16942, 4.48602, 1.05091, 4.28011, 2.49411, 3.90343, 3.61552, 2.62325, 2.32778, 2.47534, 3.50197, 3.20971, 3.83438
3.0727, 4.28103, 1.20944, 3.7465, 1.42458, 2.82471, 3.57327, 1.1861, 4.48939, 1.07117, 4.31068, 2.5473, 3.98733, 3.61256, 2.6407, 2.33812, 2.49732, 3.50403, 3.24308, 3.83236
3.07928, 4.26997, 1.21784, 3.73984, 1.43525, 2.81829, 3.60451, 1.17294, 4.5464, 1.03311, 4.3229, 2.52332, 3.9941, 3.59691, 2.65529, 2.32802, 2.50674, 3.49399, 3.25077, 3.82006
3.07861, 4.32457, 1.23409, 3.75505, 1.4445, 2.83319, 3.603, 1.18511, 4.54283, 1.04384, 4.31623, 2.53904, 3.98142, 3.62267, 2.6576, 2.34511, 2.51517, 3.52244, 3.24537, 3.86306
3.05862, 4.32668, 1.1578, 3.79663, 1.42423, 2.8575, 3.59465, 1.1935, 4.53506, 1.05024, 4.30519, 2.54456, 3.96727, 3.62634, 2.64441, 2.35684, 2.49387, 3.53175, 3.22744, 3.86739
3.05554, 4.31539, 1.16142, 3.7833, 1.42949, 2.83774, 3.56507, 1.18171, 4.51665, 1.04671, 4.29349, 2.53439, 3.9605, 3.61563, 2.63561, 2.33114, 2.49148, 3.51636, 3.22298, 3.85508
3.0613, 4.30568, 1.16877, 3.77748, 1.43892, 2.83203, 3.59266, 1.17021, 4.5686, 1.01201, 4.30453, 2.51323, 3.96656, 3.60188, 2.64855, 2.32224, 2.49978, 3.5075, 3.22974, 3.84428
3.05836, 4.29501, 1.17217, 3.76485, 1.44388, 2.81315, 3.56444, 1.15937, 4.55143, 1.00903, 4.29336, 2.50368, 3.9601, 3.59177, 2.63988, 2.29759, 2.49746, 3.4929, 3.22548, 3.83263
3.05876, 4.34214, 1.18626, 3.77754, 1.45178, 2.82597, 3.56325, 1.16981, 4.54838, 1.01819, 4.28779, 2.51721, 3.94948, 3.61421, 2.64189, 2.31209, 2.50478, 3.51723, 3.22128, 3.87047
3.06527, 4.33041, 1.19503, 3.77052, 1.46322, 2.8191, 3.61079, 1.156, 4.4381, 1.09737, 4.29965, 2.48861, 3.95606, 3.59731, 2.65821, 2.30096, 2.51465, 3.50629, 3.22899, 3.85726
3.07033, 4.32182, 1.20157, 3.76531, 1.47164, 2.814, 3.63616, 1.14549, 4.48106, 1.06908, 4.3098, 2.46949, 3.96149, 3.58509, 2.66984, 2.29302, 2.52202, 3.49838, 3.23497, 3.84769
3.07526, 4.31346, 1.20792, 3.76025, 1.47982, 2.80904, 3.66128, 1.13508, 4.52431, 1.0404, 4.31978, 2.45071, 3.96679, 3.5732, 2.68117, 2.28529, 2.52919, 3.49068, 3.24078, 3.83838
3.07271, 4.30433, 1.21076, 3.74928, 1.48391, 2.79248, 3.6378, 1.12695, 4.50935, 1.03758, 4.30992, 2.44261, 3.96117, 3.56447, 2.67309, 2.26394, 2.52706, 3.47811, 3.23708, 3.82838
3.05751, 4.30604, 1.14743, 3.78486, 1.46916, 2.81029, 3.63157, 1.13326, 4.50344, 1.04249, 4.30168, 2.44693, 3.95044, 3.56743, 2.66342, 2.27282, 2.51115, 3.48532, 3.22349, 3.83182
3.05514, 4.29741, 1.15022, 3.77471, 1.47307, 2.79476, 3.60899, 1.12532, 4.48923, 1.03978, 4.29237, 2.43923, 3.94515, 3.55917, 2.65585, 2.25241, 2.5092, 3.47344, 3.22003, 3.82236
3.05559, 4.33551, 1.16164, 3.78483, 1.47934, 2.80519, 3.60796, 1.13367, 4.48682, 1.04729, 4.28805, 2.44997, 3.93693, 3.57714, 2.65737, 2.26397, 2.51489, 3.49294, 3.21683, 3.85256
3.07289, 4.33053, 1.1705, 3.78479, 1.4884, 2.80764, 3.61345, 1.14429, 4.48894, 1.06011, 4.30536, 2.48191, 3.99731, 3.57569, 2.66823, 2.2708, 2.52906, 3.49434, 3.23803, 3.85107
3.07697, 4.32358, 1.17576, 3.78061, 1.49524, 2.80349, 3.6341, 1.13585, 4.52532, 1.03602, 4.31359, 2.46638, 4.00167, 3.56567, 2.67775, 2.26438, 2.53504, 3.48791, 3.24287, 3.84331
3.07486, 4.31599, 1.17817, 3.77157, 1.49859, 2.78961, 3.61417, 1.12882, 4.51285, 1.03369, 4.30544, 2.4596, 3.99693, 3.55847, 2.67087, 2.24634, 2.53324, 3.47744, 3.23979, 3.835
3.07464, 4.34987, 1.1883, 3.78069, 1.50408, 2.79892, 3.61325, 1.13622, 4.51069, 1.04032, 4.30154, 2.46913, 3.98943, 3.57399, 2.67217, 2.25656, 2.53813, 3.49489, 3.23653, 3.86204
3.07268, 4.34278, 1.19054, 3.77217, 1.50719, 2.78581, 3.59422, 1.12941, 4.49889, 1.03808, 4.29386, 2.46271, 3.98501, 3.56721, 2.66568, 2.23945, 2.53643, 3.48506, 3.23368, 3.85424
3.06073, 4.34397, 1.1598, 3.7876, 1.49574, 2.79951, 3.58932, 1.13442, 4.49426, 1.04194, 4.28736, 2.4661, 3.97665, 3.56949, 2.65817, 2.24644, 2.52398, 3.49065, 3.22297, 3.85687
3.06423, 4.33803, 1.16431, 3.78402, 1.50163, 2.79594, 3.60688, 1.12742, 4.52596, 1.0211, 4.29459, 2.4528, 3.98044, 3.56092, 2.66639, 2.24099, 2.52912, 3.48514, 3.22712, 3.85024
3.06245, 4.33153, 1.1664, 3.77628, 1.50449, 2.78397, 3.58935, 1.12123, 4.51523, 1.01917, 4.28752, 2.44692, 3.97639, 3.55469, 2.66039, 2.22518, 2.52759, 3.47613, 3.22452, 3.84309
3.05151, 4.33266, 1.13762, 3.79056, 1.49405, 2.79649, 3.5849, 1.12581, 4.51103, 1.02268, 4.2816, 2.45003, 3.96875, 3.55681, 2.65358, 2.23158, 2.51622, 3.48129, 3.21473, 3.84552
3.06464, 4.32891, 1.14432, 3.79052, 1.50096, 2.79838, 3.5891, 1.13381, 4.51253, 1.03235, 4.2948, 2.47411, 4.02154, 3.55537, 2.66172, 2.2368, 2.52699, 3.4824, 3.23084, 3.84445
3.06301, 4.32296, 1.14626, 3.78349, 1.50356, 2.78747, 3.57294, 1.12796, 4.50269, 1.03052, 4.28842, 2.46874, 4.0178, 3.54976, 2.65624, 2.2223, 2.52559, 3.47416, 3.22845, 3.83792
3.06604, 4.31784, 1.15013, 3.78043, 1.50864, 2.7844, 3.58791, 1.12209, 4.53023, 1.01243, 4.29461, 2.45733, 4.02103, 3.54228, 2.66337, 2.21765, 2.53004, 3.46943, 3.23204, 3.8322
3.06609, 4.3436, 1.15784, 3.78724, 1.5128, 2.79149, 3.58725, 1.12772, 4.52859, 1.01743, 4.29166, 2.46459, 4.01534, 3.55385, 2.66435, 2.22534, 2.53373, 3.48261, 3.22967, 3.85273
3.06461, 4.33819, 1.15959, 3.78081, 1.51514, 2.78147, 3.57243, 1.12241, 4.51966, 1.01583, 4.28581, 2.45968, 4.01193, 3.54872, 2.65926, 2.21202, 2.53244, 3.4751, 3.22751, 3.84678
3.0555, 4.33912, 1.13542, 3.79271, 1.50648, 2.79182, 3.56872, 1.12625, 4.51616, 1.01875, 4.28086, 2.46226, 4.00563, 3.55046, 2.65362, 2.21736, 2.52299, 3.47939, 3.21936, 3.8488
3.05816, 4.3346, 1.13884, 3.79, 1.51097, 2.7891, 3.58196, 1.12108, 4.54088, 1.00246, 4.28639, 2.45217, 4.00851, 3.54386, 2.65993, 2.21325, 2.52692, 3.4752, 3.22253, 3.84376
3.05841, 4.35746, 1.14569, 3.79599, 1.51466, 2.79538, 3.58137, 1.12606, 4.53942, 1.00688, 4.2838, 2.4586, 4.0035, 3.55418, 2.6608, 2.22004, 2.53023, 3.4869, 3.22048, 3.86228
3.05711, 4.35268, 1.14725, 3.79032, 1.51672, 2.78653, 3.56819, 1.12133, 4.53154, 1.00551, 4.2786, 2.45424, 4.00048, 3.54962, 2.65629, 2.20819, 2.5291, 3.48026, 3.21858, 3.85702
3.05586, 4.34804, 1.14876, 3.78481, 1.51873, 2.77789, 3.55524, 1.11669, 4.52386, 1.00417, 4.27355, 2.45, 3.99756, 3.54519, 2.65187, 2.19658, 2.528, 3.47381, 3.21674, 3.8519
3.048, 4.34882, 1.12774, 3.79506, 1.51132, 2.78675, 3.55206, 1.12, 4.52087, 1.00668, 4.2693, 2.45224, 3.99213, 3.5467, 2.64705, 2.20118, 2.51987, 3.4775, 3.20971, 3.85364
3.05734, 4.34609, 1.13251, 3.79503, 1.51628, 2.78813, 3.55509, 1.12565, 4.5219, 1.01356, 4.27883, 2.46924, 4.03483, 3.54518, 2.65279, 2.20493, 2.52759, 3.47831, 3.22118, 3.85283
3.05955, 4.34233, 1.13536, 3.79278, 1.52003, 2.78585, 3.56603, 1.12142, 4.54262, 0.999882, 4.28341, 2.46086, 4.0372, 3.53963, 2.65807, 2.20152, 2.53086, 3.47481, 3.22381, 3.84863
3.06223, 4.33748, 1.13895, 3.78992, 1.52485, 2.78295, 3.58633, 1.11608, 4.49668, 1.03295, 4.28858, 2.44873, 4.03987, 3.53236, 2.66514, 2.19697, 2.53499, 3.47024, 3.22702, 3.84315
3.06432, 4.33393, 1.14163, 3.7878, 1.52839, 2.7808, 3.59686, 1.11199, 4.51571, 1.02049, 4.29295, 2.44075, 4.04211, 3.52712, 2.67013, 2.19374, 2.53808, 3.46694, 3.22951, 3.83919
3.0644, 4.35185, 1.147, 3.7925, 1.53124, 2.78575, 3.59639, 1.11588, 4.51457, 1.02397, 4.29093, 2.44577, 4.03818, 3.53502, 2.67079, 2.19904, 2.54061, 3.4761, 3.22786, 3.85358
3.06338, 4.3481, 1.14822, 3.78805, 1.53283, 2.77875, 3.58612, 1.1123, 4.50834, 1.02284, 4.28683, 2.44237, 4.03578, 3.53147, 2.66712, 2.18967, 2.5397, 3.47088, 3.22636, 3.84945
3.06528, 4.34487, 1.15067, 3.78611, 1.53606, 2.77679, 3.59575, 1.10858, 4.52591, 1.01129, 4.29085, 2.43507, 4.03783, 3.52669, 2.67169, 2.18672, 2.54252, 3.46787, 3.22862, 3.84584
3.05915, 4.34548, 1.13422, 3.79413, 1.53027, 2.78364, 3.59326, 1.11114, 4.52356, 1.01325, 4.28754, 2.43682, 4.03363, 3.52787, 2.66794, 2.19029, 2.53619, 3.47074, 3.22314, 3.8472
3.05931, 4.36136, 1.13899, 3.79826, 1.53281, 2.78803, 3.59285, 1.11458, 4.52256, 1.01633, 4.28576, 2.44126, 4.03016, 3.53489, 2.66852, 2.19498, 2.53845, 3.47886, 3.2217, 3.86011
3.05841, 4.35805, 1.14007, 3.79434, 1.5342, 2.78184, 3.58373, 1.1114, 4.51705, 1.01534, 4.28212, 2.43824, 4.02804, 3.53175, 2.66526, 2.18665, 2.53764, 3.47425, 3.22038, 3.85646
3.05754, 4.35484, 1.14113, 3.79053, 1.53556, 2.77581, 3.57481, 1.1083, 4.5117, 1.01439, 4.27859, 2.43531, 4.02598, 3.52869, 2.66208, 2.17851, 2.53686, 3.46976, 3.2191, 3.85291
3.05917, 4.35207, 1.14323, 3.78886, 1.53834, 2.77412, 3.58303, 1.10515, 4.5269, 1.00441, 4.28207, 2.42905, 4.02775, 3.52459, 2.66601, 2.176, 2.53928, 3.46718, 3.22104, 3.84981
3.05389, 4.35258, 1.12898, 3.79576, 1.53339, 2.78, 3.5809, 1.10736, 4.52488, 1.0061, 4.27923, 2.43056, 4.02413, 3.52561, 2.6628, 2.17907, 2.53385, 3.46965, 3.21632, 3.85098
3.0541, 4.36623, 1.13307, 3.79931, 1.53555, 2.78376, 3.58055, 1.11031, 4.52402, 1.00873, 4.27772, 2.43438, 4.02118, 3.53166, 2.66331, 2.18308, 2.53579, 3.47662, 3.21512, 3.86215
3.05334, 4.36339, 1.13401, 3.79594, 1.53675, 2.77843, 3.57263, 1.10755, 4.5193, 1.0079, 4.27458, 2.43177, 4.01935, 3.52895, 2.66048, 2.17585, 2.5351, 3.47265, 3.21399, 3.85901
3.05478, 4.36094, 1.13587, 3.79447, 1.53921, 2.77694, 3.5799, 1.10478, 4.53286, 0.998978, 4.27768, 2.42624, 4.02093, 3.52533, 2.66397, 2.17363, 2.53724, 3.47036, 3.21571, 3.85628
3.05406, 4.35826, 1.13675, 3.7913, 1.54034, 2.7719, 3.57242, 1.1022, 4.52842, 0.998219, 4.27472, 2.42379, 4.01921, 3.52278, 2.66128, 2.16679, 2.53659, 3.46662, 3.21465, 3.85332
3.04951, 4.3587, 1.12442, 3.79723, 1.53609, 2.77693, 3.57059, 1.1041, 4.52669, 0.999665, 4.27228, 2.42509, 4.0161, 3.52366, 2.65853, 2.16943, 2.53192, 3.46875, 3.21058, 3.85432
3.05489, 4.3571, 1.12717, 3.79721, 1.53897, 2.77775, 3.57231, 1.10737, 4.52728, 1.00363, 4.27745, 2.43461, 4.04538, 3.52262, 2.66181, 2.17163, 2.5364, 3.46924, 3.21721, 3.85385
