0.528426
0.543333
0.558985
0.576334
0.581454
0.543925
0.569648
0.586286
0.602503
0.618509
0.635062
0.654092
0.682143
0.667208
0.620684
0.626212
0.645238
0.666843
0.669745
0.657039
0.67376
0.639274
0.627099
0.638871
0.646525
0.654238
0.662243
0.668591
0.661698
0.668935
0.672656
0.6472
0.655193
0.658325
0.657993
0.666867
0.672236
0.67756
0.682952
0.688604
0.69493
0.689059
0.647139
0.671515
0.676944
0.683028
0.684918
0.680223
0.686351
0.686334
0.672929
0.676296
0.677822
0.67472
0.677623
0.680403
0.683067
0.68562
0.68807
0.690421
0.692679
0.694848
0.692159
0.672973
0.682697
0.684709
0.686645
0.688507
0.6903
0.692026
0.693689
0.693059
0.691307
0.692806
0.694251
0.693211
0.682826
0.686178
0.687499
0.688773
0.690003
0.691189
0.692334
0.69344
0.694508
0.694073
0.692951
0.693918
0.694175
0.689606
0.688527
0.689402
0.690247
0.691064
0.691854
0.692618
0.693357
0.694071
0.694762
0.694988
