0.368836
0.423015
0.485752
0.584445
0.553955
0.481444
0.494832
0.462576
0.572456
0.438809
0.455107
0.483089
0.485615
0.481695
0.429324
0.553813
0.568853
0.538281
0.457477
0.561364
0.575917
0.593305
0.574168
0.534855
0.61674
0.586251
0.50755
0.503782
0.579216
0.582141
0.569623
0.598543
0.593511
0.598322
0.587035
0.537563
0.506076
0.581359
0.604988
0.603082
0.593786
0.572217
0.610635
0.609211
0.605516
0.627127
0.613578
0.603722
0.622904
0.641521
0.627878
0.614108
0.59894
0.614787
0.630107
0.638804
0.634738
0.618068
0.591786
0.601139
0.616488
0.631741
0.640857
0.625777
0.603985
0.617184
0.630307
0.637034
0.618096
0.626505
0.616965
0.628728
0.622609
0.619514
0.630343
0.627891
0.62998
0.636882
0.619822
0.629238
0.638673
0.639778
0.630056
0.630125
0.630127
0.638502
0.643029
0.631481
0.637477
0.621681
0.619081
0.626156
0.633275
0.640511
0.637948
0.63307
0.629287
0.635846
0.640185
0.633254
