0.0345078
0.0379859
0.0431803
0.0510894
0.0632449
0.0818103
0.0957597
0.111383
0.113929
0.120887
0.120582
0.141187
0.148392
0.139088
0.169463
0.14285
0.179652
0.17274
0.19065
0.190517
0.20872
0.215806
0.194267
0.234864
0.201887
0.241062
0.235538
0.2519
0.253115
0.254423
0.255158
0.254767
0.256076
0.256737
0.257378
0.257999
0.2586
0.258902
0.253301
0.259554
0.259698
0.260146
0.260644
0.261127
0.261594
0.262046
0.262485
0.26291
0.263321
0.263367
0.263345
0.263726
0.264095
0.264453
0.2648
0.265136
0.265462
0.265777
0.266083
0.26638
0.266667
0.266946
0.267216
0.267477
0.267731
0.267977
0.268215
0.268446
0.268671
0.268523
0.268885
0.269088
0.269168
0.269359
0.269545
0.269726
0.269901
0.27007
0.270235
0.270394
0.270549
0.270699
0.270672
0.270781
0.270917
0.271049
0.271176
0.2713
0.27142
0.271536
0.271649
0.271606
0.271445
0.271261
0.271612
0.271708
0.271771
0.271837
0.271925
0.272011
