0.193549
0.214635
0.239087
0.267881
0.302752
0.34768
0.420615
0.469177
0.511596
0.486608
0.528687
0.498356
0.431572
0.482843
0.514123
0.48129
0.520281
0.515909
0.514619
0.50852
0.506208
0.502798
0.489576
0.499669
0.522474
0.506048
0.53447
0.51982
0.523924
0.520473
0.497556
0.518766
0.513106
0.496266
0.515622
0.533847
0.512514
0.530163
0.543507
0.529906
0.523018
0.512059
0.527202
0.536021
0.524933
0.537819
0.524601
0.537539
0.535595
0.523366
0.535192
0.532219
0.534792
0.53417
0.533229
0.542422
0.531675
0.538391
0.531435
0.540374
0.54086
0.530392
0.536681
0.530108
0.537788
0.54092
0.536689
0.541861
0.536468
0.542821
0.535473
0.541656
0.544047
0.534659
0.538912
0.534468
0.53978
0.544835
0.539011
0.542456
0.538857
0.543405
0.543862
0.538232
0.542068
0.538079
0.541986
0.543454
0.541429
0.544988
0.544026
0.54433
0.541021
0.544171
0.54498
0.540568
0.543444
0.542675
0.543343
0.545224
