0.622868, 2.88338, 1.06734, 2.19377, 1.64404, 0.962783, 0.644999, 2.86344, 1.29358, 1.60419
0.664296, 2.80573, 1.12949, 2.06362, 1.43219, 1.3158, 0.686637, 2.78464, 1.4101, 1.3783
0.692857, 2.75221, 1.17112, 1.9769, 1.51232, 1.14453, 0.715341, 2.73037, 1.5447, 1.09708
0.75082, 2.64121, 1.31582, 1.64261, 1.25823, 1.51295, 0.773796, 2.61714, 1.32119, 1.43334
0.779862, 2.58667, 1.37635, 1.51385, 1.3392, 1.36863, 0.803056, 2.5617, 1.42013, 1.25023
0.793991, 2.55062, 1.41515, 1.39039, 1.41805, 1.19116, 0.817233, 2.52498, 1.45604, 1.12574
0.88453, 2.30324, 1.3132, 1.71329, 1.34979, 1.46363, 0.908481, 2.26943, 1.39164, 1.38188
0.917058, 2.24411, 1.36222, 1.60502, 1.43162, 1.30032, 0.941608, 2.20883, 1.50404, 1.15534
0.933117, 2.20353, 1.38877, 1.51235, 1.46105, 1.19091, 0.957942, 2.16704, 1.52785, 1.02793
0.949181, 2.16303, 1.42269, 1.401, 1.48973, 1.07287, 0.974315, 2.12524, 1.5452, 0.873241
0.967375, 2.37872, 1.42969, 1.55236, 1.48918, 1.20308, 0.996775, 2.33332, 1.54139, 0.992919
0.979449, 2.34347, 1.45487, 1.45252, 1.51224, 1.09273, 1.00904, 2.29684, 1.55254, 0.831027
1.06289, 2.07883, 1.31857, 1.80963, 1.4513, 1.32159, 1.0991, 2.00746, 1.50861, 1.02008
1.07738, 2.03786, 1.33359, 1.75123, 1.47405, 1.22858, 1.1144, 1.96368, 1.5274, 0.87927
1.09199, 1.99672, 1.3496, 1.69006, 1.49631, 1.13052, 1.12993, 1.91948, 1.54808, 0.797429
1.11744, 2.16082, 1.36618, 1.83893, 1.49602, 1.24538, 1.15506, 2.07815, 1.54456, 0.89705
1.12853, 2.12453, 1.3777, 1.78611, 1.51436, 1.15403, 1.16678, 2.03918, 1.56127, 0.818553
1.13962, 2.08832, 1.38984, 1.73132, 1.53122, 1.05695, 1.17859, 2.00009, 1.5747, 0.749504
1.16503, 2.24481, 1.40604, 1.87196, 1.52933, 1.15851, 1.20408, 2.1513, 1.57067, 0.838719
1.17348, 2.21289, 1.41477, 1.8247, 1.54346, 1.06757, 1.213, 2.11688, 1.58194, 0.771889
1.21228, 2.10441, 1.45627, 1.65485, 1.42205, 1.30188, 1.25607, 1.9937, 1.50004, 0.974595
1.22111, 2.07082, 1.46829, 1.59352, 1.44251, 1.22859, 1.26567, 1.95643, 1.51445, 0.84287
1.24743, 2.21003, 1.47612, 1.7112, 1.44466, 1.32533, 1.28928, 2.09054, 1.51256, 0.924808
1.25414, 2.18036, 1.48498, 1.65805, 1.4618, 1.2571, 1.29651, 2.05772, 1.5186, 0.754509
1.26081, 2.15091, 1.49475, 1.60144, 1.47867, 1.18678, 1.30377, 2.02497, 1.53507, 0.704433
1.26746, 2.12168, 1.5059, 1.5397, 1.49484, 1.11369, 1.31107, 1.99224, 1.54866, 0.660964
1.29586, 2.24937, 1.51052, 1.64155, 1.49457, 1.19521, 1.33508, 2.11512, 1.54603, 0.728497
1.3009, 2.22345, 1.51897, 1.58749, 1.50839, 1.12684, 1.34059, 2.08621, 1.5575, 0.685285
1.3059, 2.19781, 1.5287, 1.52838, 1.52107, 1.055, 1.34609, 2.05747, 1.56694, 0.647641
1.34034, 2.32008, 1.53212, 1.62119, 1.51995, 1.12755, 1.37385, 2.17549, 1.56418, 0.708968
1.34406, 2.29728, 1.53961, 1.56915, 1.53088, 1.06001, 1.37794, 2.15005, 1.5724, 0.671371
1.34773, 2.27481, 1.54833, 1.51192, 1.54004, 0.98678, 1.38201, 2.12486, 1.57915, 0.638424
1.36425, 2.20318, 1.57717, 1.32239, 1.47644, 1.14393, 1.40075, 2.04062, 1.5375, 0.808301
1.40377, 2.31686, 1.57637, 1.39598, 1.47676, 1.21063, 1.42762, 2.14834, 1.53567, 0.86612
1.40644, 2.29638, 1.60021, 1.27623, 1.48892, 1.15638, 1.43072, 2.12507, 1.54617, 0.822265
1.41555, 2.1521, 1.55996, 1.46817, 1.47087, 1.31052, 1.44583, 1.91628, 1.53288, 0.926553
1.4186, 2.13032, 1.57208, 1.39809, 1.4814, 1.26367, 1.44994, 1.88907, 1.53405, 0.816225
1.45308, 2.23318, 1.57214, 1.466, 1.48223, 1.32622, 1.46518, 1.97844, 1.53249, 0.867574
1.45524, 2.21378, 1.58311, 1.3984, 1.49143, 1.28254, 1.46832, 1.95429, 1.54205, 0.828686
1.45737, 2.19469, 1.60258, 1.29607, 1.5004, 1.2386, 1.47146, 1.93026, 1.55055, 0.792805
1.50642, 2.29979, 1.60126, 1.35485, 1.50068, 1.2951, 1.48819, 2.01561, 1.54886, 0.839241
1.50774, 2.2828, 1.60447, 1.31505, 1.5086, 1.25408, 1.49057, 1.99423, 1.55633, 0.804989
1.50905, 2.26611, 1.60751, 1.27535, 1.51625, 1.2129, 1.49295, 1.97305, 1.56296, 0.773403
1.45811, 2.33324, 1.58734, 1.31831, 1.49809, 1.25634, 1.45609, 2.03263, 1.54957, 0.810274
1.45963, 2.31818, 1.59091, 1.28107, 1.50573, 1.21775, 1.45855, 2.01356, 1.55631, 0.780297
1.46113, 2.30341, 1.59429, 1.24396, 1.51307, 1.179, 1.461, 1.99472, 1.56231, 0.75264
1.41242, 2.36848, 1.57646, 1.28294, 1.49699, 1.2182, 1.42682, 2.05081, 1.55027, 0.786075
1.41404, 2.35515, 1.58021, 1.24809, 1.50426, 1.1818, 1.42928, 2.03381, 1.55634, 0.759777
1.41854, 2.26657, 1.54957, 1.4053, 1.48866, 1.30708, 1.44734, 1.83468, 1.54761, 0.827874
1.42025, 2.2531, 1.56409, 1.33931, 1.49519, 1.27532, 1.45062, 1.81459, 1.55354, 0.801449
1.4575, 2.32827, 1.56388, 1.3835, 1.49562, 1.31772, 1.45843, 1.8718, 1.55227, 0.835813
1.45875, 2.31606, 1.5673, 1.35486, 1.50146, 1.28803, 1.46114, 1.85363, 1.55758, 0.810676
1.45996, 2.30412, 1.57062, 1.32649, 1.50715, 1.25852, 1.46385, 1.83562, 1.5624, 0.787176
1.51701, 2.38346, 1.57029, 1.36656, 1.50733, 1.29694, 1.47158, 1.88895, 1.56115, 0.818363
1.51775, 2.37265, 1.57329, 1.34008, 1.51245, 1.26934, 1.47383, 1.87262, 1.56551, 0.795997
1.51847, 2.36209, 1.5762, 1.31388, 1.51741, 1.24195, 1.47607, 1.85647, 1.56947, 0.77506
1.48026, 2.40899, 1.56242, 1.34354, 1.50488, 1.27148, 1.45424, 1.89498, 1.5604, 0.799847
1.48109, 2.39932, 1.56543, 1.31899, 1.50975, 1.24579, 1.45643, 1.88025, 1.56439, 0.780015
1.48189, 2.38989, 1.56834, 1.29473, 1.51445, 1.22032, 1.4586, 1.86572, 1.56804, 0.761423
1.48267, 2.38067, 1.57115, 1.27077, 1.51897, 1.19505, 1.46075, 1.85138, 1.57137, 0.744009
1.49346, 2.42697, 1.57068, 1.30221, 1.51883, 1.22517, 1.46737, 1.89487, 1.57027, 0.768777
1.49412, 2.4185, 1.57325, 1.27979, 1.52294, 1.20148, 1.4692, 1.88178, 1.57332, 0.752164
1.49476, 2.41024, 1.57571, 1.25768, 1.52689, 1.178, 1.47101, 1.86889, 1.5761, 0.736569
1.46198, 2.44997, 1.56508, 1.28117, 1.51722, 1.20124, 1.45317, 1.90027, 1.56894, 0.756321
1.46267, 2.44238, 1.56759, 1.2604, 1.52108, 1.17915, 1.45493, 1.88844, 1.57175, 0.741517
1.46335, 2.43497, 1.56999, 1.23993, 1.52477, 1.15724, 1.45666, 1.87682, 1.57433, 0.727591
1.46418, 2.37472, 1.56268, 1.28046, 1.51902, 1.19543, 1.44912, 1.92918, 1.57043, 0.756269
1.46487, 2.36745, 1.56502, 1.26149, 1.52251, 1.17515, 1.45065, 1.91873, 1.57294, 0.742762
1.47306, 2.4036, 1.56469, 1.286, 1.52233, 1.19854, 1.45728, 1.95425, 1.57207, 0.762164
1.47366, 2.39688, 1.56684, 1.26822, 1.52553, 1.17952, 1.4586, 1.94464, 1.57439, 0.74931
1.47424, 2.39032, 1.56891, 1.25075, 1.5286, 1.16071, 1.45991, 1.93523, 1.57653, 0.73716
1.44905, 2.42175, 1.56066, 1.26917, 1.52112, 1.1788, 1.44495, 1.96073, 1.57091, 0.752641
1.44966, 2.4157, 1.56272, 1.25274, 1.5241, 1.1611, 1.44621, 1.95205, 1.57304, 0.741127
1.45025, 2.40981, 1.5647, 1.23661, 1.52694, 1.14359, 1.44745, 1.94356, 1.57503, 0.730224
1.45129, 2.37291, 1.55702, 1.28017, 1.51871, 1.21057, 1.45115, 1.86583, 1.57103, 0.761157
1.4893, 2.41464, 1.55683, 1.30015, 1.51864, 1.22979, 1.45555, 1.89349, 1.57034, 0.776949
1.48974, 2.40924, 1.55868, 1.28594, 1.52124, 1.21485, 1.45677, 1.88522, 1.57228, 0.76627
1.49016, 2.40398, 1.56046, 1.27202, 1.52375, 1.20016, 1.45798, 1.87712, 1.57409, 0.756116
1.49057, 2.39885, 1.56218, 1.25837, 1.52616, 1.18572, 1.45916, 1.86919, 1.57578, 0.746462
1.47069, 2.42321, 1.5557, 1.27288, 1.52019, 1.20004, 1.44824, 1.8886, 1.57135, 0.758633
1.47111, 2.41846, 1.55738, 1.26005, 1.52251, 1.18645, 1.44937, 1.88125, 1.57302, 0.7495
1.47152, 2.41384, 1.55901, 1.24748, 1.52474, 1.17309, 1.45047, 1.87407, 1.57459, 0.740805
1.47712, 2.43747, 1.5588, 1.26336, 1.52461, 1.18835, 1.45414, 1.89654, 1.57401, 0.753462
1.47749, 2.43317, 1.5603, 1.25156, 1.52668, 1.1758, 1.45512, 1.88988, 1.57547, 0.745215
1.47784, 2.42899, 1.56175, 1.24001, 1.52867, 1.16348, 1.45609, 1.88337, 1.57684, 0.737351
1.47786, 2.39503, 1.5578, 1.26287, 1.52543, 1.18503, 1.45212, 1.91268, 1.57464, 0.753528
1.47821, 2.39099, 1.55918, 1.2521, 1.52731, 1.17354, 1.45299, 1.90671, 1.57596, 0.746001
1.48297, 2.41132, 1.55901, 1.26576, 1.52719, 1.18665, 1.45655, 1.92648, 1.57546, 0.756892
1.48329, 2.40756, 1.5603, 1.25565, 1.52893, 1.17586, 1.45734, 1.92094, 1.57668, 0.749763
1.48359, 2.40391, 1.56154, 1.24576, 1.53061, 1.16527, 1.45812, 1.91553, 1.57784, 0.742948
1.46926, 2.4215, 1.55695, 1.2561, 1.5264, 1.17542, 1.44991, 1.92972, 1.57467, 0.75164
1.46957, 2.4181, 1.55816, 1.2468, 1.528, 1.16546, 1.45065, 1.92469, 1.5758, 0.745201
1.46987, 2.41479, 1.55932, 1.23772, 1.52955, 1.15569, 1.45137, 1.91978, 1.57687, 0.739038
1.47387, 2.43169, 1.55916, 1.24901, 1.52942, 1.16652, 1.45448, 1.93639, 1.57645, 0.748086
1.47414, 2.4286, 1.56024, 1.24048, 1.53086, 1.15734, 1.45513, 1.93183, 1.57744, 0.742253
1.4744, 2.42561, 1.56128, 1.23215, 1.53224, 1.14835, 1.45576, 1.92737, 1.57839, 0.736665
1.47467, 2.40702, 1.55758, 1.2543, 1.52937, 1.16945, 1.45621, 1.90046, 1.57635, 0.752669
1.47492, 2.40416, 1.55858, 1.24654, 1.53068, 1.16109, 1.45684, 1.89613, 1.57726, 0.747296
1.47835, 2.41869, 1.55845, 1.25629, 1.53057, 1.17042, 1.4593, 1.9102, 1.57691, 0.755091
1.47858, 2.41601, 1.55938, 1.249, 1.53179, 1.16257, 1.45987, 1.90616, 1.57776, 0.75001
