3.62738
3.27371
3.29272
3.3118
3.32967
3.34679
3.363
3.37835
3.39285
3.40651
3.41937
3.43145
3.44279
3.45342
3.46337
3.4727
3.48142
3.48959
3.49723
3.50438
3.51107
3.51734
3.52321
3.52872
3.53389
3.53873
3.54329
3.54757
3.55159
3.55538
3.55895
3.56232
3.5655
3.5685
3.57133
3.57401
3.57655
3.57895
3.58123
3.58339
3.58544
3.58739
3.58924
3.591
3.59267
3.59427
3.59579
3.59724
3.59862
3.59994
3.60119
3.6024
3.60355
3.60464
3.60569
3.6067
3.60766
3.60859
3.60947
3.61032
3.61113
3.61191
3.61266
3.61337
3.61406
3.61473
3.61536
3.61597
3.61656
3.61713
3.61767
3.61819
3.6187
3.61918
3.61965
3.6201
3.62053
3.62095
3.62135
3.62174
3.62211
3.62248
3.62282
3.62316
3.62348
3.62379
3.6241
3.62439
3.62467
3.62494
3.6252
3.62545
3.6257
3.62594
3.62616
3.62638
3.6266
3.6268
3.627
3.6272
