0.616073
0.624599
0.747186
0.690605
0.853982
0.640309
0.806469
0.835009
0.777672
0.911199
0.862629
0.831638
0.864675
0.78868
0.802608
0.813298
0.827747
0.823814
0.848606
0.801264
0.851201
0.861668
0.873384
0.795775
0.870976
0.892075
0.8695
0.85575
0.889847
0.920599
0.88816
0.898297
0.908258
0.946744
0.918463
0.950965
0.861583
0.883885
0.918225
0.937481
0.908895
0.930032
0.937222
0.954946
0.960074
0.984219
0.952947
0.937529
0.921674
0.90648
0.94775
0.953783
0.96733
0.937581
0.959484
0.969568
0.981402
0.988376
0.949082
0.948645
0.970607
0.984719
0.969791
0.989786
0.95154
0.956209
0.983708
0.971711
0.975606
0.967764
0.990471
0.982579
1.00498
1.00239
0.938659
0.989644
0.978611
0.972886
0.976473
0.996011
0.989691
1.00701
1.00161
0.970566
0.996722
0.988052
0.993673
0.996573
1.00244
0.997145
0.996249
1.01328
1.00695
1.00971
1.01092
0.971674
1.00354
1.00647
1.00255
1.01037
