0.17232
0.172397
0.172397
0.172912
0.172912
0.172912
0.173845
0.173845
0.174338
0.174338
0.174338
0.175287
0.175287
0.176629
0.176629
0.176629
0.177671
0.177671
0.17878
0.17878
0.17878
0.180138
0.180138
0.181013
0.181013
0.181013
0.18251
0.18251
0.18251
0.18408
0.18408
0.18408
0.185369
0.185369
0.18667
0.18667
0.18667
0.185853
0.185853
0.185853
0.188301
0.188301
0.188742
0.188742
0.188742
0.186663
0.186663
0.186663
0.189444
0.189444
0.189968
0.189968
0.189968
0.189958
0.189958
0.189623
0.189623
0.189623
0.189456
0.189456
0.189097
0.189097
0.189097
0.188637
0.188637
0.188637
0.187922
0.187922
0.187208
0.187208
0.187208
0.184632
0.184632
0.184604
0.184604
0.184604
0.183546
0.183546
0.182407
0.182407
0.182407
0.181342
0.181342
0.181342
0.180299
0.180299
0.179163
0.179163
0.179163
0.178017
0.178017
0.177004
0.177004
0.177004
0.175965
0.175965
0.174906
0.174906
0.174906
0.173824
0.173824
0.172655
0.172655
0.171697
0.171697
0.171697
0.17068
0.17068
0.169747
0.169747
0.168781
0.168781
0.168781
0.167823
0.167823
0.166967
0.166967
0.166183
0.166183
0.166183
0.165477
0.165477
0.165477
0.164794
0.164794
0.164183
0.164183
0.164183
0.163775
0.163775
0.163412
0.163412
0.163412
0.163146
0.163146
0.163003
0.163003
0.163003
0.162947
0.162947
0.163
0.163
0.163196
0.163196
0.163196
0.163425
0.163425
0.163717
0.163717
0.163717
0.164087
0.164087
0.164529
0.164529
0.164529
0.165003
0.165003
0.165533
0.165533
0.165533
0.166138
0.166138
0.166797
0.166797
0.167466
0.167466
0.167466
0.168137
0.168137
0.16882
0.16882
0.16882
0.169522
0.169522
0.170206
0.170206
0.170206
0.170872
0.170872
0.17153
0.17153
0.17153
0.172154
0.172154
0.17274
0.17274
0.173291
0.173291
0.173291
0.174705
0.174705
0.176118
0.176118
0.176118
0.177514
0.177514
0.178882
0.178882
0.178882
0.180221
0.180221
0.181502
0.181502
0.181502
0.182715
0.182715
0.183871
0.183871
0.183871
0.184967
0.184967
0.186252
0.186252
0.187449
0.187449
0.187449
0.188559
0.188559
0.189574
0.189574
0.189574
0.189337
0.189337
0.189779
0.189779
0.189779
0.190442
0.190442
0.190616
0.190616
0.189935
0.189935
0.189935
0.190236
0.190236
0.190426
0.190426
0.190426
0.190505
0.190505
0.190472
0.190472
0.189799
0.189799
0.189799
0.188566
0.188566
0.188183
0.188183
0.188183
