0.17981
0.211993
0.234128
0.256354
0.277915
0.298237
0.317037
0.334342
0.350406
0.365622
0.38043
0.395279
0.410617
0.392643
0.391855
0.385418
0.39943
0.414027
0.429689
0.42064
0.42555
0.414175
0.341215
0.407998
0.404616
0.404997
0.404099
0.4044
0.417977
0.43265
0.439643
0.434144
0.42436
0.344639
0.423889
0.42082
0.421396
0.407742
0.406732
0.395166
0.398761
0.41029
0.422632
0.420819
0.428063
0.421812
0.425642
0.418287
0.409518
0.414002
0.415045
0.428177
0.435108
0.436103
0.435463
0.432648
0.424542
0.423546
0.426436
0.429731
0.428511
0.430517
0.435691
0.440677
0.44548
0.44317
0.443518
0.415275
0.432727
0.43692
0.440843
0.435829
0.438256
0.436236
0.439792
0.443222
0.444733
0.441723
0.440516
0.440869
0.443492
0.439519
0.442319
0.439803
0.442136
0.439088
0.441554
0.443937
0.44624
0.445382
0.44524
0.444579
0.442101
0.442796
0.444717
0.446574
0.447932
0.445769
0.445873
0.445279
