0.226243
0.118512
0.162407
0.241702
0.125102
0.171216
0.266463
0.440181
0.299034
0.446967
0.440509
0.498031
0.514922
0.522097
0.514702
0.504577
0.500285
0.514389
0.52067
0.543397
0.549365
0.55344
0.540313
0.525983
0.522515
0.553585
0.535407
0.542042
0.548834
0.555877
0.549015
0.524323
0.551676
0.558348
0.565397
0.567155
0.545502
0.566645
0.554482
0.556942
0.563137
0.559314
0.561261
0.563468
0.555545
0.558594
0.564325
0.560072
0.563784
0.563798
0.558043
0.562666
0.565911
0.553849
0.564132
0.567172
0.566442
0.564473
0.567228
0.56855
0.566743
0.569292
0.571768
0.570661
0.571306
0.571166
0.572759
0.571297
0.572361
0.574376
0.573898
0.574024
0.575876
0.576331
0.575565
0.577266
0.576608
0.576819
0.575617
0.57713
0.578598
0.579061
0.578375
0.577854
0.578536
0.579798
0.579188
0.579642
0.580804
0.579858
0.580861
0.579694
0.580724
0.581723
0.581159
0.581593
0.582509
0.581722
0.582735
0.582661
