0.260006
0.278719
0.299164
0.309253
0.310791
0.312416
0.314128
0.315927
0.317816
0.319792
0.321857
0.324009
0.326249
0.328576
0.330988
0.333485
0.336066
0.338729
0.341472
0.344294
0.347193
0.350167
0.353215
0.356334
0.359522
0.362777
0.366098
0.369482
0.372927
0.376431
0.379992
0.380153
0.380806
0.384242
0.38764
0.385063
0.388368
0.391702
0.394369
0.392575
0.39577
0.398984
0.400832
0.399896
0.402965
0.406044
0.406987
0.406982
0.409914
0.412845
0.412805
0.413799
0.416584
0.418557
0.417518
0.420155
0.422783
0.423791
0.420732
0.424027
0.426442
0.427743
0.427319
0.428779
0.429869
0.431415
0.430691
0.432771
0.434831
0.435503
0.434019
0.435851
0.437728
0.438583
0.438466
0.440222
0.441119
0.441424
0.441145
0.442739
0.44431
0.444507
0.444751
0.445116
0.446537
0.446823
0.447131
0.448453
0.449397
0.448723
0.449143
0.450335
0.451341
0.450846
0.451952
0.453036
0.453444
0.452622
0.453613
0.454588
