3.00299
2.26155
1.37539
1.54514
1.94438
2.97302
2.38428
2.80864
2.49934
2.75269
2.58271
2.73161
2.64397
2.72983
2.68923
2.73894
2.72365
2.75359
2.75108
2.77052
2.774
2.78788
2.7939
2.80472
2.81161
2.82062
2.82759
2.83543
2.84213
2.84911
2.8554
2.86171
2.86756
2.8733
2.87869
2.88394
2.88891
2.89371
2.89829
2.9027
2.90691
2.91096
2.91483
2.91855
2.92212
2.92555
2.92884
2.932
2.93503
2.93794
2.94074
2.94343
2.94602
2.9485
2.95089
2.95319
2.9554
2.95753
2.95958
2.96155
2.96345
2.96528
2.96704
2.96873
2.97036
2.97194
2.97346
2.97492
2.97633
2.97769
2.979
2.98027
2.98149
2.98266
2.9838
2.9849
2.98596
2.98698
2.98797
2.98892
2.98984
2.99073
2.99159
2.99242
2.99323
2.994
2.99475
2.99548
2.99618
2.99685
2.99751
2.99814
2.99875
2.99935
2.99992
3.00047
3.00101
3.00153
3.00203
3.00252
