0.0903926
0.0918869
0.0934994
0.0952372
0.0971077
0.0991193
0.101281
0.103604
0.106099
0.108781
0.111666
0.114774
0.118131
0.121768
0.125728
0.130071
0.134882
0.140301
0.141914
0.137584
0.142373
0.14764
0.153534
0.160287
0.151859
0.157235
0.163144
0.169769
0.177245
0.170364
0.176846
0.184121
0.192576
0.192387
0.199165
0.210158
0.210124
0.213659
0.221202
0.220803
0.225562
0.233521
0.236496
0.233971
0.241064
0.246666
0.245874
0.253428
0.258221
0.263075
0.265415
0.265785
0.274419
0.280528
0.282671
0.281183
0.28446
0.281327
0.284668
0.287824
0.285298
0.288301
0.291206
0.294011
0.296721
0.299335
0.301856
0.304161
0.300783
0.297064
0.299308
0.301473
0.303561
0.305576
0.307517
0.309389
0.311193
0.312931
0.313296
0.312977
0.31453
0.316026
0.316106
0.314037
0.31542
0.316755
0.318042
0.318862
0.317995
0.319149
0.320262
0.321336
0.322372
0.323372
0.323944
0.322559
0.323468
0.324078
0.323357
0.324175
