0.361451
0.380853
0.399881
0.417672
0.433587
0.447325
0.458917
0.468619
0.475634
0.45465
0.469875
0.483686
0.496198
0.507616
0.518184
0.528145
0.537725
0.547116
0.556485
0.565971
0.575695
0.585763
0.59628
0.607349
0.619087
0.631639
0.6452
0.660069
0.676764
0.696394
0.722433
0.736909
0.698872
0.71129
0.723731
0.736168
0.738081
0.715668
0.726471
0.737152
0.747703
0.742144
0.729871
0.739044
0.748035
0.756846
0.748753
0.741313
0.748985
0.756465
0.763759
0.757393
0.750214
0.756582
0.762771
0.768791
0.767573
0.756975
0.762247
0.767364
0.772334
0.777164
0.766625
0.76728
0.771534
0.775664
0.779677
0.776682
0.771071
0.774618
0.778062
0.781407
0.784658
0.778449
0.777456
0.780345
0.783151
0.785879
0.787806
0.77962
0.782052
0.784415
0.786711
0.788944
0.790981
0.783705
0.785703
0.787646
0.789534
0.791371
0.793157
0.789302
0.788931
0.790536
0.792098
0.793617
0.795094
0.792124
0.791561
0.792893
