3.63978, 4.24626, 4.33477, 4.76491, 5.5113, 5.68096, 1.99671, 2.94589, 4.22463, 1.95658, 5.58977, 3.85875, 3.33802, 2.81132, 5.91868, 6.10653, 4.27689, 2.97978, 4.98367, 1.63188, 1.77717, 4.61133, 4.62569, 4.7049, 1.06843, 4.46378, 3.98489, 4.09126, 1.53152, 1.27971
3.64759, 4.1939, 4.32922, 4.71385, 5.49726, 5.64357, 2.04678, 2.92045, 4.10165, 2.13387, 5.55263, 3.79881, 3.39603, 2.73433, 5.90453, 6.07376, 4.34487, 2.83301, 4.86932, 1.75517, 1.81825, 4.59422, 4.6163, 4.65253, 1.10779, 4.44476, 3.9911, 4.0286, 1.57325, 1.27401
3.66221, 4.12896, 4.32368, 4.65295, 5.48107, 5.60168, 2.10526, 2.89466, 3.95402, 2.30028, 5.50359, 3.73004, 3.50818, 2.6496, 5.88842, 6.03753, 4.16506, 2.98003, 4.75939, 1.86869, 1.86191, 4.57472, 4.60519, 4.59009, 1.15096, 4.42446, 4.00319, 3.94615, 1.61929, 1.27311
3.71389, 4.04669, 4.3552, 4.56623, 5.4845, 5.5243, 2.18415, 2.85142, 4.09588, 2.18472, 5.51209, 3.5964, 3.61609, 2.56321, 5.88569, 5.96696, 4.25377, 2.85751, 5.0362, 1.54038, 1.91146, 4.52748, 4.63219, 4.49794, 1.20088, 4.38604, 4.05501, 3.85231, 1.70904, 1.26605
3.72995, 3.96487, 4.34672, 4.49802, 5.46625, 5.48027, 2.25678, 2.82211, 3.98407, 2.32181, 5.45021, 3.52235, 3.50161, 2.73043, 5.86799, 5.92917, 4.11442, 3.02, 4.94532, 1.6383, 1.95418, 4.50573, 4.61687, 4.42869, 1.24692, 4.36469, 4.06461, 3.7417, 1.76139, 1.27304
3.63773, 3.99706, 4.26229, 4.51157, 5.39981, 5.47577, 2.18208, 2.91401, 3.92524, 2.36769, 5.38949, 3.54165, 3.43242, 2.78367, 5.80758, 5.92044, 4.04502, 3.05927, 4.89863, 1.67403, 1.73381, 4.59368, 4.53829, 4.44178, 0.906319, 4.66627, 3.98292, 3.77256, 1.73315, 1.35182
3.69944, 4.05637, 4.34012, 4.5894, 5.56089, 5.66338, 2.22509, 2.95217, 3.95834, 2.42447, 5.42185, 3.63784, 3.47313, 2.83649, 6.20304, 6.39956, 4.08693, 3.12268, 4.9171, 1.73379, 1.79199, 4.61967, 4.61307, 4.53007, 0.958417, 4.68539, 4.03921, 3.83932, 1.76341, 1.38613
3.7464, 3.98189, 4.36864, 4.5113, 5.56272, 5.59572, 2.29526, 2.91118, 4.074, 2.3216, 5.43345, 3.51565, 3.55994, 2.76077, 6.19764, 6.34178, 4.15938, 3.02129, 5.31105, 1.18232, 1.83528, 4.57865, 4.63758, 4.44716, 0.999771, 4.65259, 4.08723, 3.7535, 1.84551, 1.37703
3.81744, 3.86424, 4.40943, 4.38966, 5.56251, 5.49385, 2.40441, 2.84782, 4.2774, 2.13764, 5.44151, 3.31923, 3.70075, 2.6363, 6.18734, 6.25595, 4.27513, 2.85087, 3.97223, 2.52384, 1.90063, 4.51605, 4.67159, 4.31793, 1.062, 4.60297, 4.15979, 3.61609, 1.97262, 1.36544
3.86474, 3.78924, 4.43795, 4.31168, 5.56434, 5.42772, 2.47432, 2.80694, 4.42082, 2.00813, 5.45451, 3.18671, 3.79347, 2.55516, 6.18214, 6.20006, 4.35452, 2.73951, 4.0742, 2.42642, 1.94259, 4.47629, 4.69625, 4.23473, 1.10182, 4.57139, 4.2091, 3.52801, 2.0546, 1.3563
3.91191, 3.71439, 4.46628, 4.23417, 5.56613, 5.36259, 2.54374, 2.76633, 4.58501, 1.85778, 5.4679, 3.04928, 3.8887, 2.47164, 6.17705, 6.14526, 4.43712, 2.6232, 4.18105, 2.32395, 1.98376, 4.43727, 4.72081, 4.15182, 1.14078, 4.54048, 4.2587, 3.43932, 2.1361, 1.34721
3.959, 3.63964, 4.49445, 4.15709, 5.5679, 5.29845, 2.6127, 2.72597, 4.7908, 1.66389, 5.48178, 2.90557, 3.98709, 2.38514, 6.17205, 6.09152, 4.52391, 2.50039, 4.29439, 2.2147, 2.02416, 4.39899, 4.74527, 4.06915, 1.1789, 4.51023, 4.30867, 3.34985, 2.21715, 1.33817
3.8821, 3.6162, 4.43223, 4.13275, 5.52422, 5.27516, 2.45031, 2.7211, 4.727, 1.67665, 5.4249, 2.90159, 3.90409, 2.38964, 6.13582, 6.06913, 4.4526, 2.50146, 4.21924, 2.22148, 1.93933, 4.30632, 4.6852, 4.04822, 1.0908, 4.37559, 4.23585, 3.33513, 2.10901, 1.40729
3.99577, 3.78044, 4.57412, 4.38878, 4.36709, 4.01727, 2.53452, 2.80776, 4.75046, 1.79754, 5.43121, 3.08179, 3.96199, 2.5154, 5.31153, 5.16526, 4.49769, 2.64512, 4.26502, 2.3503, 2.06638, 4.36114, 4.79837, 4.32312, 1.19864, 4.41126, 4.32006, 3.50867, 2.16586, 1.48132
4.03999, 3.83302, 4.6309, 4.4587, 4.41486, 4.07877, 2.56759, 2.84062, 4.76676, 1.8445, 5.45017, 3.14897, 3.98914, 2.56104, 5.40288, 5.28828, 4.52272, 2.69707, 4.28888, 2.39776, 2.11225, 4.38563, 4.85143, 4.39943, 1.23977, 4.42919, 4.35797, 3.56545, 2.18992, 1.51062
4.08373, 3.88504, 4.6879, 4.5289, 4.46239, 4.13995, 2.59994, 2.87277, 4.78273, 1.89052, 5.46893, 3.21546, 4.01579, 2.60583, 5.50205, 5.42183, 4.54734, 2.74815, 4.31229, 2.44433, 2.15724, 4.40964, 4.90484, 4.47623, 1.28, 4.44673, 4.39547, 3.62159, 2.21339, 1.53921
4.127, 3.93649, 4.74523, 4.59948, 4.5097, 4.20086, 2.63159, 2.90423, 4.79838, 1.93559, 5.4875, 3.28129, 4.04193, 2.64977, 5.61296, 5.57119, 4.57154, 2.79837, 4.33526, 2.49002, 2.20135, 4.43318, 4.9587, 4.55367, 1.31933, 4.46388, 4.43255, 3.67712, 2.23629, 1.56709
4.16982, 3.98741, 4.80297, 4.67058, 4.55683, 4.26152, 2.66256, 2.93501, 4.8137, 1.97974, 5.50589, 3.34646, 4.06757, 2.69287, 5.74376, 5.74733, 4.59533, 2.84774, 4.35779, 2.53484, 2.24461, 4.45626, 5.01311, 4.63191, 1.35779, 4.48065, 4.46924, 3.73205, 2.25862, 1.59429
4.21219, 4.03779, 4.86124, 4.74234, 4.6038, 4.32199, 2.69285, 2.96512, 4.82871, 2.02299, 5.52411, 3.41101, 4.09273, 2.73516, 5.91766, 5.98151, 4.61872, 2.89628, 4.37989, 2.57881, 2.28701, 4.4789, 5.06821, 4.71115, 1.39538, 4.49704, 4.50553, 3.78639, 2.2804, 1.62082
4.24026, 3.97797, 4.87334, 4.68602, 4.62294, 4.26139, 2.74487, 2.92964, 4.95597, 1.83588, 5.53, 3.31689, 4.15789, 2.6593, 5.91569, 5.93769, 4.66882, 2.80032, 4.45137, 2.48472, 2.31835, 4.44613, 5.07762, 4.65322, 1.42594, 4.47165, 4.5335, 3.71764, 2.34512, 1.60799
4.33727, 4.09388, 5.03048, 4.87888, 4.7353, 4.40872, 2.8093, 2.99272, 4.98014, 1.92645, 5.55897, 3.46221, 4.20863, 2.75157, 4.15002, 4.04881, 4.71399, 2.90704, 4.49397, 2.58021, 2.41034, 4.48954, 5.225, 4.87689, 1.50504, 4.50165, 4.613, 3.84361, 2.3899, 1.66286
4.37744, 4.1434, 5.09054, 4.95586, 4.7809, 4.4696, 2.8374, 3.02134, 4.99245, 1.96638, 5.57591, 3.52363, 4.23143, 2.79171, 4.18982, 4.09467, 4.73501, 2.95293, 4.5137, 2.62172, 2.45024, 4.51138, 5.28291, 4.96298, 1.54017, 4.51728, 4.64706, 3.89653, 2.40999, 1.68777
4.41723, 4.19246, 5.15193, 5.03456, 4.82649, 4.53049, 2.86488, 3.04931, 5.0045, 2.00546, 5.5927, 3.58447, 4.25379, 2.83106, 4.22915, 4.13999, 4.75567, 2.99802, 4.53303, 2.6624, 2.48934, 4.53279, 5.34257, 5.05167, 1.57451, 4.53255, 4.68077, 3.94892, 2.42957, 1.71206
4.45665, 4.24107, 5.21498, 5.11539, 4.87214, 4.59144, 2.89175, 3.07666, 5.01629, 2.04369, 5.60933, 3.64475, 4.2757, 2.86965, 4.26805, 4.18481, 4.77597, 3.04232, 4.55198, 2.70229, 2.52767, 4.55376, 5.40442, 5.14361, 1.60805, 4.54747, 4.71416, 4.00079, 2.44865, 1.73574
4.49573, 4.28925, 5.28011, 5.19888, 4.91789, 4.65253, 2.91802, 3.10341, 5.02782, 2.08109, 5.62581, 3.7045, 4.29719, 2.90747, 4.30651, 4.22913, 4.79591, 3.08585, 4.57056, 2.74138, 2.56522, 4.57432, 5.46909, 5.23976, 1.64082, 4.56204, 4.74723, 4.05218, 2.46726, 1.75882
4.53448, 4.33702, 5.34789, 5.28577, 4.96381, 4.71385, 2.94369, 3.12954, 5.0391, 2.11768, 5.64215, 3.76373, 4.31825, 2.94454, 4.34455, 4.27296, 4.8155, 3.12861, 4.58877, 2.77969, 2.60202, 4.59446, 5.53748, 5.34143, 1.67283, 4.57628, 4.78, 4.10309, 2.4854, 1.78131
4.5729, 4.3844, 5.4191, 5.37706, 5.00996, 4.77548, 2.96878, 3.15509, 5.05014, 2.15347, 5.65835, 3.82247, 4.33889, 2.98087, 4.38219, 4.31633, 4.83475, 3.17062, 4.60661, 2.81724, 2.63808, 4.61419, 5.61095, 5.45066, 1.7041, 4.59019, 4.81247, 4.15354, 2.50307, 1.80323
4.61103, 4.43141, 5.49492, 5.47425, 5.05642, 4.83752, 2.99331, 3.18006, 5.06093, 2.18846, 5.67443, 3.88075, 4.35912, 3.01648, 4.41943, 4.35923, 4.85365, 3.21188, 4.6241, 2.85403, 2.6734, 4.63353, 5.69182, 5.57087, 1.73464, 4.60377, 4.84467, 4.20356, 2.52029, 1.82459
4.64887, 4.47806, 5.57719, 5.57972, 5.10329, 4.90011, 3.01727, 3.20446, 5.07148, 2.22268, 5.69039, 3.93859, 4.37894, 3.05137, 4.45628, 4.4017, 4.87223, 3.25242, 4.64123, 2.89008, 2.708, 4.65247, 5.78443, 5.70855, 1.76446, 4.61703, 4.87659, 4.25317, 2.53707, 1.8454
4.6614, 4.43484, 5.57804, 5.54444, 5.10925, 4.85934, 3.05372, 3.1732, 5.12825, 2.08438, 5.69032, 3.88246, 4.41506, 2.99109, 4.47126, 4.35905, 4.89497, 3.18539, 4.67793, 2.81843, 2.72952, 4.62551, 5.78375, 5.67426, 1.78662, 4.5962, 4.88804, 4.20563, 2.58697, 1.83105
4.62507, 4.44078, 5.54776, 5.54206, 5.07574, 4.86129, 3.01411, 3.20223, 5.1047, 2.09951, 5.6621, 3.88911, 4.38427, 3.00744, 4.43349, 4.36621, 4.86533, 3.19818, 4.64929, 2.83385, 2.6604, 4.64048, 5.75477, 5.67137, 1.66329, 4.64335, 4.85416, 4.21261, 2.5645, 1.86465
4.59267, 4.42633, 5.52419, 5.52832, 5.04769, 4.84744, 2.94617, 3.18467, 5.07033, 2.10278, 5.63309, 3.88172, 4.34317, 3.00286, 4.39952, 4.35097, 4.82932, 3.193, 4.61069, 2.83136, 2.61957, 4.60361, 5.73219, 5.65815, 1.6211, 4.58664, 4.82186, 4.20059, 2.49196, 1.89688
4.56099, 4.4122, 5.50123, 5.51494, 5.02031, 4.83392, 2.87687, 3.16653, 5.03674, 2.10598, 5.60479, 3.87451, 4.30284, 2.99837, 4.36627, 4.33605, 4.79408, 3.18794, 4.57288, 2.82893, 2.57921, 4.5671, 5.71019, 5.64528, 1.57888, 4.52952, 4.79029, 4.18883, 2.4179, 1.93202
4.59327, 4.45127, 5.57568, 5.60783, 5.06065, 4.88653, 2.89735, 3.18679, 5.04563, 2.13483, 5.61945, 3.92339, 4.31995, 3.02785, 4.39761, 4.3716, 4.81021, 3.22212, 4.58768, 2.85943, 2.60807, 4.583, 5.80045, 5.77373, 1.60362, 4.54055, 4.81781, 4.23043, 2.43277, 1.9496
4.60467, 4.41422, 5.57641, 5.57773, 5.06616, 4.85151, 2.92856, 3.1614, 5.10366, 2.00587, 5.62051, 3.87494, 4.35211, 2.97711, 4.41115, 4.33511, 4.8314, 3.16487, 4.62094, 2.79866, 2.62709, 4.56037, 5.79979, 5.7447, 1.62294, 4.52347, 4.8284, 4.18968, 2.47353, 1.93694
4.5731, 4.41961, 5.55042, 5.57552, 5.03712, 4.85327, 2.89415, 3.18802, 5.0837, 2.01909, 5.596, 3.88083, 4.3255, 2.99156, 4.37832, 4.34163, 4.80578, 3.17621, 4.59625, 2.81225, 2.56567, 4.57607, 5.77504, 5.74192, 1.50631, 4.58073, 4.79897, 4.19594, 2.4537, 1.96719
4.54493, 4.40703, 5.53031, 5.56367, 5.01287, 4.84123, 2.83053, 3.17064, 5.05417, 2.02241, 5.57077, 3.87437, 4.2896, 2.98765, 4.34871, 4.32834, 4.77437, 3.17179, 4.56263, 2.81024, 2.52936, 4.54284, 5.75592, 5.73051, 1.46843, 4.52774, 4.77089, 4.18545, 2.38276, 2.00195
4.55596, 4.37311, 5.53126, 5.53594, 5.01838, 4.80903, 2.859, 3.14819, 5.11923, 1.88352, 5.5725, 3.82938, 4.32008, 2.9415, 4.36171, 4.29502, 4.79512, 3.11906, 4.59467, 2.75441, 2.54701, 4.5226, 5.75555, 5.70376, 1.48603, 4.51274, 4.78127, 4.14806, 2.41909, 1.99026
4.5831, 4.40644, 5.597, 5.61914, 5.0524, 4.85393, 2.8765, 3.1655, 5.12587, 1.90751, 5.58509, 3.87046, 4.33437, 2.96671, 4.38809, 4.32539, 4.80852, 3.14803, 4.60689, 2.78038, 2.57143, 4.53622, 5.84206, 5.82763, 1.50694, 4.52196, 4.80439, 4.18338, 2.43204, 2.00539
4.55736, 4.39505, 5.57887, 5.6084, 5.03032, 4.843, 2.81708, 3.14969, 5.09932, 1.91109, 5.562, 3.86458, 4.30164, 2.96336, 4.36103, 4.31339, 4.77983, 3.14418, 4.57627, 2.77878, 2.53771, 4.50593, 5.82495, 5.81728, 1.47119, 4.47196, 4.77873, 4.17389, 2.36365, 2.03996
4.53, 4.3999, 5.55659, 5.60637, 5.00518, 4.84458, 2.78728, 3.17393, 5.08249, 1.92258, 5.54075, 3.86978, 4.27869, 2.97606, 4.33255, 4.31927, 4.75773, 3.15418, 4.55503, 2.7907, 2.48341, 4.52174, 5.80387, 5.81464, 1.36085, 4.53882, 4.75323, 4.17946, 2.34615, 2.06722
4.50637, 4.38999, 5.53969, 5.59672, 4.98476, 4.83491, 2.74057, 3.16376, 5.05831, 1.92539, 5.51964, 3.86455, 4.24952, 2.97297, 4.30775, 4.30889, 4.73187, 3.1507, 4.52756, 2.78905, 2.45029, 4.49586, 5.78792, 5.80531, 1.32103, 4.49137, 4.72977, 4.17118, 2.29032, 2.08056
4.51619, 4.36094, 5.54044, 5.57308, 4.98969, 4.80728, 2.76486, 3.14527, 5.12812, 1.78127, 5.5218, 3.82583, 4.27623, 2.93396, 4.31927, 4.28039, 4.75059, 3.10567, 4.55598, 2.74159, 2.46573, 4.47883, 5.78747, 5.78271, 1.33616, 4.47904, 4.73911, 4.13915, 2.3203, 2.07048
4.49377, 4.35171, 5.52443, 5.56401, 4.97032, 4.79824, 2.72023, 3.13597, 5.10572, 1.78446, 5.5018, 3.82102, 4.24872, 2.93132, 4.29573, 4.27073, 4.72616, 3.10264, 4.53012, 2.74032, 2.43391, 4.45432, 5.77236, 5.77393, 1.29662, 4.43066, 4.71686, 4.13146, 2.267, 2.08343
4.51622, 4.37865, 5.58134, 5.63378, 4.99861, 4.83457, 2.73473, 3.14982, 5.11109, 1.80405, 5.51289, 3.85464, 4.26077, 2.95194, 4.3175, 4.29527, 4.73752, 3.12632, 4.54046, 2.76162, 2.45363, 4.46535, 5.85618, 5.88829, 1.31338, 4.43805, 4.73619, 4.16009, 2.27809, 2.09567
4.49518, 4.3699, 5.56648, 5.62525, 4.98049, 4.82602, 2.69216, 3.14079, 5.08992, 1.80699, 5.49409, 3.85, 4.2348, 2.94932, 4.2954, 4.28611, 4.7145, 3.12335, 4.51604, 2.76031, 2.42347, 4.44216, 5.84229, 5.88005, 1.27407, 4.38893, 4.71531, 4.15278, 2.22633, 2.10828
4.48257, 4.35614, 5.55698, 5.61471, 4.9692, 4.81391, 2.67469, 3.11473, 5.06837, 1.79982, 5.48017, 3.83964, 4.21563, 2.93486, 4.28254, 4.27159, 4.69701, 3.11101, 4.49646, 2.74768, 2.415, 4.42034, 5.83323, 5.8701, 1.27141, 4.36364, 4.70192, 4.13976, 2.19483, 2.06904
4.47028, 4.34274, 5.54774, 5.60447, 4.95822, 4.80212, 2.65756, 3.08918, 5.04734, 1.79283, 5.46662, 3.82956, 4.19693, 2.92075, 4.27002, 4.25744, 4.67997, 3.09898, 4.47736, 2.73536, 2.40673, 4.39905, 5.82443, 5.86042, 1.2688, 4.33895, 4.68888, 4.12708, 2.16339, 2.02987
4.44849, 4.34696, 5.53017, 5.60287, 4.93822, 4.80358, 2.63448, 3.10987, 5.03442, 1.80208, 5.44974, 3.83389, 4.17885, 2.93123, 4.24733, 4.26256, 4.66252, 3.10724, 4.46066, 2.74514, 2.36288, 4.41495, 5.80793, 5.85823, 1.18256, 4.41593, 4.66859, 4.13182, 2.15036, 2.05251
4.43691, 4.33424, 5.52146, 5.59318, 4.92786, 4.79241, 2.61845, 3.08547, 5.01451, 1.7954, 5.43695, 3.82433, 4.16117, 2.91777, 4.23553, 4.24912, 4.64642, 3.09579, 4.44259, 2.73338, 2.35528, 4.39471, 5.79963, 5.84908, 1.18068, 4.39291, 4.6563, 4.11979, 2.1205, 2.01441
4.42564, 4.32187, 5.513, 5.58376, 4.91779, 4.78155, 2.60275, 3.06155, 4.9951, 1.78888, 5.42451, 3.81504, 4.14393, 2.90463, 4.22404, 4.23604, 4.63073, 3.08463, 4.42498, 2.72192, 2.34787, 4.37498, 5.79157, 5.84019, 1.17884, 4.37045, 4.64433, 4.10808, 2.09067, 1.97636
4.41467, 4.30982, 5.50477, 5.57461, 4.908, 4.77098, 2.58737, 3.03813, 4.97618, 1.78253, 5.41241, 3.80599, 4.12711, 2.89182, 4.21286, 4.22331, 4.61545, 3.07376, 4.40781, 2.71075, 2.34064, 4.35574, 5.78373, 5.83155, 1.17704, 4.34853, 4.63268, 4.09668, 2.06085, 1.93831
4.404, 4.2981, 5.49678, 5.56572, 4.89848, 4.76071, 2.5723, 3.01519, 4.95775, 1.77634, 5.40064, 3.79719, 4.1107, 2.87932, 4.20197, 4.21091, 4.60056, 3.06318, 4.39106, 2.69985, 2.33359, 4.33698, 5.77612, 5.82316, 1.17529, 4.32714, 4.62135, 4.08559, 2.03099, 1.90021
4.4207, 4.31769, 5.54007, 5.61718, 4.91959, 4.78708, 2.58294, 3.0253, 4.96219, 1.79097, 5.40962, 3.82199, 4.11993, 2.89438, 4.21811, 4.22877, 4.6094, 3.08055, 4.39912, 2.71549, 2.34801, 4.34526, 5.84766, 5.91609, 1.18764, 4.3327, 4.63593, 4.10642, 2.0391, 1.90902
4.41068, 4.30668, 5.53261, 5.60887, 4.91066, 4.77745, 2.56868, 3.00363, 4.94481, 1.78508, 5.39858, 3.81369, 4.1045, 2.88259, 4.20788, 4.21713, 4.59541, 3.07056, 4.38336, 2.70519, 2.34132, 4.32759, 5.84061, 5.9083, 1.18593, 4.31249, 4.62529, 4.09599, 2.01028, 1.8723
4.39287, 4.31034, 5.51837, 5.60757, 4.89434, 4.77874, 2.55068, 3.02113, 4.9343, 1.79278, 5.38479, 3.81732, 4.08984, 2.89145, 4.18935, 4.22157, 4.5812, 3.07752, 4.3698, 2.71342, 2.30574, 4.34222, 5.82735, 5.90642, 1.11526, 4.38434, 4.60872, 4.10004, 2.00102, 1.8908
4.40004, 4.29141, 5.51893, 5.59217, 4.89805, 4.76059, 2.56691, 3.01028, 5.00538, 1.68604, 5.3874, 3.79178, 4.1088, 2.86757, 4.19768, 4.20308, 4.59545, 3.04892, 4.39051, 2.6843, 2.31633, 4.33152, 5.82695, 5.89198, 1.12526, 4.37679, 4.61573, 4.07918, 2.01974, 1.88599
4.3826, 4.28167, 5.50701, 5.58384, 4.88319, 4.75162, 2.52785, 2.99278, 4.98453, 1.68667, 5.37116, 3.78599, 4.08519, 2.86165, 4.17935, 4.19278, 4.57481, 3.04355, 4.36802, 2.67991, 2.29078, 4.30885, 5.81593, 5.88407, 1.19242, 4.36201, 4.59814, 4.07066, 2.07111, 1.92806
4.37364, 4.27182, 5.50037, 5.57643, 4.87522, 4.74301, 2.51514, 2.97308, 4.96899, 1.68182, 5.36129, 3.77858, 4.07135, 2.85109, 4.17021, 4.18235, 4.56226, 3.03463, 4.35389, 2.67074, 2.28494, 4.29293, 5.80966, 5.87713, 1.19091, 4.34427, 4.58863, 4.06134, 2.04597, 1.89648
4.36493, 4.26224, 5.49392, 5.56924, 4.86747, 4.73464, 2.50271, 2.95381, 4.95384, 1.6771, 5.35169, 3.77139, 4.05786, 2.84081, 4.16132, 4.17221, 4.55005, 3.02595, 4.34012, 2.6618, 2.27924, 4.27743, 5.80356, 5.87039, 1.18943, 4.32698, 4.57938, 4.05226, 2.02092, 1.865
4.35646, 4.25292, 5.48765, 5.56225, 4.85995, 4.72651, 2.49054, 2.93496, 4.9391, 1.6725, 5.34236, 3.76439, 4.04472, 2.83079, 4.15267, 4.16234, 4.53816, 3.0175, 4.32671, 2.65309, 2.27369, 4.26233, 5.79764, 5.86384, 1.18799, 4.31013, 4.57039, 4.04344, 1.99593, 1.83359
4.34152, 4.25623, 5.47566, 5.56125, 4.84622, 4.72776, 2.47602, 2.95008, 4.93055, 1.67899, 5.33081, 3.76757, 4.03256, 2.83842, 4.13713, 4.16634, 4.52634, 3.02351, 4.31546, 2.66016, 2.24395, 4.27602, 5.78648, 5.86234, 1.12948, 4.36962, 4.5565, 4.04706, 1.9884, 1.84893
4.35399, 4.27068, 5.50832, 5.59939, 4.86199, 4.74715, 2.48397, 2.95757, 4.93386, 1.68989, 5.33784, 3.78596, 4.03957, 2.84961, 4.14916, 4.17953, 4.53309, 3.03641, 4.32161, 2.67179, 2.25465, 4.28218, 5.84674, 5.93829, 1.13887, 4.37374, 4.56747, 4.06242, 1.9945, 1.85556
4.34628, 4.26215, 5.50263, 5.59303, 4.85515, 4.73972, 2.47294, 2.94026, 4.92037, 1.68562, 5.32935, 3.77954, 4.02758, 2.84038, 4.14129, 4.17049, 4.52225, 3.02864, 4.30938, 2.66376, 2.24966, 4.26835, 5.8414, 5.93237, 1.13778, 4.35852, 4.55929, 4.05434, 1.97153, 1.82622
4.33879, 4.25386, 5.49711, 5.58686, 4.84849, 4.7325, 2.46216, 2.92334, 4.90723, 1.68146, 5.32109, 3.7733, 4.01591, 2.8314, 4.13364, 4.16171, 4.51171, 3.02108, 4.29746, 2.65595, 2.24481, 4.25489, 5.83622, 5.92662, 1.13672, 4.34369, 4.55133, 4.04649, 1.94862, 1.79696
4.3315, 4.2458, 5.49175, 5.58087, 4.84203, 4.72548, 2.45163, 2.90681, 4.89445, 1.67742, 5.31306, 3.76724, 4.00454, 2.82266, 4.12619, 4.15317, 4.50145, 3.01372, 4.28587, 2.64835, 2.24008, 4.24179, 5.83119, 5.92104, 1.13568, 4.32926, 4.54359, 4.03885, 1.92577, 1.76777
4.32442, 4.23796, 5.48654, 5.57505, 4.83574, 4.71867, 2.44133, 2.89065, 4.88201, 1.67348, 5.30526, 3.76134, 3.99348, 2.81414, 4.11896, 4.14486, 4.49147, 3.00657, 4.27458, 2.64095, 2.23548, 4.22903, 5.8263, 5.91562, 1.13467, 4.3152, 4.53606, 4.03143, 1.90295, 1.73861
4.31394, 4.22975, 5.47903, 5.56814, 4.82662, 4.71103, 2.41696, 2.87963, 4.87991, 1.6594, 5.29517, 3.75494, 3.98016, 2.80796, 4.108, 4.13634, 4.4797, 3.00018, 4.26224, 2.63521, 2.21889, 4.2131, 5.81933, 5.90911, 1.17756, 4.30648, 4.5255, 4.0238, 1.93101, 1.76445
4.30177, 4.23255, 5.46933, 5.56732, 4.81545, 4.71209, 2.40556, 2.89223, 4.873, 1.66473, 5.28577, 3.75757, 3.97031, 2.81432, 4.09535, 4.13973, 4.4701, 3.00518, 4.25313, 2.64107, 2.19483, 4.22514, 5.81037, 5.90784, 1.13029, 4.35539, 4.5142, 4.02683, 1.92529, 1.77686
4.29529, 4.22534, 5.46456, 5.56198, 4.8097, 4.70583, 2.39619, 2.87718, 4.86157, 1.66113, 5.27863, 3.75216, 3.96015, 2.80644, 4.08872, 4.13208, 4.46094, 2.99858, 4.24276, 2.63423, 2.1907, 4.21336, 5.8059, 5.90287, 1.1294, 4.34265, 4.50731, 4.02, 1.90466, 1.75033
4.28899, 4.21833, 5.45994, 5.5568, 4.80412, 4.69975, 2.38704, 2.86247, 4.85045, 1.65763, 5.27168, 3.74689, 3.95026, 2.79878, 4.08228, 4.12465, 4.45203, 2.99216, 4.23267, 2.62757, 2.18669, 4.2019, 5.80156, 5.89805, 1.12853, 4.33025, 4.50061, 4.01336, 1.8841, 1.72388
4.29403, 4.20635, 5.46042, 5.54695, 4.80681, 4.68814, 2.39754, 2.85632, 4.92256, 1.57449, 5.27405, 3.73045, 3.96315, 2.78459, 4.08807, 4.113, 4.46227, 2.97451, 4.247, 2.61025, 2.19366, 4.19537, 5.80136, 5.88889, 1.13495, 4.32547, 4.50564, 4.00013, 1.89584, 1.72148
4.30303, 4.21675, 5.48404, 5.57444, 4.81819, 4.70206, 2.40326, 2.86173, 4.92492, 1.58238, 5.2793, 3.74368, 3.96827, 2.79265, 4.09675, 4.1225, 4.46724, 2.98381, 4.25153, 2.61864, 2.20137, 4.19991, 5.84951, 5.949, 1.14183, 4.32855, 4.51359, 4.01117, 1.90021, 1.72626
4.29726, 4.21036, 5.47982, 5.56973, 4.81308, 4.69652, 2.39481, 2.84831, 4.9148, 1.57944, 5.27295, 3.73888, 3.95921, 2.78569, 4.09085, 4.11573, 4.45908, 2.97797, 4.24229, 2.6126, 2.19766, 4.18943, 5.84558, 5.94464, 1.141, 4.31719, 4.50747, 4.00512, 1.88094, 1.70181
4.2871, 4.21276, 5.47175, 5.56904, 4.80376, 4.69744, 2.38547, 2.85889, 4.90915, 1.58386, 5.2651, 3.74112, 3.95103, 2.79105, 4.0803, 4.11863, 4.45109, 2.98219, 4.23472, 2.61754, 2.17767, 4.19982, 5.83817, 5.94354, 1.09969, 4.3614, 4.49804, 4.0077, 1.87642, 1.71213
4.27674, 4.20703, 5.46483, 5.56419, 4.795, 4.69218, 2.36131, 2.84997, 4.89681, 1.58434, 5.25552, 3.7377, 3.93688, 2.78757, 4.06937, 4.11257, 4.4388, 2.97902, 4.22128, 2.61495, 2.16119, 4.18621, 5.83189, 5.93898, 1.13912, 4.35209, 4.48761, 4.0027, 1.90355, 1.73545
4.27147, 4.20116, 5.46097, 5.55988, 4.79034, 4.68709, 2.35363, 2.83749, 4.88752, 1.58161, 5.24971, 3.73329, 3.92857, 2.78113, 4.06398, 4.10634, 4.43133, 2.97364, 4.21281, 2.60937, 2.15786, 4.17656, 5.8283, 5.93498, 1.13837, 4.34178, 4.482, 3.99714, 1.88614, 1.71328
4.26634, 4.19546, 5.45723, 5.55569, 4.7858, 4.68215, 2.34614, 2.82531, 4.87848, 1.57896, 5.24407, 3.729, 3.92049, 2.77487, 4.05874, 4.10029, 4.42406, 2.96841, 4.20457, 2.60394, 2.15462, 4.16717, 5.82481, 5.9311, 1.13765, 4.33176, 4.47656, 3.99173, 1.86885, 1.69125
4.2573, 4.19765, 5.45005, 5.55509, 4.7775, 4.68301, 2.33799, 2.83486, 4.87348, 1.58292, 5.23709, 3.73102, 3.91324, 2.7797, 4.04934, 4.10293, 4.41697, 2.97221, 4.19785, 2.60838, 2.1368, 4.17687, 5.81823, 5.93014, 1.09979, 4.37173, 4.46816, 3.99407, 1.86489, 1.70039
4.25247, 4.19226, 5.44652, 5.55114, 4.77323, 4.67834, 2.33096, 2.82332, 4.86495, 1.58041, 5.23177, 3.72698, 3.90563, 2.77377, 4.04441, 4.09721, 4.41012, 2.96726, 4.19008, 2.60325, 2.13379, 4.16801, 5.81494, 5.92648, 1.09921, 4.36236, 4.46303, 3.98897, 1.84839, 1.67915
4.25949, 4.20026, 5.46511, 5.57239, 4.78211, 4.68905, 2.3354, 2.8275, 4.86686, 1.58656, 5.23598, 3.73723, 3.90966, 2.77999, 4.05117, 4.10452, 4.41405, 2.97445, 4.19367, 2.60974, 2.13976, 4.17151, 5.85751, 5.97825, 1.10461, 4.36472, 4.46927, 3.99748, 1.85179, 1.68286
4.25495, 4.1952, 5.4618, 5.56869, 4.7781, 4.68466, 2.32876, 2.81661, 4.85883, 1.58418, 5.23099, 3.73342, 3.90249, 2.7744, 4.04653, 4.09914, 4.40761, 2.96979, 4.18635, 2.6049, 2.13691, 4.16316, 5.85445, 5.97483, 1.10405, 4.35589, 4.46445, 3.99268, 1.83596, 1.66249
4.25232, 4.19175, 5.45959, 5.56625, 4.7755, 4.68167, 2.32497, 2.81359, 4.8556, 1.58648, 5.22732, 3.72994, 3.8999, 2.77019, 4.04395, 4.09564, 4.40536, 2.96603, 4.18398, 2.60241, 2.13412, 4.1618, 5.85241, 5.97262, 1.11496, 4.35316, 4.46172, 3.989, 1.84383, 1.66776
4.25207, 4.18872, 5.45876, 5.56435, 4.77474, 4.67914, 2.32783, 2.81185, 4.85472, 1.58898, 5.22534, 3.72612, 3.90083, 2.76518, 4.04396, 4.09262, 4.40616, 2.96168, 4.18493, 2.59945, 2.13591, 4.16399, 5.85159, 5.97094, 1.11717, 4.35235, 4.46133, 3.98542, 1.84651, 1.66742
4.24791, 4.18408, 5.45574, 5.56096, 4.77107, 4.67513, 2.32172, 2.80185, 4.84737, 1.58679, 5.22076, 3.72264, 3.89425, 2.76006, 4.03971, 4.0877, 4.40026, 2.95742, 4.17823, 2.59502, 2.13331, 4.15635, 5.84879, 5.96782, 1.11663, 4.34427, 4.45691, 3.98103, 1.8318, 1.64861
4.24768, 4.18122, 5.45496, 5.55918, 4.77036, 4.67274, 2.32443, 2.80022, 4.84656, 1.58915, 5.21889, 3.71901, 3.89496, 2.75523, 4.03972, 4.08486, 4.40103, 2.95336, 4.17909, 2.59225, 2.13499, 4.15827, 5.84802, 5.96624, 1.11871, 4.34352, 4.45655, 3.97764, 1.83429, 1.64829
4.24536, 4.17816, 5.453, 5.55701, 4.76806, 4.67008, 2.32108, 2.79761, 4.84575, 1.58885, 5.21562, 3.71588, 3.89246, 2.75137, 4.03744, 4.08175, 4.39906, 2.95008, 4.17694, 2.59007, 2.13245, 4.15697, 5.84621, 5.96428, 1.12848, 4.34109, 4.45414, 3.97437, 1.84122, 1.65297
4.23846, 4.17986, 5.44753, 5.55655, 4.76172, 4.67075, 2.31498, 2.80493, 4.84193, 1.59188, 5.2103, 3.71744, 3.88697, 2.75509, 4.03028, 4.08381, 4.39367, 2.95301, 4.17184, 2.59349, 2.11885, 4.16454, 5.84123, 5.96352, 1.09887, 4.37236, 4.44774, 3.97619, 1.83831, 1.6599
4.24161, 4.17274, 5.44783, 5.55069, 4.76342, 4.66382, 2.32126, 2.80144, 4.90447, 1.52506, 5.21194, 3.7076, 3.89486, 2.74691, 4.03387, 4.07691, 4.40009, 2.94265, 4.18063, 2.5835, 2.12304, 4.16074, 5.84107, 5.95814, 1.10265, 4.36953, 4.4509, 3.96832, 1.84526, 1.65861
4.24118, 4.1705, 5.44707, 5.54939, 4.76263, 4.66203, 2.3234, 2.80014, 4.90178, 1.52815, 5.21002, 3.70477, 3.89485, 2.74281, 4.03365, 4.07468, 4.40039, 2.93957, 4.1808, 2.58162, 2.1244, 4.1629, 5.84035, 5.95701, 1.10436, 4.369, 4.45036, 3.96562, 1.84717, 1.6584
4.23887, 4.16799, 5.44522, 5.54766, 4.7604, 4.65988, 2.31998, 2.79785, 4.89783, 1.53071, 5.20687, 3.70229, 3.89204, 2.73955, 4.03136, 4.07211, 4.39825, 2.93707, 4.17835, 2.58011, 2.1219, 4.16193, 5.83866, 5.95544, 1.11336, 4.36669, 4.44796, 3.96294, 1.85367, 1.66279
4.23549, 4.16424, 5.44278, 5.54491, 4.75742, 4.65663, 2.31501, 2.78972, 4.8919, 1.52905, 5.20315, 3.69947, 3.88667, 2.73542, 4.0279, 4.06812, 4.39344, 2.93363, 4.1729, 2.57654, 2.11982, 4.15574, 5.8364, 5.95291, 1.11293, 4.36018, 4.44437, 3.95938, 1.84171, 1.64767
4.23511, 4.16219, 5.44208, 5.54373, 4.75671, 4.65499, 2.31697, 2.78854, 4.88945, 1.53191, 5.20139, 3.69685, 3.88642, 2.73148, 4.02771, 4.06608, 4.39373, 2.93085, 4.17301, 2.57482, 2.12105, 4.1576, 5.83574, 5.95188, 1.1145, 4.3597, 4.44388, 3.9569, 1.84344, 1.64748
4.23474, 4.1602, 5.4414, 5.54258, 4.75601, 4.65339, 2.31888, 2.78739, 4.88708, 1.5347, 5.19968, 3.6943, 3.88612, 2.72762, 4.02753, 4.0641, 4.39402, 2.92816, 4.17311, 2.57315, 2.12224, 4.15944, 5.8351, 5.95088, 1.11601, 4.35924, 4.44341, 3.95449, 1.84512, 1.64729
4.23165, 4.15676, 5.43917, 5.54008, 4.75329, 4.65042, 2.31432, 2.77995, 4.88167, 1.53317, 5.19627, 3.69172, 3.8812, 2.72384, 4.02437, 4.06045, 4.38962, 2.92501, 4.16812, 2.56988, 2.12034, 4.15379, 5.83303, 5.94857, 1.11562, 4.35329, 4.44013, 3.95123, 1.834, 1.63329
4.23131, 4.15488, 5.43853, 5.53899, 4.75263, 4.64891, 2.31612, 2.77887, 4.87944, 1.53581, 5.19465, 3.68929, 3.88075, 2.72006, 4.0242, 4.05858, 4.3899, 2.92251, 4.16818, 2.56831, 2.12145, 4.15544, 5.83243, 5.94763, 1.11705, 4.35286, 4.43969, 3.94895, 1.83556, 1.63311
4.22938, 4.15279, 5.43699, 5.53754, 4.75077, 4.64712, 2.31328, 2.77704, 4.87615, 1.53799, 5.192, 3.68717, 3.87807, 2.71709, 4.02229, 4.05644, 4.38813, 2.92046, 4.16607, 2.56706, 2.11931, 4.15452, 5.83103, 5.94632, 1.12463, 4.35094, 4.4377, 3.9467, 1.84092, 1.63676
4.22429, 4.15408, 5.43294, 5.53722, 4.74608, 4.64764, 2.30884, 2.78245, 4.87337, 1.54022, 5.18808, 3.68835, 3.87405, 2.71987, 4.01701, 4.058, 4.38418, 2.92265, 4.16233, 2.5696, 2.10925, 4.16019, 5.82734, 5.94577, 1.10222, 4.37443, 4.43299, 3.94808, 1.83879, 1.64185
4.22828, 4.15864, 5.44348, 5.54926, 4.75113, 4.65372, 2.31137, 2.78484, 4.87445, 1.54375, 5.19051, 3.69416, 3.87634, 2.72342, 4.02086, 4.06217, 4.38642, 2.92675, 4.16439, 2.57332, 2.11268, 4.1622, 5.85382, 5.97779, 1.10535, 4.37579, 4.43653, 3.95291, 1.84074, 1.64399
4.22798, 4.15699, 5.44292, 5.54831, 4.75055, 4.65238, 2.31296, 2.7839, 4.87249, 1.54617, 5.18908, 3.692, 3.87587, 2.72, 4.02071, 4.06052, 4.38668, 2.92452, 4.16445, 2.5719, 2.11371, 4.16379, 5.85329, 5.97696, 1.10662, 4.3754, 4.43615, 3.9509, 1.84213, 1.64384
