0.0883223
0.133883
0.132568
0.16657
0.193165
0.156553
0.191354
0.224894
0.232762
0.210013
0.243725
0.281915
0.284669
0.276195
0.316187
0.32776
0.365496
0.342883
0.334558
0.30869
0.352385
0.407551
0.380634
0.392665
0.390451
0.384279
0.414531
0.388674
0.36573
0.37912
0.421407
0.41865
0.40395
0.429952
0.436913
0.424929
0.446608
0.410324
0.437559
0.419212
0.423049
0.448208
0.474625
0.463037
0.460374
0.461092
0.449242
0.473002
0.474815
0.460194
0.483795
0.500333
0.47481
0.500218
0.507894
0.491808
0.509937
0.52188
0.494176
0.511156
0.528572
0.547304
0.541879
0.538648
0.53771
0.532888
0.534786
0.519922
0.535155
0.532174
0.530076
0.539788
0.546723
0.535183
0.539322
0.525301
0.533758
0.541923
0.537807
0.538026
0.545384
0.549431
0.541821
0.540954
0.534595
0.540997
0.54644
0.536502
0.542304
0.539649
0.539424
0.544671
0.548464
0.542243
0.546993
0.546297
0.542049
0.544767
0.539948
0.544071
