0.122447
0.140581
0.143133
0.143742
0.14435
0.144958
0.145278
0.145335
0.145941
0.146544
0.147145
0.147742
0.148336
0.148926
0.149511
0.150091
0.150502
0.150448
0.151027
0.151601
0.152169
0.152732
0.153289
0.153839
0.154384
0.154922
0.154825
0.155746
0.156282
0.156811
0.157335
0.157853
0.158365
0.158786
0.157534
0.158031
0.158522
0.159007
0.159487
0.159962
0.160432
0.160897
0.161357
0.161813
0.161931
0.161088
0.161348
0.161659
0.162111
0.162559
0.163003
0.163444
0.163882
0.164318
0.164148
0.163659
0.164084
0.164507
0.164927
0.165345
0.165762
0.166177
0.166591
0.167004
0.167417
0.16783
0.167567
0.167288
0.167692
0.168096
0.168501
0.168701
0.168952
0.169371
0.169793
0.170217
0.170645
0.170271
0.170199
0.170619
0.171043
0.171471
0.171905
0.172346
0.172794
0.173252
0.173721
0.173394
0.173419
0.173885
0.174364
0.174859
0.175373
0.175912
0.176481
0.176062
0.176085
0.176342
0.176959
0.177635
