2.67433, 2.80584, 2.2586, 2.45975, 1.84534, 1.28858, 3.01951, 3.07654, 1.84903, 2.04194
2.6532, 2.74791, 2.23976, 2.3844, 1.79037, 1.19975, 2.99782, 3.02862, 1.82483, 1.93263
2.63213, 2.69009, 2.2206, 2.3079, 1.71413, 1.14429, 2.97636, 2.98115, 1.79364, 1.81574
2.6111, 2.63232, 2.20108, 2.22998, 1.74462, 1.08818, 2.95511, 2.93414, 1.74852, 1.68783
2.50257, 2.45823, 2.06118, 1.96306, 1.77192, 1.33621, 2.86833, 2.806, 1.83158, 1.98081
2.48114, 2.39549, 2.03991, 1.86566, 1.63867, 1.25952, 2.84708, 2.75754, 1.80644, 1.87852
2.45965, 2.33221, 2.01868, 1.7612, 1.79255, 1.09657, 2.82599, 2.70939, 1.77317, 1.76901
2.59998, 2.55592, 2.10617, 1.89013, 1.8507, 1.19481, 3.09602, 3.27592, 1.86466, 1.88136
2.37934, 2.24906, 2.18142, 2.16183, 1.81585, 1.32535, 3.03027, 3.17143, 1.88411, 2.05667
2.58338, 2.55306, 2.36354, 2.39549, 1.90604, 1.46511, 2.59454, 2.72692, 2.04535, 2.22962
2.56476, 2.4984, 2.34661, 2.33269, 1.87821, 1.36702, 2.57818, 2.67652, 2.03228, 2.15539
2.54656, 2.44809, 2.3295, 2.2743, 1.84312, 1.28948, 2.56223, 2.6303, 2.01747, 2.08513
2.49365, 2.40006, 2.27108, 2.2203, 1.72798, 1.25678, 2.51317, 2.58331, 1.94833, 2.02109
2.47616, 2.34924, 2.25467, 2.16026, 1.74068, 1.20296, 2.49789, 2.53717, 1.93228, 1.94677
2.59166, 2.53484, 2.35179, 2.29964, 1.7916, 1.28264, 2.65175, 2.75785, 2.0157, 2.05057
2.57568, 2.49141, 2.33612, 2.24699, 1.72375, 1.23269, 2.63768, 2.71908, 2.00118, 1.98327
2.55983, 2.4482, 2.32046, 2.19399, 1.73718, 1.18596, 2.62379, 2.68072, 1.98622, 1.9142
2.5441, 2.40518, 2.30483, 2.14052, 1.75347, 1.1437, 2.61005, 2.64277, 1.97086, 1.84287
2.49925, 2.36494, 2.2534, 2.09377, 1.62483, 1.15229, 2.56957, 2.60446, 1.90562, 1.7838
2.5999, 2.52953, 2.33111, 2.20998, 1.66836, 1.21696, 2.71807, 2.82694, 1.9688, 1.86822
2.58603, 2.49224, 2.31688, 2.16184, 1.6821, 1.18052, 2.70602, 2.79511, 1.95421, 1.80005
2.57231, 2.45526, 2.30272, 2.11336, 1.69764, 1.14727, 2.69417, 2.76376, 1.93956, 1.72886
2.55874, 2.41859, 2.28863, 2.06442, 1.71474, 1.11669, 2.68249, 2.73287, 1.92549, 1.65328
2.5205, 2.38431, 2.24312, 2.02306, 1.67231, 1.10948, 2.64918, 2.70115, 1.86537, 1.59335
2.60878, 2.53059, 2.30533, 2.11926, 1.70838, 1.16558, 2.80732, 2.94922, 1.91279, 1.66117
2.5968, 2.49866, 2.2925, 2.07483, 1.72273, 1.13566, 2.79725, 2.9237, 1.90023, 1.5851
2.56313, 2.46814, 2.25114, 2.03727, 1.68329, 1.12726, 2.76932, 2.89637, 1.84472, 1.52452
2.52995, 2.438, 2.21014, 1.99976, 1.64447, 1.12156, 2.74188, 2.86952, 1.78312, 1.46175
2.47289, 2.34383, 2.12521, 1.8512, 1.67456, 1.25565, 2.70269, 2.80084, 1.82291, 1.60566
2.46182, 2.31143, 2.11437, 1.79832, 1.68302, 1.22525, 2.69346, 2.7763, 1.80065, 1.5351
2.52945, 2.42111, 2.15803, 1.86656, 1.71517, 1.27329, 2.85846, 3.04242, 1.83905, 1.58909
2.46189, 2.31327, 2.16178, 1.96081, 1.70031, 1.34061, 2.82285, 2.97854, 1.83902, 1.67028
2.45163, 2.28307, 2.15181, 1.91839, 1.75426, 1.25782, 2.8148, 2.95822, 1.82122, 1.61101
2.54944, 2.4515, 2.22644, 2.03294, 1.79799, 1.32616, 2.59777, 2.7124, 1.87846, 1.68933
2.52241, 2.42697, 2.19307, 2.00231, 1.72061, 1.30877, 2.57358, 2.68885, 1.83087, 1.64824
2.58983, 2.5355, 2.23729, 2.06836, 1.74946, 1.35139, 2.68252, 2.84277, 1.86638, 1.69649
2.58142, 2.51259, 2.2284, 2.03475, 1.75208, 1.31996, 2.6754, 2.82315, 1.85341, 1.64566
2.57316, 2.49007, 2.21965, 2.00114, 1.75566, 1.29056, 2.66842, 2.80393, 1.83997, 1.59301
2.56506, 2.46793, 2.21104, 1.96745, 1.69769, 1.26876, 2.6616, 2.78512, 1.82639, 1.53782
2.55711, 2.44617, 2.2026, 1.93362, 1.70327, 1.24495, 2.65491, 2.7667, 1.81362, 1.47884
2.53456, 2.42579, 2.17379, 1.90664, 1.67408, 1.23477, 2.6353, 2.74762, 1.76738, 1.43405
2.59039, 2.51719, 2.2076, 1.9591, 1.69725, 1.26907, 2.74162, 2.90597, 1.79319, 1.47125
2.53705, 2.43368, 2.22364, 2.05339, 1.69951, 1.33143, 2.70199, 2.83583, 1.79809, 1.53892
2.52997, 2.41391, 2.21648, 2.02582, 1.74182, 1.26979, 2.69612, 2.82002, 1.77959, 1.48837
2.52303, 2.3945, 2.20945, 1.99838, 1.74626, 1.24798, 2.69038, 2.80456, 1.75745, 1.4355
2.51623, 2.37543, 2.20257, 1.97105, 1.75118, 1.22743, 2.68478, 2.78945, 1.72745, 1.38019
2.49683, 2.35801, 2.17881, 1.94903, 1.68213, 1.22644, 2.66863, 2.77377, 1.71867, 1.34639
2.53933, 2.42764, 2.20808, 1.99355, 1.7013, 1.25505, 2.76527, 2.92351, 1.73918, 1.37616
2.49347, 2.35755, 2.22206, 2.07043, 1.70393, 1.30776, 2.73233, 2.86658, 1.74315, 1.43135
2.48741, 2.34018, 2.21618, 2.04778, 1.70703, 1.28887, 2.72744, 2.85367, 1.75945, 1.38837
2.48148, 2.32312, 2.21042, 2.02537, 1.71047, 1.27102, 2.72267, 2.84106, 1.74532, 1.33191
2.45817, 2.28193, 2.15685, 1.93045, 1.72235, 1.33741, 2.70872, 2.81397, 1.76804, 1.4133
2.49145, 2.33679, 2.18169, 1.96792, 1.73985, 1.36297, 2.80594, 2.97312, 1.78625, 1.4398
2.48943, 2.38081, 2.17507, 2.00401, 1.72696, 1.38952, 2.77714, 2.91979, 1.77407, 1.46689
2.48435, 2.36606, 2.17003, 1.98323, 1.74689, 1.34949, 2.77297, 2.90904, 1.75704, 1.42641
2.47938, 2.35161, 2.1651, 1.96266, 1.74841, 1.33196, 2.76891, 2.89857, 1.7357, 1.38471
2.47452, 2.33747, 2.16029, 1.94229, 1.75021, 1.31529, 2.76495, 2.88835, 1.75669, 1.34429
2.47281, 2.37588, 2.15535, 1.97536, 1.73891, 1.339, 2.73801, 2.83959, 1.74557, 1.36812
2.46836, 2.36272, 2.15089, 1.95641, 1.74052, 1.32335, 2.7342, 2.82969, 1.7715, 1.32369
2.45516, 2.35073, 2.13458, 1.94124, 1.72336, 1.31517, 2.72354, 2.81938, 1.72744, 1.31643
2.45095, 2.33811, 2.13039, 1.92275, 1.72536, 1.30117, 2.71995, 2.80995, 1.7294, 1.30233
2.47834, 2.38114, 2.14928, 1.95069, 1.73835, 1.32048, 2.7932, 2.93232, 1.74239, 1.32168
2.45451, 2.34157, 2.15267, 1.98887, 1.73378, 1.34824, 2.77748, 2.9047, 1.73786, 1.3495
2.45064, 2.32999, 2.14888, 1.9728, 1.73505, 1.33472, 2.77428, 2.89648, 1.73909, 1.3359
2.44942, 2.3607, 2.14512, 1.99971, 1.72589, 1.35383, 2.75167, 2.85743, 1.72996, 1.35502
2.44585, 2.34991, 2.1416, 1.98472, 1.74697, 1.31992, 2.74861, 2.84951, 1.75149, 1.32033
2.4351, 2.34011, 2.12848, 1.97259, 1.73318, 1.31331, 2.74007, 2.84124, 1.73772, 1.31366
2.43173, 2.3298, 2.12516, 1.95809, 1.73478, 1.30189, 2.73718, 2.83372, 1.7393, 1.30217
2.43058, 2.3565, 2.12255, 1.98276, 1.7267, 1.31893, 2.71607, 2.79811, 1.73124, 1.31922
2.45273, 2.39002, 2.13822, 2.00499, 1.73699, 1.33413, 2.77085, 2.88923, 1.74153, 1.33446
2.44973, 2.38092, 2.13522, 1.99217, 1.73818, 1.32336, 2.76824, 2.88254, 1.74269, 1.32363
2.44681, 2.37203, 2.1323, 1.97959, 1.73946, 1.31305, 2.76571, 2.87604, 1.74395, 1.31325
2.44397, 2.36336, 2.12945, 1.96723, 1.74081, 1.30316, 2.76325, 2.86971, 1.74529, 1.30331
2.44341, 2.38644, 2.12679, 1.98781, 1.73384, 1.31771, 2.74552, 2.84014, 1.73834, 1.31787
2.44077, 2.37834, 2.12413, 1.97627, 1.73508, 1.30842, 2.74317, 2.83407, 1.73956, 1.30853
2.4382, 2.37045, 2.12154, 1.96494, 1.73639, 1.2995, 2.74088, 2.82817, 1.74085, 1.29956
2.4357, 2.36274, 2.11902, 1.95383, 1.73774, 1.29096, 2.73866, 2.82243, 1.7422, 1.29096
2.42092, 2.33724, 2.12226, 1.9792, 1.73487, 1.30892, 2.72709, 2.80292, 1.73934, 1.30897
2.43736, 2.36219, 2.13413, 1.99608, 1.74263, 1.32049, 2.76973, 2.87514, 1.74709, 1.32056
2.43506, 2.35513, 2.13185, 1.98625, 1.74365, 1.3124, 2.76773, 2.87003, 1.74809, 1.31242
2.43462, 2.37372, 2.12988, 2.00309, 1.73805, 1.32416, 2.75306, 2.846, 1.74251, 1.3242
2.43248, 2.36711, 2.12775, 1.9939, 1.73898, 1.31655, 2.75116, 2.84112, 1.74343, 1.31654
2.4304, 2.36067, 2.12567, 1.9849, 1.73995, 1.30923, 2.74932, 2.83637, 1.74439, 1.30919
2.42838, 2.3544, 2.12365, 1.9761, 1.74095, 1.30219, 2.74752, 2.83175, 1.74539, 1.30211
2.42641, 2.34829, 2.12168, 1.96748, 1.74199, 1.29543, 2.74578, 2.82727, 1.74641, 1.29531
2.42596, 2.36405, 2.12026, 1.98223, 1.73719, 1.30558, 2.73279, 2.80625, 1.74163, 1.30547
2.42412, 2.35833, 2.11842, 1.97417, 1.73814, 1.29921, 2.73114, 2.80197, 1.74257, 1.29907
2.42234, 2.35276, 2.11663, 1.96629, 1.73911, 1.29309, 2.72953, 2.79781, 1.74353, 1.29291
2.43472, 2.37137, 2.1253, 1.97864, 1.74477, 1.30161, 2.76041, 2.85039, 1.74919, 1.30145
2.42942, 2.36649, 2.11873, 1.97257, 1.73802, 1.29851, 2.75618, 2.8463, 1.74244, 1.29833
2.42779, 2.36144, 2.1171, 1.96537, 1.73891, 1.29293, 2.75473, 2.8426, 1.74333, 1.29272
2.42751, 2.37458, 2.11573, 1.9774, 1.73489, 1.30135, 2.74409, 2.82544, 1.73932, 1.30115
2.426, 2.36985, 2.1142, 1.97066, 1.73571, 1.2961, 2.74272, 2.82191, 1.74014, 1.29586
2.42452, 2.36525, 2.11271, 1.96407, 1.73654, 1.29104, 2.74138, 2.81848, 1.74096, 1.29077
2.42309, 2.36077, 2.11126, 1.95764, 1.73738, 1.28616, 2.74009, 2.81515, 1.74179, 1.28587
2.41461, 2.34596, 2.11317, 1.97229, 1.73571, 1.29657, 2.73331, 2.80387, 1.74013, 1.2963
2.42424, 2.36038, 2.12, 1.98196, 1.74016, 1.30325, 2.75812, 2.84635, 1.74457, 1.30299
2.42293, 2.35628, 2.11869, 1.9762, 1.74085, 1.29869, 2.75695, 2.84336, 1.74525, 1.29841
2.4227, 2.36688, 2.11765, 1.986, 1.73761, 1.3055, 2.74824, 2.82943, 1.74203, 1.30523
2.42147, 2.36304, 2.11641, 1.98059, 1.73825, 1.30122, 2.74713, 2.82659, 1.74266, 1.30092
