0.40331
0.432593
0.473604
0.440423
0.429897
0.471629
0.494372
0.49273
0.471451
0.479398
0.501436
0.516806
0.512213
0.505062
0.526849
0.504324
0.529038
0.539281
0.536067
0.533772
0.549099
0.549884
0.539914
0.547036
0.554579
0.56295
0.549977
0.564776
0.568109
0.551661
0.557845
0.564894
0.573983
0.578379
0.56995
0.568144
0.529686
0.564272
0.569009
0.559304
0.555885
0.562411
0.565916
0.569298
0.57256
0.575705
0.578735
0.580312
0.559545
0.564472
0.569135
0.571999
0.572841
0.566177
0.56268
0.565073
0.567386
0.569621
0.571781
0.573869
0.575885
0.577833
0.574896
0.574947
0.570667
0.572338
0.573955
0.575519
0.577033
0.578497
0.579914
0.580428
0.579371
0.58048
0.575747
0.576937
0.57809
0.579206
0.580286
0.581332
0.582344
0.582942
0.582003
0.582898
0.580667
0.580231
0.581061
0.581866
0.582645
0.583399
0.58413
0.584837
0.583199
0.584618
0.582857
0.582425
0.582737
0.582612
0.583185
0.583449
