0.095953
0.0959714
0.0959901
0.0960089
0.0960278
0.096047
0.0960663
0.0960857
0.0961054
0.0961252
0.0961451
0.0961653
0.0961855
0.096206
0.0962266
0.0962473
0.0962682
0.0962892
0.0963104
0.0963317
0.0963532
0.0963748
0.0963966
0.0964184
0.0964404
0.0964626
0.0964848
0.0965072
0.0965297
0.0965524
0.0965751
0.096598
0.096621
0.096644
0.0966672
0.0966905
0.0967139
0.0967374
0.096761
0.0967847
0.0968085
0.0968324
0.0968563
0.0968804
0.0969045
0.0969287
0.096953
0.0969774
0.0970018
0.0970263
0.0970509
0.0970755
0.0971002
0.0971249
0.0971497
0.0971746
0.0971995
0.0972245
0.0972495
0.0972745
0.0972996
0.0973248
0.0973499
0.0973751
0.0974004
0.0974256
0.0974509
0.0974762
0.0975015
0.0975269
0.0975523
0.0975776
0.097603
0.0976284
0.0976538
0.0976793
0.0977047
0.0977301
0.0977555
0.0977809
0.0978063
0.0978317
0.0978571
0.0978825
0.0979078
0.0979332
0.0979585
0.0979838
0.0980091
0.0980343
0.0980596
0.0980848
0.0981099
0.0981351
0.0981602
0.0981852
0.0982103
0.0982353
0.0982602
0.0982851
