1.07421
0.580568
0.611968
0.682772
0.84663
1.26016
1.14172
1.26265
1.16893
1.26305
1.19506
1.26449
1.2187
1.26778
1.23924
1.27295
1.25671
1.27961
1.27152
1.2872
1.28419
1.29522
1.29519
1.30329
1.30491
1.31116
1.31361
1.31866
1.32148
1.32574
1.32865
1.33235
1.33522
1.33851
1.34126
1.34421
1.34681
1.34949
1.35193
1.35438
1.35664
1.35889
1.361
1.36307
1.36503
1.36694
1.36875
1.37051
1.37219
1.37382
1.37538
1.37688
1.37833
1.37972
1.38106
1.38236
1.3836
1.3848
1.38596
1.38707
1.38814
1.38918
1.39017
1.39114
1.39206
1.39296
1.39382
1.39465
1.39546
1.39623
1.39698
1.3977
1.3984
1.39908
1.39973
1.40036
1.40096
1.40155
1.40211
1.40266
1.40319
1.4037
1.4042
1.40467
1.40514
1.40558
1.40601
1.40643
1.40683
1.40723
1.4076
1.40797
1.40832
1.40866
1.40899
1.40931
1.40962
1.40992
1.41021
1.4105
