0.771606
0.795283
0.564709
0.487298
0.700685
0.733373
0.799346
0.898629
0.917891
0.82353
0.750518
0.822915
0.91405
0.87542
0.833332
0.912453
0.884851
0.91517
0.929519
0.897083
0.868086
0.92634
0.907795
0.928182
0.943481
0.911203
0.931245
0.939261
0.921674
0.940377
0.95571
0.919732
0.957161
0.951243
0.958128
0.974596
0.93958
0.92745
0.971836
0.953128
0.973115
0.973459
0.963462
0.970441
0.984596
0.958654
0.986132
0.978808
0.967828
0.983941
0.989454
0.985134
0.997822
0.98534
0.975053
0.996117
0.993379
0.997588
1.00931
0.990099
0.979381
1.00785
0.998544
1.00953
1.01328
1.00654
1.00847
1.01814
1.00464
1.01992
1.01818
1.01356
1.01905
1.0258
1.02063
1.0289
1.02489
1.02218
1.02833
1.03163
1.02992
1.03726
1.03105
1.03082
1.03692
1.03697
1.03846
1.04493
1.03666
1.03931
1.04475
1.04183
1.04622
1.04893
1.00496
1.03517
1.03766
1.04195
1.04451
1.04314
