1.12584
1.04287
0.923338
0.973186
0.89814
0.916847
0.974005
1.16417
0.986608
0.983156
0.850782
1.3508
1.2752
1.16478
1.2295
0.959135
1.06469
1.19955
1.19858
1.2457
1.26379
1.04436
1.36257
1.31373
1.06503
1.27047
1.32711
1.38092
1.35361
1.42587
1.35756
1.41237
1.30143
1.27639
1.41718
1.36095
1.20857
1.25399
1.28847
1.32857
1.37519
1.41827
1.37287
1.34811
1.3774
1.25609
1.29057
1.32218
1.35766
1.37664
1.37348
1.41328
1.45777
1.44933
1.34275
1.3939
1.37693
1.36339
1.39456
1.42857
1.43666
1.44707
1.48433
1.47525
1.43971
1.47426
1.42366
1.41648
1.44487
1.4753
1.46999
1.49395
1.52672
1.52857
1.48071
1.47232
1.48755
1.48043
1.48432
1.49588
1.52212
1.52534
1.44748
1.50919
1.49828
1.51774
1.51032
1.50855
1.48652
1.49778
1.51711
1.5216
1.52953
1.54918
1.55487
1.5275
1.52076
1.5317
1.52854
1.53102
