1.02499
1.09871
1.18841
1.30109
1.45132
1.68279
1.52373
1.8184
1.95259
1.93884
1.95523
1.94204
1.95708
1.94459
1.95851
1.94674
1.95968
1.94864
1.96071
1.95037
1.96166
1.95198
1.96256
1.9535
1.96343
1.95495
1.96428
1.95634
1.96512
1.95767
1.96595
1.95896
1.96677
1.96021
1.96758
1.96142
1.96838
1.9626
1.96918
1.96374
1.96997
1.96484
1.97075
1.96592
1.97152
1.96697
1.97228
1.96798
1.97303
1.96898
1.97377
1.96994
1.97451
1.97088
1.97523
1.97179
1.97594
1.97269
1.97664
1.97356
1.97733
1.9744
1.97801
1.97523
1.97868
1.97604
1.97934
1.97683
1.97999
1.97759
1.98062
1.97835
1.98125
1.97908
1.98187
1.97979
1.98247
1.98049
1.98306
1.98118
1.98365
1.98184
1.98422
1.98249
1.98479
1.98313
1.98534
1.98375
1.98588
1.98436
1.98642
1.98496
1.98694
1.98554
1.98746
1.98611
1.98796
1.98666
1.98846
1.98721
1.98894
1.98774
1.98942
1.98826
1.98989
1.98877
1.99035
1.98927
1.9908
1.98976
1.99124
1.99023
1.99167
1.9907
1.9921
1.99116
1.99251
1.9916
1.99292
1.99204
1.99332
1.99247
1.99372
1.99289
1.9941
1.9933
1.99448
1.9937
1.99485
1.99409
1.99522
1.99448
1.99557
1.99485
1.99592
1.99522
1.99626
1.99558
1.9966
1.99594
1.99693
1.99628
1.99725
1.99662
1.99757
1.99695
1.99788
1.99728
1.99819
1.9976
