0.594666
0.599033
0.609178
0.671853
0.682384
0.716007
0.573419
0.604869
0.606036
0.598057
0.677136
0.662744
0.71251
0.749818
0.702635
0.838225
0.81276
0.747491
0.7549
0.698113
0.775515
0.775436
0.771926
0.84029
0.8239
0.8557
0.900255
0.882125
0.889899
0.831456
0.720074
0.769722
0.78161
0.816606
0.819361
0.815881
0.891378
0.866493
0.854971
0.879237
0.836911
0.856954
0.848657
0.874467
0.905673
0.899043
0.91848
0.939525
0.866255
0.911938
0.919217
0.879978
0.891411
0.881891
0.929646
0.930799
0.913904
0.986832
0.965087
0.964283
0.987292
0.995435
0.996508
0.972823
1.01067
1.03688
1.03718
1.00906
1.04008
1.00533
1.02926
1.02206
1.06693
1.0657
1.104
1.09502
1.10351
1.08159
1.08659
1.09625
1.0573
1.09776
1.09697
1.07784
1.11363
1.11666
1.11269
1.11938
1.10683
1.1149
1.10646
1.10352
1.12716
1.12609
1.11646
1.13827
1.14388
1.14299
1.1286
1.13598
