0.473889
0.356871
0.393579
0.403193
0.405541
0.348501
0.41323
0.28658
0.40474
0.366882
0.427365
0.406455
0.453878
0.479007
0.433761
0.489134
0.354191
0.413837
0.454169
0.442186
0.516495
0.466286
0.487334
0.517353
0.502285
0.465238
0.512514
0.516901
0.518404
0.490553
0.51935
0.516817
0.518975
0.521003
0.514365
0.521841
0.524632
0.515716
0.521171
0.526155
0.511735
0.528408
0.501247
0.529931
0.529561
0.528381
0.530057
0.532988
0.532948
0.518299
0.528948
0.535528
0.539884
0.52564
0.522437
0.539347
0.539902
0.543182
0.548036
0.538224
0.550506
0.540274
0.536375
0.553496
0.552647
0.552789
0.55313
0.553973
0.552092
0.557524
0.557606
0.560237
0.560132
0.552258
0.56243
0.556255
0.563794
0.562665
0.56385
0.562027
0.567031
0.563351
0.56696
0.528844
0.560698
0.558822
0.561533
0.564504
0.564272
0.565907
0.562845
0.56599
0.564676
0.568208
0.56556
0.566586
0.567891
0.569137
0.568706
0.571099
