0.00783505
0.00795838
0.00808351
0.00821045
0.00833922
0.00846982
0.00860229
0.00873663
0.00887287
0.00901101
0.00915109
0.00929312
0.00943711
0.0095831
0.00973109
0.00988113
0.0100332
0.0101874
0.0103437
0.0105021
0.0106627
0.0108255
0.0109905
0.0111578
0.0113273
0.0114992
0.0116735
0.0118502
0.0120293
0.012211
0.0123952
0.012582
0.0127714
0.0129636
0.0131586
0.0133564
0.0135572
0.0137609
0.0139677
0.0141777
0.014391
0.0146076
0.0148277
0.0150514
0.0152789
0.0155102
0.0157456
0.0159851
0.0162291
0.0164776
0.0167309
0.0169893
0.017253
0.0175224
0.0177977
0.0180793
0.0183678
0.0186635
0.018967
0.019279
0.0196002
0.0199314
0.0202738
0.0206284
0.0209968
0.0210482
0.0207576
0.0211198
0.0214971
0.0216866
0.0212187
0.0215881
0.021974
0.0222607
0.0216677
0.0220445
0.0224394
0.0227718
0.0221161
0.0225012
0.0229065
0.0232184
0.022577
0.0229725
0.0233908
0.0235946
0.0230663
0.0234759
0.0239119
0.0238877
0.0236051
0.0240352
0.0244975
0.0240724
0.0242254
0.0246878
0.0246072
0.024412
0.0248746
0.0251287
