0.172066
0.0306891
0.0485329
0.0878099
0.174652
0.328934
0.358226
0.354487
0.356005
0.357577
0.359206
0.360897
0.362653
0.364478
0.366378
0.368358
0.370426
0.372589
0.374857
0.377241
0.379756
0.382421
0.385258
0.388299
0.391589
0.395194
0.399218
0.403845
0.409458
0.417149
0.420284
0.42338
0.426425
0.429411
0.432331
0.435179
0.437037
0.43401
0.436673
0.439268
0.441792
0.444245
0.446628
0.448942
0.451188
0.453368
0.455487
0.457547
0.459551
0.461503
0.463407
0.465267
0.467087
0.468872
0.470624
0.47235
0.474052
0.475736
0.477406
0.479067
0.480724
0.482384
0.484052
0.485737
0.487447
0.489194
0.490991
0.492858
0.494821
0.49692
0.499223
0.501856
0.502817
0.503747
0.504647
0.505517
0.506359
0.507174
0.507962
0.508724
0.50736
0.508445
0.509144
0.509819
0.510473
0.511105
0.511716
0.512307
0.512879
0.513432
0.513967
0.514484
0.514984
0.515468
0.515936
0.516389
0.516827
0.517251
0.517661
0.518057
