0.408279
0.437045
0.440656
0.518279
0.445443
0.557901
0.621107
0.514268
0.563986
0.623539
0.72403
0.662984
0.616456
0.467944
0.599754
0.728484
0.640765
0.69527
0.63403
0.568415
0.700495
0.672449
0.672963
0.711267
0.590818
0.667101
0.638986
0.697996
0.715963
0.63072
0.691069
0.66591
0.679774
0.726909
0.735489
0.666565
0.64051
0.670439
0.711374
0.737985
0.693956
0.719797
0.713812
0.670747
0.70592
0.712276
0.684974
0.706924
0.727557
0.728742
0.695412
0.715601
0.707831
0.697429
0.714942
0.731453
0.73829
0.703297
0.719361
0.71094
0.709191
0.723419
0.736905
0.742034
0.728183
0.740105
0.737343
0.715628
0.727234
0.72922
0.71975
0.730089
0.739932
0.74929
0.744007
0.742954
0.747823
0.727937
0.736309
0.741127
0.73077
0.738264
0.745425
0.752262
0.752851
0.747547
0.751906
0.733732
0.739847
0.745709
0.745688
0.7398
0.74504
0.750063
0.754877
0.756437
0.742394
0.74611
0.737595
0.74188
