1.04992
0.574374
0.977079
0.63836
0.991674
0.654217
0.973988
0.691733
0.882343
0.799978
0.464511
0.617934
0.968934
0.767302
0.684557
1.01151
0.764976
0.748781
0.835211
0.423077
0.499634
0.635865
0.910485
0.924069
0.919207
0.93255
0.927582
0.940461
0.935599
0.947842
0.943246
0.954733
0.950512
0.961175
0.957393
0.967206
0.963888
0.972858
0.970003
0.978163
0.975746
0.983144
0.981132
0.987826
0.986176
0.992226
0.990895
0.996363
0.995308
1.00025
0.999432
1.00391
1.00329
1.00735
1.00689
1.01057
1.01025
1.01361
1.0134
1.01646
1.01633
1.01914
1.01908
1.02165
1.02165
1.02401
1.02405
1.02623
1.0263
1.02831
1.02841
1.03026
1.03038
1.0321
1.03222
1.03382
1.03395
1.03544
1.03557
1.03695
1.03708
1.03838
1.0385
1.03971
1.03984
1.04097
1.04109
1.04215
1.04226
1.04326
1.04336
1.0443
1.04439
1.04527
1.04535
1.04619
1.04626
1.04705
1.04711
1.04786
