0.352688
0.415877
0.373303
0.287287
0.336708
0.372562
0.392803
0.391417
0.344897
0.405219
0.38836
0.401649
0.410209
0.400252
0.433105
0.423666
0.452673
0.460473
0.461359
0.459629
0.427079
0.328293
0.394568
0.438628
0.433396
0.446042
0.480694
0.381218
0.40547
0.426092
0.413931
0.428796
0.416637
0.431459
0.442282
0.448625
0.435378
0.462656
0.465141
0.450563
0.419817
0.43924
0.426458
0.452112
0.45125
0.475561
0.474767
0.475478
0.477556
0.478108
0.491781
0.501444
0.500126
0.497978
0.492637
0.491128
0.491301
0.50321
0.511076
0.518807
0.50745
0.508106
0.506354
0.500362
0.509952
0.516297
0.522516
0.527647
0.521857
0.525082
0.517952
0.513646
0.520925
0.525939
0.522201
0.521954
0.522475
0.521395
0.525701
0.529058
0.521634
0.525535
0.527489
0.525305
0.521765
0.522983
0.526318
0.523691
0.522675
0.522866
0.525812
0.528683
0.531479
0.530425
0.527555
0.525852
0.528302
0.530687
0.528034
0.529037
