1.77112
0.805754
1.3745
0.527003
0.657898
0.95296
1.67472
0.9863
1.71418
1.00102
1.70509
1.04803
1.76336
1.04616
1.72926
1.10802
1.70016
1.16788
1.58387
1.30898
1.17886
1.62495
1.32353
1.20965
1.60769
1.39018
1.02272
1.44236
0.833542
1.06769
1.49221
1.60059
1.50028
1.61852
1.50827
1.63508
1.51629
1.65023
1.52439
1.66397
1.53261
1.67635
1.54094
1.68745
1.54936
1.69736
1.55781
1.70619
1.56624
1.71405
1.57461
1.72104
1.58287
1.72728
1.59096
1.73286
1.59886
1.73785
1.60651
1.74235
1.61391
1.7464
1.62103
1.75007
1.62785
1.75341
1.63437
1.75646
1.64059
1.75926
1.6465
1.76183
1.65212
1.76421
1.65744
1.76641
1.66247
1.76845
1.66723
1.77034
1.67172
1.77084
1.67722
1.77043
1.68327
1.7709
1.6881
1.7705
1.69348
1.77095
1.69772
1.77057
1.70251
1.771
1.70623
1.77063
1.7105
1.77105
1.71376
1.77069
