0.301474, 1.39371, 1.55448, 1.86909, 0.430671, 2.28023, 1.47289, 0.838454, 1.39836, 1.5513
0.288548, 1.4035, 1.55482, 1.87675, 0.434503, 2.29104, 1.46513, 0.847408, 1.40561, 1.54796
0.274012, 1.41244, 1.5587, 1.88235, 0.437431, 2.2955, 1.45616, 0.85091, 1.41271, 1.55132
0.263053, 1.41727, 1.55887, 1.892, 0.444798, 2.30395, 1.45511, 0.86006, 1.4151, 1.55029
0.252719, 1.42921, 1.55993, 1.90571, 0.445779, 2.3083, 1.44135, 0.875759, 1.41133, 1.54085
0.237741, 1.43937, 1.55767, 1.91308, 0.452752, 2.318, 1.43725, 0.887647, 1.40234, 1.5314
0.221965, 1.44652, 1.54993, 1.92376, 0.465382, 2.33036, 1.42723, 0.900444, 1.40314, 1.51774
0.21325, 1.45656, 1.54807, 1.93228, 0.473123, 2.33407, 1.42026, 0.91408, 1.40197, 1.5003
0.201123, 1.46472, 1.54638, 1.94227, 0.477015, 2.33889, 1.41486, 0.933057, 1.39574, 1.49261
0.184973, 1.47251, 1.54162, 1.95003, 0.482478, 2.34153, 1.41017, 0.950377, 1.39049, 1.48668
0.170618, 1.47646, 1.53845, 1.95082, 0.485163, 2.34129, 1.40667, 0.969509, 1.38587, 1.48017
0.155669, 1.48409, 1.53198, 1.9514, 0.489702, 2.34104, 1.40475, 0.986454, 1.37932, 1.47678
0.139295, 1.48626, 1.52242, 1.95544, 0.49795, 2.34495, 1.39748, 1.0044, 1.37117, 1.4753
0.121941, 1.49008, 1.51535, 1.95377, 0.502075, 2.35056, 1.38933, 1.02367, 1.36084, 1.47775
0.106252, 1.48925, 1.50619, 1.9584, 0.512822, 2.35349, 1.38013, 1.03716, 1.34909, 1.47826
0.0883936, 1.48986, 1.49185, 1.96325, 0.524483, 2.3545, 1.36528, 1.0479, 1.3385, 1.47996
0.071384, 1.49295, 1.47888, 1.96857, 0.537588, 2.3604, 1.34963, 1.05775, 1.33127, 1.48183
0.0556351, 1.49263, 1.47267, 1.97027, 0.548452, 2.36707, 1.33713, 1.07006, 1.32411, 1.48659
0.0417242, 1.49333, 1.46636, 1.97119, 0.561258, 2.37277, 1.32473, 1.07932, 1.31459, 1.48956
0.0240657, 1.49619, 1.45967, 1.9727, 0.576539, 2.37963, 1.31212, 1.09144, 1.30777, 1.49338
0.00920901, 1.49685, 1.45371, 1.97607, 0.591066, 2.38881, 1.29931, 1.10076, 1.29998, 1.49579
-0.00606076, 1.49808, 1.44711, 1.9786, 0.6036, 2.39624, 1.28293, 1.11212, 1.29193, 1.49967
0.00956261, 1.50053, 1.44279, 1.98073, 0.614824, 2.40295, 1.26896, 1.12217, 1.28761, 1.50213
0.0269178, 1.50501, 1.4386, 1.98584, 0.626756, 2.40962, 1.2545, 1.13093, 1.28047, 1.50328
0.0445236, 1.50789, 1.43578, 1.99066, 0.638409, 2.42074, 1.24184, 1.14257, 1.27422, 1.50614
0.0614263, 1.51085, 1.43308, 1.99625, 0.649124, 2.43041, 1.22796, 1.15259, 1.26909, 1.50643
0.0794517, 1.51284, 1.43015, 2.00174, 0.65998, 2.44274, 1.2159, 1.15983, 1.26122, 1.50726
0.0965213, 1.51829, 1.42631, 2.00663, 0.672229, 2.4545, 1.20397, 1.16812, 1.252, 1.50593
0.115432, 1.52309, 1.42174, 2.01035, 0.683476, 2.46868, 1.19251, 1.17659, 1.24302, 1.50496
0.13303, 1.52832, 1.41783, 2.01479, 0.695083, 2.48109, 1.17962, 1.18448, 1.23415, 1.50254
0.151108, 1.53115, 1.41279, 2.01964, 0.707391, 2.49492, 1.17057, 1.19208, 1.22412, 1.49915
0.169929, 1.53257, 1.40697, 2.02533, 0.719347, 2.50945, 1.16054, 1.20046, 1.21555, 1.49517
0.188541, 1.5353, 1.40225, 2.0331, 0.730483, 2.52307, 1.15054, 1.20992, 1.2071, 1.49369
0.205661, 1.53885, 1.39459, 2.04131, 0.741852, 2.5364, 1.1412, 1.21937, 1.19817, 1.49099
0.223463, 1.54179, 1.38771, 2.04963, 0.75419, 2.54956, 1.13173, 1.22903, 1.18997, 1.48867
0.241404, 1.5447, 1.38074, 2.05812, 0.765196, 2.56261, 1.12112, 1.23793, 1.18116, 1.48396
0.258069, 1.54932, 1.37363, 2.06574, 0.776375, 2.57697, 1.11115, 1.24601, 1.17206, 1.47914
0.274383, 1.55358, 1.36652, 2.07446, 0.787627, 2.59046, 1.10088, 1.25591, 1.16399, 1.47652
0.288239, 1.55741, 1.36032, 2.08179, 0.798215, 2.60441, 1.08933, 1.26584, 1.15444, 1.47394
0.304016, 1.56213, 1.35308, 2.08991, 0.809614, 2.61732, 1.07789, 1.27642, 1.14486, 1.47149
0.319371, 1.56737, 1.34588, 2.09753, 0.821175, 2.63074, 1.06624, 1.28724, 1.13758, 1.46871
0.334418, 1.57215, 1.33957, 2.10539, 0.832911, 2.64348, 1.0553, 1.29857, 1.12917, 1.46575
0.34991, 1.57804, 1.3323, 2.11397, 0.844036, 2.6573, 1.04455, 1.30913, 1.12153, 1.46263
0.364196, 1.58321, 1.32562, 2.12218, 0.855013, 2.6438, 1.0343, 1.31876, 1.11353, 1.45866
0.37848, 1.58842, 1.31885, 2.13053, 0.865695, 2.63106, 1.02356, 1.32791, 1.10588, 1.45384
0.393109, 1.59337, 1.31147, 2.13822, 0.875777, 2.61711, 1.01386, 1.33686, 1.09746, 1.44899
0.408449, 1.59695, 1.30378, 2.14642, 0.886929, 2.60374, 1.00432, 1.34562, 1.09023, 1.44441
0.423349, 1.60102, 1.29633, 2.15475, 0.897362, 2.58989, 0.994487, 1.35527, 1.0825, 1.43995
0.437978, 1.60448, 1.28851, 2.16357, 0.907947, 2.57563, 0.984821, 1.36497, 1.07491, 1.43615
0.451815, 1.60838, 1.28109, 2.17238, 0.917423, 2.56184, 0.975405, 1.37523, 1.06687, 1.43213
0.46665, 1.61214, 1.27388, 2.18144, 0.92667, 2.54784, 0.965664, 1.38491, 1.05892, 1.42823
0.481686, 1.61603, 1.26629, 2.18991, 0.936492, 2.53387, 0.955707, 1.39537, 1.05114, 1.42458
0.496253, 1.61981, 1.25902, 2.19855, 0.946225, 2.52012, 0.945514, 1.40556, 1.04413, 1.42105
0.511031, 1.62334, 1.25143, 2.20653, 0.955228, 2.50581, 0.935703, 1.41531, 1.03685, 1.41755
0.525892, 1.62703, 1.24381, 2.21452, 0.964566, 2.49134, 0.925683, 1.42507, 1.02916, 1.41411
0.540939, 1.6307, 1.23585, 2.22293, 0.974201, 2.47694, 0.915179, 1.43471, 1.02186, 1.41044
0.555956, 1.63427, 1.22871, 2.23082, 0.983761, 2.46233, 0.904758, 1.44476, 1.01469, 1.4068
0.571211, 1.63793, 1.22082, 2.23862, 0.993259, 2.44841, 0.8941, 1.45424, 1.00707, 1.40298
0.586211, 1.64142, 1.2131, 2.24659, 1.00297, 2.43449, 0.883284, 1.46419, 0.999567, 1.39944
0.601045, 1.64486, 1.20564, 2.25454, 1.01278, 2.42091, 0.872546, 1.47449, 0.992206, 1.39571
0.616279, 1.64855, 1.19781, 2.2625, 1.02298, 2.40725, 0.862043, 1.48422, 0.984795, 1.39246
0.631662, 1.65234, 1.19017, 2.27094, 1.03271, 2.39351, 0.851632, 1.49381, 0.977363, 1.38933
0.646955, 1.65612, 1.1822, 2.27883, 1.04226, 2.3796, 0.841191, 1.50382, 0.969996, 1.38584
0.662218, 1.66009, 1.17415, 2.28672, 1.05209, 2.36581, 0.830329, 1.5137, 0.962408, 1.38229
0.67713, 1.66371, 1.16611, 2.29453, 1.06176, 2.35185, 0.819915, 1.52358, 0.955204, 1.37905
0.692087, 1.66764, 1.15813, 2.30234, 1.07137, 2.33808, 0.809472, 1.53354, 0.948087, 1.3758
0.707231, 1.67153, 1.1501, 2.31003, 1.08089, 2.32378, 0.798704, 1.54346, 0.940827, 1.37262
0.722507, 1.67565, 1.14186, 2.31753, 1.09048, 2.3098, 0.78812, 1.55353, 0.933479, 1.36951
0.737435, 1.67975, 1.1337, 2.32531, 1.10037, 2.29606, 0.777715, 1.56351, 0.925721, 1.36635
0.752579, 1.68387, 1.12533, 2.33304, 1.11018, 2.2823, 0.767603, 1.57347, 0.918191, 1.36339
0.767854, 1.68806, 1.11706, 2.34083, 1.11993, 2.26846, 0.757428, 1.58349, 0.910332, 1.36045
0.783057, 1.69233, 1.10894, 2.34839, 1.12989, 2.25449, 0.747049, 1.59332, 0.902441, 1.35753
0.798249, 1.69626, 1.10076, 2.35625, 1.13977, 2.24059, 0.736895, 1.60318, 0.894653, 1.3546
0.813529, 1.70027, 1.09249, 2.36394, 1.14976, 2.22658, 0.726607, 1.61307, 0.886824, 1.35205
0.828743, 1.70421, 1.08428, 2.372, 1.15965, 2.21268, 0.716231, 1.6227, 0.878991, 1.34943
0.843984, 1.70819, 1.07596, 2.3799, 1.16956, 2.19869, 0.706004, 1.63249, 0.871372, 1.3468
0.859278, 1.71226, 1.06771, 2.38792, 1.17952, 2.18489, 0.695742, 1.64222, 0.863852, 1.34412
0.87465, 1.71616, 1.05942, 2.39587, 1.18928, 2.17096, 0.685526, 1.65181, 0.856283, 1.34159
0.89009, 1.72014, 1.05131, 2.40381, 1.19901, 2.15703, 0.675455, 1.66131, 0.8487, 1.33896
0.905344, 1.72407, 1.04323, 2.41186, 1.20886, 2.14322, 0.66526, 1.67075, 0.841183, 1.33622
0.920598, 1.72798, 1.03499, 2.41991, 1.21869, 2.12939, 0.654954, 1.68029, 0.833625, 1.33352
0.935824, 1.73203, 1.02672, 2.42801, 1.22839, 2.11556, 0.644698, 1.68972, 0.826011, 1.33085
0.9511, 1.73595, 1.01833, 2.43605, 1.23825, 2.10159, 0.634393, 1.69923, 0.818348, 1.32825
0.966408, 1.73984, 1.00995, 2.44422, 1.24816, 2.08772, 0.624072, 1.70864, 0.810598, 1.32569
0.981603, 1.74372, 1.00171, 2.45232, 1.25805, 2.07387, 0.613777, 1.71817, 0.802753, 1.32301
0.996699, 1.74768, 0.993281, 2.46056, 1.26802, 2.06005, 0.603389, 1.72761, 0.794989, 1.32043
1.01177, 1.75161, 0.984883, 2.46872, 1.27797, 2.04626, 0.593061, 1.73705, 0.787207, 1.31789
1.02679, 1.75551, 0.976417, 2.47681, 1.28788, 2.03239, 0.582653, 1.74647, 0.779325, 1.31533
1.0419, 1.75939, 0.968014, 2.48493, 1.29788, 2.01845, 0.572305, 1.75599, 0.771543, 1.31274
1.05691, 1.76318, 0.959632, 2.49309, 1.30771, 2.00454, 0.561873, 1.76555, 0.763859, 1.31021
1.0719, 1.76703, 0.951191, 2.50108, 1.3176, 1.99067, 0.551503, 1.77506, 0.75609, 1.30759
1.08685, 1.77085, 0.942688, 2.50915, 1.32741, 1.97672, 0.541034, 1.78456, 0.748377, 1.30497
1.10175, 1.77468, 0.934251, 2.51722, 1.33719, 1.96278, 0.530564, 1.79406, 0.740629, 1.30236
1.11664, 1.7785, 0.92588, 2.52528, 1.347, 1.9488, 0.520093, 1.80358, 0.732899, 1.29975
1.13154, 1.78228, 0.917521, 2.53335, 1.35683, 1.93481, 0.509674, 1.81309, 0.72518, 1.29704
1.14653, 1.78608, 0.909158, 2.54142, 1.36668, 1.92088, 0.499269, 1.82257, 0.717413, 1.29433
1.16154, 1.78988, 0.900826, 2.54955, 1.37654, 1.90694, 0.488767, 1.83203, 0.709694, 1.29162
1.17657, 1.7937, 0.892433, 2.55765, 1.3864, 1.89302, 0.478286, 1.84152, 0.701989, 1.28895
1.19158, 1.79758, 0.884102, 2.56574, 1.39618, 1.87904, 0.467827, 1.85104, 0.6943, 1.28627
1.20655, 1.8015, 0.875763, 2.57381, 1.40593, 1.86514, 0.457329, 1.86052, 0.686567, 1.2836
