2.0132, 0.582991, 0.736707, 2.06077, 3.30118, 1.42906, 1.32838, 3.39829, 3.64379, 3.05535
1.8405, 0.712512, 0.953106, 2.01588, 3.16291, 1.45628, 1.51366, 3.2473, 3.5249, 3.01879
1.64306, 0.865258, 1.18739, 1.96284, 3.01669, 1.48731, 1.72687, 3.07337, 3.39897, 2.97951
1.92532, 0.868475, 1.41663, 1.9576, 2.81246, 1.50438, 2.02829, 2.8588, 3.24651, 2.91771
1.73377, 1.00303, 1.76602, 1.97117, 2.65407, 1.52366, 1.85561, 2.68538, 3.14566, 2.86646
1.58405, 1.03826, 1.59281, 1.89863, 2.58101, 1.51513, 1.79374, 2.61804, 3.10415, 2.84053
1.83761, 0.801692, 1.6831, 1.74738, 2.60003, 1.22157, 1.83792, 2.49494, 3.08716, 2.71636
1.72404, 0.837336, 1.37252, 1.70351, 2.52878, 1.2229, 1.76496, 2.42736, 3.04534, 2.6922
1.59734, 0.877259, 1.2351, 1.64581, 2.45663, 1.22443, 1.68405, 2.35345, 3.00397, 2.66833
1.90422, 0.925895, 1.44641, 1.64619, 2.14907, 1.25464, 1.95156, 2.29845, 2.84371, 2.59205
1.80146, 0.950318, 1.31149, 1.60461, 2.05914, 1.25769, 1.87495, 2.24601, 2.80091, 2.56724
1.68944, 0.977764, 1.17607, 1.55453, 1.96418, 1.26186, 1.79057, 2.18947, 2.75843, 2.54265
1.85726, 0.980116, 1.32016, 1.57389, 2.11526, 1.29621, 2.04399, 2.21699, 2.54436, 2.41201
1.75671, 1.00219, 1.18887, 1.53027, 2.03011, 1.2976, 1.97437, 2.17623, 2.49749, 2.38549
1.99579, 0.727496, 1.29222, 1.4305, 2.14434, 1.04873, 2.01609, 2.05377, 2.50855, 2.26408
1.92069, 0.751839, 1.14278, 1.39269, 2.06985, 1.059, 1.94005, 2.01831, 2.46055, 2.24029
1.75559, 0.852267, 1.47173, 1.38533, 1.88204, 1.12103, 1.71619, 1.94487, 2.34484, 2.19628
1.66199, 0.880536, 1.34656, 1.37569, 1.79024, 1.13447, 1.56644, 1.88729, 2.29401, 2.17122
1.74486, 0.94213, 1.44037, 1.41483, 1.88928, 1.19925, 1.68815, 1.91274, 2.55794, 2.2009
1.89463, 0.937837, 1.57336, 1.44308, 2.02334, 1.23226, 1.93545, 1.97844, 2.31613, 2.06381
1.81777, 0.955776, 1.46893, 1.43434, 1.9489, 1.23693, 1.85907, 1.94655, 2.2658, 2.04267
1.73644, 0.975229, 1.36079, 1.42201, 1.87051, 1.24275, 1.77241, 1.91234, 2.21472, 2.02144
1.81519, 1.03205, 1.44565, 1.45588, 1.96672, 1.3025, 1.89629, 1.93948, 2.40988, 2.06303
1.73571, 1.04824, 1.3438, 1.44142, 1.89319, 1.30518, 1.81988, 1.90988, 2.3666, 2.04554
1.89158, 0.868213, 1.42751, 1.35566, 1.98567, 1.14483, 1.86538, 1.81234, 2.38426, 1.9387
1.8273, 0.885523, 1.32371, 1.34725, 1.92075, 1.15221, 1.78277, 1.78944, 2.34088, 1.92402
1.89478, 0.940171, 1.39587, 1.37796, 2.00273, 1.20911, 1.88903, 1.82008, 2.53582, 1.98543
1.83262, 0.954603, 1.29687, 1.36631, 1.94163, 1.21389, 1.81534, 1.79897, 2.49925, 1.9728
1.76799, 0.969911, 1.18594, 1.34278, 1.87822, 1.21943, 1.72939, 1.77695, 2.46286, 1.96031
1.8732, 0.922005, 1.25399, 1.33226, 1.96171, 1.18846, 1.80429, 1.75871, 2.606, 1.96597
1.8157, 0.936109, 1.12921, 1.29893, 1.90381, 1.19403, 1.71937, 1.74023, 2.57371, 1.95541
1.93113, 0.92453, 1.2126, 1.31146, 2.01099, 1.22583, 1.88723, 1.77983, 2.37376, 1.85975
1.8799, 0.936495, 1.06014, 1.25729, 1.95876, 1.22939, 1.82262, 1.76344, 2.33755, 1.84903
1.93684, 0.982312, 1.11172, 1.27881, 2.02939, 1.27619, 1.90996, 1.79048, 2.48521, 1.90402
1.88781, 0.992289, 1.04357, 1.27453, 1.98063, 1.27809, 1.85204, 1.77514, 2.45398, 1.89437
1.85491, 1.00254, 1.01285, 1.28117, 1.9466, 1.28255, 1.80454, 1.76614, 2.43318, 1.88897
1.93917, 0.956033, 1.06546, 1.27503, 2.01227, 1.25924, 1.86664, 1.75151, 2.53526, 1.89207
1.82819, 0.997604, 1.27957, 1.29304, 1.89645, 1.2751, 1.72353, 1.72545, 2.47282, 1.87973
1.90719, 0.956792, 1.33345, 1.28425, 1.95839, 1.25388, 1.78041, 1.71182, 2.57439, 1.88684
1.8643, 0.966298, 1.24923, 1.27382, 1.91336, 1.25674, 1.70983, 1.69998, 2.54884, 1.87939
1.8207, 0.976106, 1.13614, 1.24418, 1.86723, 1.26007, 1.61537, 1.68912, 2.52364, 1.87207
1.90441, 0.977129, 1.19859, 1.25409, 1.9621, 1.29837, 1.72309, 1.70741, 2.36395, 1.79322
1.94912, 1.01253, 1.23963, 1.27225, 2.01836, 1.33333, 1.78413, 1.72713, 2.4747, 1.8403
1.91187, 1.01947, 1.12976, 1.24104, 1.98043, 1.33373, 1.7226, 1.71589, 2.45037, 1.83356
1.97711, 0.97887, 1.17299, 1.23557, 2.03121, 1.31712, 1.76998, 1.70456, 2.52807, 1.83786
1.94338, 0.985556, 1.12219, 1.23654, 1.99613, 1.31771, 1.70889, 1.695, 2.50592, 1.83185
1.91438, 0.990804, 1.08033, 1.23432, 1.96622, 1.31782, 1.64431, 1.68694, 2.48756, 1.82668
1.9777, 0.947828, 1.11917, 1.22978, 2.01273, 1.30224, 1.68661, 1.67681, 2.56199, 1.83361
1.95161, 0.952913, 1.07966, 1.22793, 1.98517, 1.30249, 1.6164, 1.6707, 2.5453, 1.82897
2.02556, 0.934887, 1.12747, 1.23513, 2.04544, 1.32223, 1.69833, 1.68339, 2.43516, 1.77799
2.0605, 0.965632, 1.15868, 1.24878, 2.09195, 1.35195, 1.74506, 1.69888, 2.52948, 1.82189
2.03447, 0.970611, 1.11676, 1.24871, 2.06438, 1.35167, 1.68874, 1.69111, 2.51098, 1.81702
2.00862, 0.975597, 1.07657, 1.24775, 2.03687, 1.35149, 1.61327, 1.68444, 2.4928, 1.81225
2.04134, 1.00324, 1.10469, 1.25966, 2.08002, 1.37811, 1.65393, 1.69732, 2.59125, 1.85777
2.02045, 1.00653, 1.07252, 1.2567, 2.05845, 1.37724, 1.62647, 1.68922, 2.57767, 1.85387
1.9998, 1.00981, 1.0416, 1.25326, 2.03706, 1.37644, 1.59943, 1.68121, 2.56437, 1.85006
1.9842, 1.01412, 1.02537, 1.25743, 2.01981, 1.3775, 1.57694, 1.67668, 2.5541, 1.84774
2.03675, 1.01221, 1.062, 1.26262, 2.06779, 1.39588, 1.63638, 1.68528, 2.47046, 1.80673
2.08042, 0.972094, 1.08946, 1.25933, 2.10079, 1.3863, 1.66658, 1.67805, 2.52117, 1.81066
2.06322, 0.974983, 1.06197, 1.25652, 2.08265, 1.38545, 1.64293, 1.67156, 2.50887, 1.80734
2.05042, 0.978602, 1.04695, 1.2602, 2.06817, 1.38615, 1.62324, 1.668, 2.49934, 1.80536
2.03784, 0.982167, 1.03286, 1.26362, 2.05388, 1.38686, 1.60397, 1.6645, 2.49002, 1.80343
2.08034, 0.937492, 1.05693, 1.26083, 2.08309, 1.37819, 1.6305, 1.6582, 2.53604, 1.80793
2.06903, 0.940886, 1.04338, 1.26407, 2.0699, 1.37888, 1.61237, 1.6551, 2.52751, 1.80617
2.05793, 0.944221, 1.03065, 1.26707, 2.05691, 1.37959, 1.59465, 1.65205, 2.51918, 1.80445
2.04704, 0.947496, 1.01868, 1.26987, 2.0441, 1.3803, 1.57735, 1.64904, 2.51105, 1.80278
2.06879, 0.966721, 1.03737, 1.27745, 2.07383, 1.39817, 1.60388, 1.65776, 2.57869, 1.83519
2.05854, 0.969656, 1.02596, 1.27986, 2.06198, 1.39867, 1.58768, 1.65489, 2.57139, 1.8336
2.04849, 0.972536, 1.01522, 1.2821, 2.05031, 1.39918, 1.57188, 1.65207, 2.56428, 1.83205
2.03864, 0.975364, 1.00509, 1.28419, 2.03883, 1.3997, 1.55648, 1.64928, 2.55734, 1.83054
2.07658, 0.963415, 1.02966, 1.28742, 2.07143, 1.41255, 1.59486, 1.65464, 2.5024, 1.80286
2.06758, 0.965994, 1.01978, 1.28932, 2.06087, 1.4129, 1.58046, 1.6521, 2.49554, 1.80145
2.08602, 0.98229, 1.03544, 1.29556, 2.08642, 1.42788, 1.60262, 1.65936, 2.55024, 1.82731
2.07755, 0.984613, 1.02605, 1.29721, 2.07664, 1.4281, 1.58913, 1.65695, 2.54403, 1.82597
2.06927, 0.986889, 1.01715, 1.29875, 2.06704, 1.42832, 1.57598, 1.65458, 2.53798, 1.82466
2.06116, 0.989118, 1.00873, 1.30018, 2.05762, 1.42856, 1.56317, 1.65224, 2.53209, 1.82339
2.08816, 0.959318, 1.02421, 1.29832, 2.07671, 1.42341, 1.58032, 1.64821, 2.56515, 1.8281
2.08075, 0.961441, 1.01614, 1.2997, 2.06796, 1.42364, 1.56825, 1.6461, 2.55971, 1.82693
2.07351, 0.963517, 1.00847, 1.30099, 2.05938, 1.42387, 1.55651, 1.64403, 2.55442, 1.82579
2.06644, 0.965548, 1.0012, 1.3022, 2.05096, 1.42412, 1.54508, 1.642, 2.54926, 1.82468
2.05953, 0.967533, 0.994297, 1.30333, 2.04271, 1.42436, 1.53396, 1.64, 2.54424, 1.8236
2.08493, 0.936442, 1.00752, 1.30175, 2.05909, 1.41989, 1.54858, 1.63659, 2.57329, 1.82815
2.05364, 0.957305, 1.04082, 1.30247, 2.0251, 1.42469, 1.59266, 1.62337, 2.54849, 1.82401
2.04729, 0.959176, 1.03382, 1.3036, 2.01731, 1.42496, 1.58257, 1.62188, 2.5439, 1.82302
2.04109, 0.961005, 1.02714, 1.30466, 2.00967, 1.42523, 1.57274, 1.62043, 2.53944, 1.82207
2.06422, 0.933762, 1.03897, 1.3032, 2.02413, 1.42126, 1.58585, 1.61737, 2.56487, 1.82591
2.05854, 0.935497, 1.03261, 1.30422, 2.01702, 1.42152, 1.5766, 1.61604, 2.56073, 1.82502
2.05299, 0.937191, 1.02654, 1.30518, 2.01005, 1.42179, 1.5676, 1.61474, 2.55671, 1.82416
2.0696, 0.94303, 1.04091, 1.30701, 2.02937, 1.42906, 1.58973, 1.61812, 2.52494, 1.80857
2.06441, 0.944581, 1.03508, 1.30789, 2.02291, 1.42926, 1.5813, 1.61691, 2.52104, 1.80776
2.05936, 0.946095, 1.02951, 1.30873, 2.01659, 1.42946, 1.5731, 1.61573, 2.51725, 1.80698
2.07068, 0.944799, 1.03971, 1.3094, 2.02866, 1.43214, 1.58567, 1.61722, 2.53287, 1.81595
2.06595, 0.946209, 1.03441, 1.31018, 2.02276, 1.43231, 1.57796, 1.61612, 2.52934, 1.81521
2.06134, 0.947584, 1.02934, 1.31092, 2.01698, 1.43249, 1.57047, 1.61504, 2.52591, 1.81448
2.05684, 0.948925, 1.02449, 1.31162, 2.01134, 1.43266, 1.56318, 1.61398, 2.52257, 1.81378
2.06688, 0.947792, 1.0335, 1.31221, 2.02206, 1.43505, 1.57426, 1.61525, 2.53662, 1.82183
2.06267, 0.949043, 1.02888, 1.31286, 2.01678, 1.4352, 1.56741, 1.61426, 2.5335, 1.82117
2.05857, 0.950261, 1.02446, 1.31348, 2.01162, 1.43535, 1.56076, 1.61329, 2.53048, 1.82052
2.06884, 0.946016, 1.03241, 1.31249, 2.02136, 1.43273, 1.56956, 1.61125, 2.54727, 1.82288
2.06501, 0.947157, 1.02821, 1.31308, 2.01654, 1.43288, 1.56329, 1.61036, 2.54446, 1.82228
