3.17009, 0.864496, 1.52897, 1.00823, 1.51984, 0.994217, 1.04896, 2.22755, 1.52261, 1.0493
3.14103, 0.88076, 1.4518, 1.12967, 1.44663, 1.1135, 1.00035, 2.22681, 1.42784, 1.19211
3.11242, 0.896739, 1.40305, 1.20761, 1.39914, 1.19189, 0.958664, 2.23244, 1.37726, 1.27019
3.08426, 0.912436, 1.35507, 1.2842, 1.35228, 1.26914, 0.921901, 2.24446, 1.32838, 1.34558
3.05654, 0.927858, 1.30904, 1.35765, 1.30717, 1.34345, 0.887969, 2.26356, 1.28238, 1.41653
2.56087, 1.01644, 1.53407, 1.35034, 1.53206, 1.33749, 1.04804, 2.20664, 1.50314, 1.4041
2.52758, 1.03749, 1.47499, 1.40763, 1.47372, 1.39559, 1.00854, 2.20591, 1.44324, 1.45948
2.49437, 1.05839, 1.4185, 1.46234, 1.41784, 1.45118, 0.974323, 2.20921, 1.38689, 1.51161
2.78487, 0.937741, 1.54182, 1.41283, 1.54158, 1.40211, 1.05904, 2.15766, 1.50684, 1.46158
2.75824, 0.95409, 1.48479, 1.46119, 1.48502, 1.45115, 1.02581, 2.15655, 1.44964, 1.50806
2.73194, 0.97019, 1.4306, 1.50713, 1.43118, 1.49779, 0.997131, 2.15791, 1.39609, 1.55166
2.70597, 0.986047, 1.38001, 1.55011, 1.38085, 1.54148, 0.972179, 2.16145, 1.34679, 1.59199
2.68031, 1.00167, 1.33352, 1.5898, 1.33454, 1.58188, 0.950217, 2.16693, 1.30205, 1.62887
2.65497, 1.01705, 1.29135, 1.62609, 1.29247, 1.61884, 0.93061, 2.1742, 1.26191, 1.66234
2.96577, 0.882389, 1.38447, 1.58438, 1.38585, 1.57727, 1.00139, 2.13269, 1.35307, 1.62066
2.94543, 0.894522, 1.34088, 1.61779, 1.34232, 1.61122, 0.980603, 2.13571, 1.31109, 1.65177
2.55764, 0.979011, 1.50288, 1.59269, 1.50463, 1.58648, 1.10326, 2.09564, 1.46939, 1.62541
2.53431, 0.994321, 1.45469, 1.62078, 1.4565, 1.61497, 1.07629, 2.09448, 1.42216, 1.65186
2.7706, 0.905691, 1.54188, 1.57915, 1.54394, 1.57342, 1.14264, 2.05544, 1.50744, 1.61057
2.75117, 0.918024, 1.49526, 1.60557, 1.49737, 1.60016, 1.11522, 2.05482, 1.4615, 1.6357
2.73208, 0.930122, 1.45133, 1.63053, 1.45347, 1.62542, 1.09095, 2.05506, 1.41859, 1.65929
2.71331, 0.941989, 1.41032, 1.65395, 1.41244, 1.64914, 1.06944, 2.05603, 1.37884, 1.68131
2.69487, 0.953628, 1.37232, 1.67581, 1.3744, 1.6713, 1.05031, 2.05761, 1.34226, 1.70178
2.67674, 0.965045, 1.33732, 1.69615, 1.33935, 1.69192, 1.03326, 2.05972, 1.30878, 1.72077
2.65893, 0.976241, 1.30523, 1.71502, 1.30719, 1.71105, 1.018, 2.06227, 1.27824, 1.73836
2.55921, 1.04842, 1.38606, 1.62219, 1.38824, 1.61784, 1.08437, 1.99205, 1.35765, 1.64836
2.74207, 0.970155, 1.45281, 1.59121, 1.45514, 1.58688, 1.13833, 1.96229, 1.42317, 1.61759
2.69496, 1.01259, 1.38199, 1.69152, 1.38461, 1.68685, 1.02965, 2.12721, 1.35076, 1.72125
2.67892, 1.02217, 1.35122, 1.70793, 1.35377, 1.7035, 1.01406, 2.12815, 1.32129, 1.73627
2.5868, 1.08605, 1.42396, 1.62376, 1.42674, 1.6189, 1.0715, 2.06728, 1.39247, 1.65519
2.7487, 1.00994, 1.48378, 1.5955, 1.48672, 1.59066, 1.11793, 2.04049, 1.45099, 1.62713
2.7344, 1.0183, 1.45289, 1.614, 1.4558, 1.60934, 1.10071, 2.04109, 1.42081, 1.64457
2.72038, 1.02649, 1.42372, 1.63152, 1.4266, 1.62705, 1.08503, 2.04201, 1.39247, 1.66103
2.70665, 1.03449, 1.39628, 1.64808, 1.3991, 1.64378, 1.07074, 2.0432, 1.36595, 1.67654
2.6932, 1.04231, 1.37055, 1.6637, 1.37331, 1.65957, 1.05768, 2.04463, 1.34119, 1.69112
2.68003, 1.04996, 1.34647, 1.6784, 1.34916, 1.67444, 1.04572, 2.04626, 1.31811, 1.70483
2.66713, 1.05744, 1.32399, 1.69224, 1.3266, 1.68843, 1.03475, 2.04805, 1.29664, 1.7177
2.81762, 0.985909, 1.36965, 1.67026, 1.37236, 1.66645, 1.0722, 2.027, 1.34153, 1.69586
2.80649, 0.992368, 1.34765, 1.6834, 1.35029, 1.67974, 1.06087, 2.02867, 1.32041, 1.70816
2.79562, 0.998672, 1.32703, 1.69581, 1.3296, 1.69227, 1.05043, 2.03044, 1.30068, 1.71974
2.73408, 1.03835, 1.37805, 1.63665, 1.38075, 1.63286, 1.0928, 1.98575, 1.35082, 1.66249
2.72332, 1.04452, 1.35799, 1.64989, 1.36063, 1.64621, 1.08209, 1.98808, 1.3315, 1.67497
2.7128, 1.05054, 1.3391, 1.66241, 1.34168, 1.65885, 1.07219, 1.99043, 1.31335, 1.68676
2.70252, 1.05641, 1.32133, 1.67426, 1.32385, 1.67081, 1.063, 1.99278, 1.29633, 1.69789
2.69248, 1.06214, 1.30462, 1.68546, 1.30708, 1.68212, 1.05447, 1.99513, 1.28037, 1.70841
2.68267, 1.06773, 1.28893, 1.69605, 1.29132, 1.69281, 1.04654, 1.99747, 1.2654, 1.71835
2.62645, 1.10372, 1.33246, 1.64731, 1.33496, 1.64388, 1.08292, 1.9596, 1.30818, 1.67102
2.7261, 1.05376, 1.36675, 1.63139, 1.36932, 1.62796, 1.11169, 1.9441, 1.34193, 1.65517
2.70027, 1.07626, 1.32849, 1.68882, 1.33118, 1.68519, 1.05655, 2.03235, 1.30287, 1.71437
2.69155, 1.08114, 1.31383, 1.69793, 1.31646, 1.69439, 1.04896, 2.03365, 1.28884, 1.72283
2.79382, 1.02919, 1.34441, 1.6832, 1.3471, 1.67966, 1.07436, 2.01943, 1.31892, 1.70818
2.78611, 1.03354, 1.33019, 1.69183, 1.33284, 1.68838, 1.06675, 2.02066, 1.30528, 1.71622
2.74199, 1.06116, 1.36593, 1.65064, 1.36866, 1.64701, 1.09644, 1.98939, 1.34038, 1.67635
2.73446, 1.06536, 1.35221, 1.65952, 1.3549, 1.65598, 1.08886, 1.9909, 1.32716, 1.68469
2.72713, 1.06946, 1.33918, 1.66799, 1.34183, 1.66452, 1.08173, 1.99241, 1.31462, 1.69263
2.71998, 1.07345, 1.32682, 1.67606, 1.32942, 1.67267, 1.07503, 1.99391, 1.30274, 1.70019
2.713, 1.07733, 1.31508, 1.68376, 1.31764, 1.68044, 1.06873, 1.9954, 1.29149, 1.7074
2.70621, 1.08111, 1.30394, 1.6911, 1.30645, 1.68784, 1.06279, 1.99689, 1.28082, 1.71426
2.69958, 1.0848, 1.29337, 1.69809, 1.29583, 1.6949, 1.05719, 1.99835, 1.27071, 1.7208
2.66154, 1.10857, 1.32264, 1.66539, 1.32517, 1.66208, 1.08171, 1.97284, 1.29947, 1.68904
2.73145, 1.07216, 1.3455, 1.65464, 1.34808, 1.65133, 1.10098, 1.96236, 1.32199, 1.67833
2.72549, 1.07547, 1.33514, 1.66162, 1.33768, 1.65837, 1.09511, 1.96397, 1.312, 1.68491
2.71969, 1.07868, 1.32526, 1.6683, 1.32777, 1.6651, 1.08956, 1.96554, 1.3025, 1.6912
2.71404, 1.08182, 1.31584, 1.67468, 1.31832, 1.67154, 1.08431, 1.96707, 1.29345, 1.69721
2.70854, 1.08486, 1.30687, 1.68079, 1.3093, 1.6777, 1.07933, 1.96857, 1.28483, 1.70296
2.70319, 1.08783, 1.29831, 1.68663, 1.30071, 1.68359, 1.07461, 1.97004, 1.27662, 1.70845
2.69797, 1.09071, 1.29015, 1.69222, 1.29252, 1.68923, 1.07014, 1.97147, 1.2688, 1.71371
2.75879, 1.05909, 1.30827, 1.68362, 1.31067, 1.68063, 1.08567, 1.96307, 1.28667, 1.70514
2.75406, 1.06172, 1.30042, 1.6889, 1.30279, 1.68595, 1.08126, 1.96444, 1.27914, 1.71011
2.72696, 1.07832, 1.32186, 1.66464, 1.32428, 1.6616, 1.09949, 1.94535, 1.30024, 1.68652
2.72241, 1.08083, 1.31432, 1.66987, 1.31671, 1.66687, 1.09515, 1.94681, 1.29298, 1.69146
2.71798, 1.08328, 1.30711, 1.67489, 1.30947, 1.67193, 1.09102, 1.94822, 1.28605, 1.6962
2.71368, 1.08566, 1.30021, 1.6797, 1.30254, 1.67678, 1.08708, 1.9496, 1.27942, 1.70075
2.70949, 1.08797, 1.29361, 1.68432, 1.29592, 1.68143, 1.08334, 1.95093, 1.27308, 1.70511
2.70541, 1.09022, 1.2873, 1.68875, 1.28957, 1.6859, 1.07976, 1.95223, 1.26702, 1.70929
2.70144, 1.09241, 1.28125, 1.693, 1.2835, 1.69019, 1.07635, 1.95349, 1.26122, 1.7133
2.74783, 1.06814, 1.29498, 1.6865, 1.29726, 1.68369, 1.08825, 1.94712, 1.27478, 1.70682
2.7442, 1.07015, 1.28919, 1.69051, 1.29145, 1.68773, 1.08492, 1.94833, 1.26922, 1.71061
2.72344, 1.0828, 1.30549, 1.67219, 1.30778, 1.66935, 1.09891, 1.9337, 1.28527, 1.69276
2.71997, 1.08472, 1.29995, 1.67612, 1.30221, 1.67331, 1.09566, 1.93494, 1.27994, 1.69648
2.71659, 1.08658, 1.29463, 1.6799, 1.29687, 1.67711, 1.09256, 1.93613, 1.27482, 1.70006
2.71331, 1.08838, 1.28952, 1.68353, 1.29175, 1.68077, 1.08959, 1.93729, 1.26991, 1.70349
2.71012, 1.09014, 1.28462, 1.68702, 1.28683, 1.68429, 1.08675, 1.93841, 1.26521, 1.7068
2.70702, 1.09185, 1.27992, 1.69038, 1.2821, 1.68767, 1.08403, 1.9395, 1.26069, 1.70997
2.70401, 1.0935, 1.2754, 1.69361, 1.27757, 1.69093, 1.08143, 1.94056, 1.25635, 1.71303
2.68669, 1.10406, 1.28866, 1.67891, 1.29085, 1.67618, 1.09284, 1.92869, 1.26942, 1.69869
2.71967, 1.08666, 1.29886, 1.67413, 1.30107, 1.6714, 1.10172, 1.92399, 1.27949, 1.69392
2.71694, 1.08816, 1.29458, 1.6772, 1.29677, 1.67449, 1.09917, 1.92503, 1.27536, 1.69683
2.71429, 1.08962, 1.29046, 1.68016, 1.29264, 1.67748, 1.09673, 1.92604, 1.2714, 1.69964
2.71171, 1.09103, 1.2865, 1.68301, 1.28866, 1.68035, 1.09438, 1.92701, 1.26759, 1.70234
2.70921, 1.09241, 1.28269, 1.68576, 1.28483, 1.68312, 1.09213, 1.92796, 1.26393, 1.70495
2.70677, 1.09375, 1.27902, 1.68841, 1.28115, 1.68578, 1.08997, 1.92887, 1.2604, 1.70746
2.70441, 1.09505, 1.2755, 1.69096, 1.27761, 1.68835, 1.08789, 1.92976, 1.25701, 1.70988
2.73208, 1.08046, 1.28367, 1.68711, 1.2858, 1.6845, 1.09505, 1.92597, 1.26509, 1.70604
2.72989, 1.08166, 1.28031, 1.68951, 1.28243, 1.68692, 1.09306, 1.92682, 1.26186, 1.70831
2.72777, 1.08283, 1.27708, 1.69183, 1.27918, 1.68926, 1.09114, 1.92763, 1.25875, 1.71051
2.71559, 1.09021, 1.28652, 1.68131, 1.28864, 1.67871, 1.09932, 1.91909, 1.26806, 1.70024
2.71357, 1.09132, 1.28345, 1.68354, 1.28555, 1.68096, 1.09747, 1.91989, 1.2651, 1.70236
2.71161, 1.0924, 1.28048, 1.6857, 1.28258, 1.68313, 1.0957, 1.92067, 1.26225, 1.70441
2.70971, 1.09344, 1.27762, 1.68778, 1.27971, 1.68522, 1.09399, 1.92142, 1.2595, 1.70638
