1.07348
0.602068
1.02524
0.650707
1.03919
0.667548
1.01895
0.704973
0.92911
0.804718
0.543525
0.774729
0.721878
0.951973
0.843998
0.43323
0.516571
0.674601
1.02093
0.835582
0.550454
0.718884
1.08076
0.823162
0.692954
0.9951
0.920036
1.00052
0.930639
1.00499
0.94117
1.00879
0.951421
1.01215
0.961232
1.01522
0.970499
1.01813
0.97916
1.02095
0.987192
1.02372
0.994599
1.02646
1.00141
1.02918
1.00764
1.03186
1.01336
1.0345
1.01859
1.03708
1.02338
1.0396
1.02778
1.04205
1.03181
1.04441
1.03552
1.04669
1.03894
1.04888
1.04209
1.05097
1.045
1.05297
1.04769
1.05487
1.05018
1.05667
1.05249
1.05839
1.05464
1.06001
1.05663
1.06155
1.05849
1.06301
1.06021
1.06438
1.06182
1.06568
1.06333
1.0669
1.06473
1.06805
1.06604
1.06914
1.06726
1.07017
1.0684
1.07113
1.06947
1.07204
1.07047
1.0729
1.07141
1.07371
1.07228
1.07446
