0.0635526
0.0693773
0.0780829
0.0910267
0.0996748
0.106567
0.105919
0.112848
0.12042
0.117823
0.130686
0.13986
0.141623
0.149545
0.155625
0.159581
0.164318
0.165912
0.166752
0.167596
0.16845
0.168193
0.167713
0.168456
0.169202
0.169956
0.169614
0.166742
0.169576
0.170233
0.170894
0.171563
0.172244
0.172942
0.173665
0.174425
0.175036
0.174263
0.174995
0.175358
0.175711
0.17594
0.172913
0.175044
0.175692
0.175992
0.176283
0.176565
0.176839
0.177104
0.177361
0.177611
0.177853
0.178088
0.178315
0.178536
0.17875
0.178957
0.179159
0.179098
0.178357
0.17854
0.178716
0.178888
0.179054
0.179215
0.179371
0.179523
0.179669
0.179812
0.17995
0.179849
0.180279
0.179856
0.179978
0.180096
0.18021
0.180321
0.180428
0.180533
0.180634
0.180732
0.180827
0.180919
0.181008
0.181095
0.181179
0.18126
0.181339
0.181378
0.181004
0.181076
0.181145
0.181213
0.181279
0.181342
0.181404
0.181463
0.181521
0.181499
