0.0799049
0.097301
0.123201
0.16427
0.223416
0.260522
0.289706
0.27368
0.346502
0.365859
0.325899
0.276251
0.335127
0.367211
0.355855
0.401157
0.372846
0.341482
0.381705
0.389385
0.408014
0.346385
0.388521
0.354309
0.424608
0.388032
0.416584
0.388031
0.376142
0.400916
0.393146
0.41976
0.407054
0.429063
0.418519
0.420126
0.403616
0.397811
0.421243
0.402263
0.427725
0.419195
0.436476
0.429404
0.424688
0.417868
0.412199
0.422604
0.418193
0.429745
0.426681
0.429687
0.435819
0.429509
0.443448
0.424138
0.430918
0.430536
0.445085
0.438627
0.418754
0.423709
0.425781
0.429035
0.431968
0.428778
0.438457
0.428444
0.439271
0.439412
0.439373
0.441342
0.436127
0.44129
0.436091
0.444804
0.440649
0.444646
0.443163
0.438439
0.433244
0.441991
0.435927
0.442738
0.441821
0.442516
0.446291
0.442231
0.447508
0.440599
0.446115
0.443606
0.446093
0.446131
0.442132
0.438732
0.443338
0.442215
0.443306
0.444926
