0.262148
0.283672
0.308088
0.335917
0.367877
0.405008
0.448948
0.5026
0.572187
0.677056
0.731054
0.783313
0.832326
0.85338
0.789432
0.833949
0.857461
0.794321
0.834789
0.861715
0.798258
0.835073
0.866116
0.801431
0.834944
0.86595
0.829867
0.838019
0.866205
0.832946
0.840572
0.866214
0.836057
0.842694
0.866034
0.83916
0.844456
0.865711
0.842223
0.845918
0.865283
0.84522
0.847131
0.86478
0.848129
0.848134
0.864224
0.850936
0.848963
0.863635
0.853628
0.849646
0.863028
0.856198
0.850207
0.862415
0.858641
0.850668
0.861806
0.860953
0.851045
0.861207
0.863136
0.851351
0.860625
0.865189
0.8516
0.860063
0.867114
0.851801
0.859525
0.866905
0.858618
0.859704
0.86644
0.86017
0.859852
0.865999
0.861614
0.859972
0.865583
0.862957
0.86007
0.865191
0.864202
0.86015
0.864824
0.865356
0.860215
0.864481
0.866424
0.860267
0.864161
0.867411
0.860308
0.863863
0.867285
0.863495
0.863899
0.867023
