0.657689, 2.29325, 1.09806, 3.39646, 4.68578, 2.60685, 0.180096, 2.65889, 0.0395844, 0.339919, 3.43584, 4.65295, 2.63422, 3.26737, 3.50873, 3.82261, 0.231096, 1.63637, 3.78718, 1.83112, 4.91755, 3.7707, 0.3688, 4.42527, 2.18234, 2.39094, 1.3744, 0.835854, 4.48573, 0.291882
0.657689, 2.29325, 1.11256, 3.40007, 4.6884, 2.60848, 0.190859, 2.65681, 0.0433901, 0.34449, 3.43273, 4.64809, 2.63013, 3.26952, 3.50857, 3.82964, 0.229471, 1.62721, 3.78666, 1.82895, 4.91395, 3.77449, 0.380274, 4.42455, 2.1692, 2.38897, 1.37039, 0.84216, 4.47035, 0.283934
0.657689, 2.29325, 1.12332, 3.39954, 4.69054, 2.62018, 0.20426, 2.65418, 0.0371949, 0.343491, 3.43938, 4.643, 2.62468, 3.2671, 3.50305, 3.84785, 0.22892, 1.61479, 3.78669, 1.82721, 4.91123, 3.77785, 0.385245, 4.43382, 2.16088, 2.38625, 1.35934, 0.836436, 4.46238, 0.272701
0.657689, 2.29325, 1.13651, 3.40482, 4.69962, 2.62466, 0.219567, 2.64963, 0.0323787, 0.349238, 3.44035, 4.63534, 2.60846, 3.26259, 3.50944, 3.87134, 0.227624, 1.60437, 3.79289, 1.814, 4.90972, 3.78785, 0.391922, 4.4295, 2.14814, 2.38275, 1.343, 0.837128, 4.45344, 0.256168
0.657689, 2.29325, 1.14912, 3.40098, 4.70627, 2.62681, 0.229863, 2.64686, 0.0321507, 0.349015, 3.44499, 4.62702, 2.58985, 3.25749, 3.51751, 3.89087, 0.229213, 1.59461, 3.79661, 1.8055, 4.91291, 3.8003, 0.394547, 4.43127, 2.13781, 2.38407, 1.33012, 0.835605, 4.44804, 0.241076
0.657689, 2.29325, 1.15694, 3.40176, 4.70842, 2.63017, 0.251158, 2.63747, 0.0324829, 0.35276, 3.44291, 4.62048, 2.57172, 3.25794, 3.52139, 3.90883, 0.227752, 1.59039, 3.79862, 1.79576, 4.91498, 3.81557, 0.395202, 4.43711, 2.12682, 2.37961, 1.32135, 0.834115, 4.44264, 0.231419
0.657689, 2.29325, 1.16541, 3.39776, 4.70016, 2.62855, 0.265349, 2.63165, 0.0282837, 0.349847, 3.4446, 4.61445, 2.55212, 3.25731, 3.52785, 3.93475, 0.229339, 1.58379, 3.80514, 1.78231, 4.91711, 3.83243, 0.399573, 4.44331, 2.1148, 2.38387, 1.31224, 0.827153, 4.43872, 0.217488
0.657689, 2.29325, 1.17414, 3.39566, 4.69355, 2.61881, 0.278143, 2.6292, 0.0271403, 0.345823, 3.44322, 4.60663, 2.5355, 3.25112, 3.53788, 3.9598, 0.23006, 1.57801, 3.80539, 1.77367, 4.91221, 3.85236, 0.401001, 4.45018, 2.10098, 2.38403, 1.30359, 0.821481, 4.4287, 0.20747
0.657689, 2.29325, 1.17912, 3.39157, 4.69087, 2.60817, 0.294748, 2.61824, 0.0259925, 0.336632, 3.437, 4.59267, 2.51481, 3.24853, 3.54903, 3.97982, 0.234116, 1.57435, 3.81064, 1.76022, 4.90943, 3.87139, 0.402247, 4.44898, 2.09511, 2.38372, 1.29761, 0.814176, 4.41894, 0.193623
0.657689, 2.29325, 1.18053, 3.39012, 4.68782, 2.59267, 0.31348, 2.61157, 0.0285887, 0.338028, 3.43731, 4.5841, 2.49351, 3.24656, 3.55812, 4.00021, 0.23926, 1.56745, 3.81341, 1.7511, 4.90859, 3.89311, 0.407362, 4.45067, 2.0874, 2.3812, 1.29427, 0.806928, 4.40486, 0.175869
0.657689, 2.29325, 1.17773, 3.38847, 4.68107, 2.58531, 0.332588, 2.59826, 0.0287844, 0.334544, 3.43601, 4.57507, 2.47334, 3.23959, 3.56591, 4.01861, 0.247078, 1.56829, 3.81836, 1.74016, 4.90607, 3.91518, 0.413093, 4.45307, 2.07776, 2.37796, 1.28887, 0.796374, 4.39067, 0.15984
0.657689, 2.29325, 1.17404, 3.38428, 4.67373, 2.57696, 0.349808, 2.58548, 0.0285767, 0.334995, 3.43588, 4.56508, 2.45945, 3.23176, 3.57165, 4.03937, 0.24694, 1.56474, 3.82412, 1.73223, 4.89814, 3.93689, 0.420379, 4.45582, 2.06705, 2.37486, 1.28723, 0.787106, 4.37714, 0.142188
0.657689, 2.29325, 1.16773, 3.38337, 4.6631, 2.57183, 0.366128, 2.57275, 0.0273664, 0.338901, 3.43874, 4.55829, 2.44692, 3.22305, 3.57774, 4.05786, 0.249541, 1.56145, 3.83059, 1.72436, 4.89607, 3.95804, 0.428526, 4.45627, 2.06238, 2.37562, 1.28108, 0.779156, 4.36213, 0.120287
0.657689, 2.29325, 1.15955, 3.38314, 4.65353, 2.56513, 0.385586, 2.56069, 0.0296445, 0.341752, 3.43707, 4.55319, 2.43294, 3.21318, 3.57993, 4.08077, 0.253694, 1.55726, 3.83237, 1.71512, 4.89749, 3.98091, 0.433726, 4.45965, 2.054, 2.37487, 1.27747, 0.771065, 4.35511, 0.0944185
0.657689, 2.29325, 1.15091, 3.38244, 4.64375, 2.55805, 0.403851, 2.5478, 0.0325603, 0.346953, 3.44168, 4.5444, 2.41971, 3.2069, 3.58034, 4.10262, 0.263125, 1.55011, 3.8432, 1.70638, 4.89803, 4.00389, 0.439433, 4.46134, 2.04387, 2.38003, 1.27643, 0.764662, 4.34388, 0.0725772
0.657689, 2.29325, 1.14253, 3.38204, 4.63491, 2.55, 0.426054, 2.5351, 0.0359255, 0.348795, 3.44154, 4.53753, 2.40799, 3.19852, 3.57854, 4.12768, 0.268657, 1.54104, 3.85025, 1.69798, 4.89615, 4.02185, 0.446937, 4.46313, 2.0324, 2.38186, 1.27656, 0.757841, 4.33782, 0.0474472
0.657689, 2.29325, 1.13531, 3.38238, 4.62377, 2.54147, 0.446398, 2.51991, 0.0426005, 0.35597, 3.44268, 4.53112, 2.39881, 3.1884, 3.57506, 4.15254, 0.275241, 1.53366, 3.85993, 1.68803, 4.89487, 4.04053, 0.453805, 4.46659, 2.0185, 2.38365, 1.27481, 0.751009, 4.3298, 0.0212227
0.657689, 2.29325, 1.12885, 3.37725, 4.61182, 2.53632, 0.467947, 2.50844, 0.0466217, 0.360308, 3.44197, 4.52485, 2.39113, 3.17693, 3.57203, 4.17441, 0.276918, 1.52905, 3.87166, 1.67646, 4.8942, 4.06024, 0.460406, 4.46876, 2.00558, 2.38494, 1.27106, 0.740796, 4.32565, -0.00169399
0.657689, 2.29325, 1.12327, 3.37629, 4.59838, 2.52624, 0.488025, 2.49446, 0.0502934, 0.369462, 3.44231, 4.51643, 2.38393, 3.16847, 3.5688, 4.19805, 0.279839, 1.52446, 3.88364, 1.66128, 4.89144, 4.08019, 0.465255, 4.4705, 1.99008, 2.38757, 1.26734, 0.734672, 4.32173, 0.0227059
0.657689, 2.29325, 1.11736, 3.37503, 4.58816, 2.51823, 0.508368, 2.48479, 0.0532317, 0.37999, 3.44548, 4.50612, 2.37766, 3.15525, 3.56999, 4.22131, 0.283462, 1.5207, 3.89433, 1.64843, 4.89013, 4.09618, 0.471066, 4.47574, 1.97662, 2.3911, 1.26334, 0.729057, 4.32045, 0.0486617
0.657689, 2.29325, 1.11448, 3.3736, 4.57388, 2.50796, 0.529265, 2.4738, 0.0564675, 0.389519, 3.44842, 4.49519, 2.37197, 3.14599, 3.5735, 4.24629, 0.2861, 1.51552, 3.90638, 1.63485, 4.88868, 4.11373, 0.472212, 4.48241, 1.96271, 2.39732, 1.25818, 0.722197, 4.31743, 0.073233
0.657689, 2.29325, 1.10994, 3.36965, 4.55883, 2.49595, 0.54873, 2.46486, 0.060281, 0.399203, 3.45404, 4.48514, 2.36249, 3.13642, 3.57151, 4.27275, 0.289151, 1.50953, 3.92055, 1.62169, 4.8877, 4.13031, 0.47431, 4.48739, 1.95004, 2.39979, 1.25302, 0.713096, 4.31387, 0.0992608
0.657689, 2.29325, 1.10505, 3.36858, 4.54643, 2.48409, 0.568604, 2.45622, 0.0606132, 0.409228, 3.45954, 4.47561, 2.35739, 3.12655, 3.56775, 4.2983, 0.292048, 1.50403, 3.93238, 1.6067, 4.88658, 4.14608, 0.4737, 4.4914, 1.93462, 2.40344, 1.24939, 0.706076, 4.31011, 0.12402
0.657689, 2.29325, 1.10086, 3.36355, 4.53462, 2.47044, 0.589077, 2.44992, 0.0638081, 0.41764, 3.4662, 4.46914, 2.34952, 3.11723, 3.56286, 4.32618, 0.29602, 1.49941, 3.94644, 1.59393, 4.88497, 4.16282, 0.473555, 4.49738, 1.91859, 2.40744, 1.23986, 0.697813, 4.30978, 0.148821
0.657689, 2.29325, 1.09439, 3.36095, 4.52617, 2.4586, 0.609482, 2.44241, 0.0664038, 0.426299, 3.47257, 4.46108, 2.34365, 3.10794, 3.5583, 4.35392, 0.30163, 1.49321, 3.96065, 1.58087, 4.88471, 4.17997, 0.471674, 4.50199, 1.90299, 2.41211, 1.232, 0.689724, 4.30887, 0.172749
0.657689, 2.29325, 1.08804, 3.35732, 4.51292, 2.44561, 0.631023, 2.43683, 0.0702068, 0.436092, 3.47504, 4.45392, 2.33803, 3.09712, 3.55433, 4.38059, 0.301141, 1.48676, 3.97671, 1.5662, 4.88548, 4.19707, 0.468303, 4.50813, 1.88548, 2.41557, 1.22523, 0.679319, 4.30684, 0.19387
0.657689, 2.29325, 1.08283, 3.35374, 4.49911, 2.43335, 0.65024, 2.42935, 0.0741092, 0.444879, 3.47803, 4.44772, 2.33409, 3.08615, 3.55183, 4.40555, 0.302116, 1.48052, 3.99141, 1.54987, 4.88596, 4.21414, 0.466771, 4.51468, 1.8694, 2.41939, 1.21618, 0.668854, 4.30702, 0.214883
0.657689, 2.29325, 1.07632, 3.34971, 4.4854, 2.41933, 0.672479, 2.42159, 0.0767627, 0.453047, 3.48044, 4.44351, 2.3304, 3.07751, 3.5484, 4.43173, 0.303627, 1.4762, 4.0061, 1.53171, 4.88638, 4.23079, 0.467225, 4.51992, 1.85474, 2.4252, 1.207, 0.658215, 4.30864, 0.235471
0.657689, 2.29325, 1.06992, 3.34492, 4.47339, 2.4047, 0.692504, 2.4149, 0.0792978, 0.459839, 3.48356, 4.43585, 2.32593, 3.07097, 3.54667, 4.45821, 0.30673, 1.47112, 4.02294, 1.51326, 4.88812, 4.24846, 0.466999, 4.52769, 1.83953, 2.43017, 1.1998, 0.646315, 4.30894, 0.256823
0.657689, 2.29325, 1.06451, 3.3417, 4.46129, 2.38974, 0.713709, 2.40776, 0.0833407, 0.467168, 3.48621, 4.43105, 2.32422, 3.06189, 3.54498, 4.48458, 0.307588, 1.46523, 4.03884, 1.49543, 4.88807, 4.26674, 0.468459, 4.5352, 1.82394, 2.43586, 1.19064, 0.634187, 4.30914, 0.274726
0.657689, 2.29325, 1.05863, 3.33807, 4.44777, 2.37439, 0.733022, 2.4013, 0.0861958, 0.476178, 3.48743, 4.42591, 2.32054, 3.05353, 3.54287, 4.51327, 0.309027, 1.46077, 4.05533, 1.4767, 4.88709, 4.28656, 0.469497, 4.5429, 1.80901, 2.44117, 1.18013, 0.622428, 4.3093, 0.292941
0.657689, 2.29325, 1.05218, 3.33375, 4.43351, 2.3595, 0.752018, 2.39452, 0.088534, 0.482623, 3.48873, 4.42146, 2.31759, 3.04331, 3.54141, 4.54021, 0.31043, 1.45681, 4.07319, 1.45847, 4.88607, 4.30692, 0.470136, 4.54873, 1.79338, 2.4478, 1.17061, 0.609756, 4.31074, 0.31268
0.657689, 2.29325, 1.04381, 3.32875, 4.42251, 2.34404, 0.772255, 2.38809, 0.0922539, 0.490307, 3.48926, 4.41788, 2.31453, 3.03365, 3.53952, 4.56601, 0.311042, 1.45235, 4.09218, 1.44086, 4.88469, 4.32662, 0.470921, 4.55671, 1.77934, 2.45338, 1.16144, 0.596494, 4.31161, 0.329606
0.657689, 2.29325, 1.03697, 3.32495, 4.41213, 2.32752, 0.79173, 2.38147, 0.0946494, 0.498466, 3.48973, 4.41402, 2.31138, 3.02491, 3.53866, 4.59443, 0.312474, 1.44748, 4.10987, 1.42241, 4.88305, 4.34823, 0.472211, 4.56249, 1.76533, 2.45903, 1.15306, 0.585299, 4.31239, 0.346014
0.657689, 2.29325, 1.03045, 3.32168, 4.40004, 2.31029, 0.813025, 2.37349, 0.0969497, 0.505825, 3.48914, 4.40952, 2.30928, 3.01618, 3.53798, 4.62227, 0.314255, 1.4431, 4.12834, 1.40357, 4.88271, 4.37044, 0.472399, 4.57143, 1.75104, 2.46536, 1.14311, 0.572634, 4.31099, 0.362786
0.657689, 2.29325, 1.02394, 3.31688, 4.38834, 2.29443, 0.833969, 2.36522, 0.0979162, 0.511969, 3.48844, 4.40562, 2.30574, 3.00759, 3.53738, 4.64937, 0.316186, 1.43941, 4.14579, 1.38457, 4.88165, 4.39214, 0.473832, 4.58014, 1.73667, 2.4721, 1.13284, 0.560117, 4.31178, 0.380211
0.657689, 2.29325, 1.01821, 3.3135, 4.37711, 2.28062, 0.855801, 2.35718, 0.100279, 0.519276, 3.48616, 4.40187, 2.30188, 2.99906, 3.53507, 4.67636, 0.317818, 1.43509, 4.1647, 1.36569, 4.88101, 4.41277, 0.47563, 4.5882, 1.72102, 2.48061, 1.12225, 0.547271, 4.31132, 0.396876
0.657689, 2.29325, 1.01195, 3.30894, 4.3664, 2.26587, 0.876344, 2.349, 0.10207, 0.526455, 3.48374, 4.39704, 2.29765, 2.99064, 3.53303, 4.70356, 0.32061, 1.42988, 4.18452, 1.3455, 4.88018, 4.43365, 0.477367, 4.59697, 1.70563, 2.48869, 1.11306, 0.53546, 4.31041, 0.414106
0.657689, 2.29325, 1.00664, 3.30469, 4.35632, 2.25153, 0.898082, 2.34309, 0.104808, 0.534002, 3.48065, 4.39252, 2.29335, 2.98162, 3.53193, 4.73131, 0.322682, 1.42475, 4.20301, 1.32513, 4.87981, 4.45549, 0.478742, 4.60553, 1.68937, 2.49533, 1.10392, 0.523945, 4.31099, 0.430426
0.657689, 2.29325, 1.00013, 3.30037, 4.34572, 2.23639, 0.91891, 2.33789, 0.106677, 0.541437, 3.47766, 4.38797, 2.29012, 2.97438, 3.53077, 4.75773, 0.32363, 1.42042, 4.22075, 1.30444, 4.87907, 4.47813, 0.47979, 4.61197, 1.67238, 2.50224, 1.09528, 0.512597, 4.31289, 0.447331
0.657689, 2.29325, 0.99471, 3.29737, 4.33512, 2.2209, 0.940054, 2.332, 0.108967, 0.548529, 3.47357, 4.38319, 2.28719, 2.96627, 3.52938, 4.78609, 0.325486, 1.41741, 4.23867, 1.28353, 4.87818, 4.49955, 0.481725, 4.61811, 1.6567, 2.50935, 1.08729, 0.501069, 4.31433, 0.463768
0.657689, 2.29325, 0.989914, 3.29394, 4.32464, 2.20553, 0.961111, 2.32629, 0.110976, 0.554961, 3.46941, 4.37908, 2.28406, 2.95812, 3.52677, 4.81321, 0.327906, 1.41532, 4.25636, 1.26127, 4.87709, 4.52009, 0.482062, 4.62522, 1.64101, 2.51602, 1.07866, 0.488915, 4.31532, 0.480712
0.657689, 2.29325, 0.985392, 3.29008, 4.31427, 2.18913, 0.981067, 2.321, 0.113005, 0.561679, 3.466, 4.37455, 2.28153, 2.95022, 3.52486, 4.84042, 0.329498, 1.41405, 4.27429, 1.23881, 4.87562, 4.54139, 0.482892, 4.63158, 1.62527, 2.52264, 1.07079, 0.476969, 4.31712, 0.497487
0.657689, 2.29325, 0.981467, 3.28716, 4.30282, 2.17226, 1.00185, 2.31476, 0.115075, 0.567671, 3.46304, 4.37024, 2.27908, 2.94184, 3.52297, 4.86615, 0.330501, 1.41177, 4.29223, 1.21656, 4.87369, 4.56174, 0.483859, 4.63781, 1.60859, 2.53063, 1.06238, 0.464401, 4.31886, 0.513825
0.657689, 2.29325, 0.976625, 3.28282, 4.29133, 2.15516, 1.02316, 2.3084, 0.116967, 0.573335, 3.46087, 4.36612, 2.27667, 2.932, 3.52178, 4.89327, 0.332191, 1.41005, 4.30917, 1.19518, 4.87249, 4.5817, 0.484869, 4.6438, 1.59298, 2.53961, 1.0538, 0.452931, 4.32047, 0.530343
0.657689, 2.29325, 0.972724, 3.27891, 4.28, 2.13923, 1.04327, 2.30117, 0.11896, 0.578771, 3.45866, 4.3616, 2.27405, 2.92215, 3.52004, 4.92079, 0.333588, 1.40845, 4.32577, 1.173, 4.8703, 4.60156, 0.484364, 4.6493, 1.57661, 2.54834, 1.04553, 0.440573, 4.32299, 0.547066
0.657689, 2.29325, 0.968879, 3.27486, 4.26849, 2.12335, 1.06382, 2.29386, 0.121908, 0.583428, 3.4574, 4.3567, 2.27099, 2.91259, 3.51794, 4.94785, 0.3359, 1.40669, 4.34222, 1.15059, 4.86789, 4.62142, 0.48541, 4.65476, 1.56063, 2.55658, 1.03781, 0.428283, 4.32503, 0.564545
0.657689, 2.29325, 0.9644, 3.271, 4.25605, 2.10706, 1.08443, 2.28697, 0.124894, 0.587815, 3.45713, 4.35211, 2.26805, 2.90301, 3.51608, 4.97464, 0.337374, 1.4058, 4.35904, 1.12814, 4.86578, 4.64214, 0.48646, 4.66, 1.54508, 2.56526, 1.0293, 0.414741, 4.32698, 0.581642
0.657689, 2.29325, 0.959567, 3.26704, 4.24349, 2.09034, 1.10478, 2.27927, 0.127212, 0.592735, 3.45531, 4.34867, 2.26408, 2.89287, 3.5144, 5.00118, 0.339129, 1.40521, 4.37619, 1.1056, 4.86349, 4.66282, 0.487999, 4.66498, 1.529, 2.5743, 1.02088, 0.40186, 4.32936, 0.598899
0.657689, 2.29325, 0.954321, 3.26343, 4.23168, 2.07363, 1.12559, 2.27257, 0.130716, 0.597404, 3.45297, 4.34461, 2.26101, 2.88223, 3.51342, 4.97474, 0.34018, 1.40411, 4.3932, 1.08273, 4.86131, 4.6835, 0.489414, 4.66976, 1.51367, 2.58393, 1.01161, 0.389033, 4.33126, 0.6156
0.657689, 2.29325, 0.948624, 3.25954, 4.21968, 2.05754, 1.14618, 2.26603, 0.13374, 0.602319, 3.45047, 4.34054, 2.25794, 2.87222, 3.51255, 4.94877, 0.341752, 1.40242, 4.41027, 1.05984, 4.85876, 4.70391, 0.49071, 4.67442, 1.49824, 2.59416, 1.00294, 0.375962, 4.33349, 0.631937
0.657689, 2.29325, 0.943042, 3.25598, 4.2076, 2.04126, 1.16648, 2.25926, 0.136335, 0.607147, 3.4482, 4.3372, 2.25533, 2.86274, 3.5112, 4.92211, 0.342816, 1.40034, 4.42651, 1.03776, 4.85681, 4.72429, 0.492339, 4.67934, 1.48298, 2.60406, 0.994522, 0.363429, 4.33607, 0.647945
0.657689, 2.29325, 0.937217, 3.25313, 4.19514, 2.02479, 1.18687, 2.25258, 0.137921, 0.612914, 3.44573, 4.33353, 2.25296, 2.85248, 3.50979, 4.8955, 0.343894, 1.39841, 4.443, 1.01557, 4.85371, 4.74486, 0.494173, 4.68484, 1.46752, 2.6134, 0.985518, 0.351411, 4.33773, 0.664175
0.657689, 2.29325, 0.931147, 3.24974, 4.18327, 2.00878, 1.20797, 2.2461, 0.140097, 0.618309, 3.44315, 4.33005, 2.25037, 2.84193, 3.50814, 4.86897, 0.344841, 1.39656, 4.45954, 0.994244, 4.85053, 4.76593, 0.496383, 4.6901, 1.45192, 2.62295, 0.976835, 0.339307, 4.3396, 0.680749
0.657689, 2.29325, 0.925516, 3.24657, 4.17156, 1.99238, 1.22884, 2.23974, 0.142409, 0.624381, 3.44121, 4.32595, 2.24794, 2.83116, 3.50645, 4.8418, 0.346059, 1.39465, 4.47636, 0.972279, 4.84703, 4.78708, 0.498802, 4.69558, 1.43654, 2.63301, 0.968418, 0.327084, 4.34142, 0.696714
0.657689, 2.29325, 0.919976, 3.24328, 4.15977, 1.97721, 1.24969, 2.23307, 0.144535, 0.630099, 3.43908, 4.32208, 2.24542, 2.82081, 3.50455, 4.81483, 0.346846, 1.39265, 4.49325, 0.950653, 4.84344, 4.80806, 0.501594, 4.70119, 1.42091, 2.64277, 0.960431, 0.31489, 4.34236, 0.71299
0.657689, 2.29325, 0.913943, 3.24032, 4.14756, 1.96191, 1.26985, 2.22635, 0.147505, 0.635831, 3.4376, 4.31759, 2.24322, 2.81065, 3.5029, 4.78804, 0.347515, 1.391, 4.51021, 0.928735, 4.8399, 4.82864, 0.503876, 4.7069, 1.40449, 2.65197, 0.951763, 0.302722, 4.34366, 0.728807
0.657689, 2.29325, 0.908249, 3.23743, 4.13534, 1.94613, 1.29049, 2.21961, 0.1498, 0.64141, 3.43588, 4.31344, 2.24076, 2.80028, 3.50156, 4.76091, 0.34851, 1.38931, 4.52718, 0.906451, 4.8366, 4.84943, 0.506459, 4.71204, 1.38849, 2.6613, 0.943326, 0.290457, 4.34502, 0.745406
0.657689, 2.29325, 0.902142, 3.23459, 4.12348, 1.93082, 1.31137, 2.21348, 0.152218, 0.646796, 3.43494, 4.30918, 2.23826, 2.79003, 3.50023, 4.73401, 0.3492, 1.38819, 4.54438, 0.885002, 4.83372, 4.87031, 0.508643, 4.71726, 1.37255, 2.67083, 0.934804, 0.278444, 4.34598, 0.761567
0.657689, 2.29325, 0.895852, 3.23177, 4.11181, 1.91516, 1.33252, 2.20726, 0.154387, 0.652306, 3.43425, 4.30459, 2.23594, 2.78019, 3.49876, 4.70745, 0.350068, 1.38715, 4.56204, 0.863138, 4.83019, 4.89108, 0.51071, 4.72297, 1.3569, 2.67982, 0.925882, 0.265918, 4.34695, 0.777636
0.657689, 2.29325, 0.889632, 3.22867, 4.10006, 1.89944, 1.35374, 2.20087, 0.156416, 0.657835, 3.43339, 4.3002, 2.23418, 2.77005, 3.49737, 4.68068, 0.350905, 1.38648, 4.57974, 0.841758, 4.82744, 4.91197, 0.512841, 4.72895, 1.34127, 2.68905, 0.917211, 0.253351, 4.34823, 0.793794
0.657689, 2.29325, 0.883181, 3.22585, 4.08839, 1.88384, 1.37472, 2.19462, 0.158234, 0.663208, 3.43204, 4.29554, 2.23195, 2.76011, 3.49595, 4.65388, 0.351613, 1.38567, 4.59734, 0.820213, 4.82466, 4.93275, 0.515262, 4.73457, 1.32569, 2.69851, 0.908409, 0.241192, 4.34945, 0.809509
0.657689, 2.29325, 0.876701, 3.22265, 4.0765, 1.86789, 1.39562, 2.1882, 0.160371, 0.668849, 3.43113, 4.29085, 2.2295, 2.75022, 3.49451, 4.6272, 0.351923, 1.38467, 4.6147, 0.798941, 4.82192, 4.95348, 0.517685, 4.74001, 1.31021, 2.70755, 0.899658, 0.229151, 4.35059, 0.825286
0.657689, 2.29325, 0.870252, 3.21963, 4.06465, 1.85193, 1.41651, 2.18152, 0.162167, 0.674712, 3.42995, 4.28646, 2.2276, 2.74001, 3.49285, 4.6007, 0.352161, 1.38361, 4.63262, 0.777428, 4.81936, 4.97419, 0.520216, 4.7454, 1.29471, 2.71669, 0.89079, 0.217075, 4.35176, 0.841318
0.657689, 2.29325, 0.864099, 3.2169, 4.0527, 1.83597, 1.43773, 2.17478, 0.164098, 0.680629, 3.42896, 4.28213, 2.22546, 2.7298, 3.49127, 4.57455, 0.352426, 1.38261, 4.65031, 0.756529, 4.81646, 4.9951, 0.522964, 4.75075, 1.27914, 2.72536, 0.881881, 0.204993, 4.35289, 0.857104
0.657689, 2.29325, 0.857507, 3.21408, 4.04087, 1.81993, 1.45907, 2.16816, 0.165815, 0.686297, 3.42796, 4.27769, 2.22322, 2.71956, 3.48947, 4.54839, 0.352602, 1.3813, 4.6681, 0.735608, 4.81378, 5.01586, 0.525561, 4.75597, 1.26333, 2.73463, 0.872955, 0.193087, 4.35403, 0.873312
0.657689, 2.29325, 0.85137, 3.21162, 4.02904, 1.80386, 1.48071, 2.16136, 0.16738, 0.692247, 3.42718, 4.27296, 2.2208, 2.70945, 3.48775, 4.52231, 0.352477, 1.38019, 4.68588, 0.714454, 4.81124, 4.99511, 0.528176, 4.76127, 1.24761, 2.74377, 0.863447, 0.181277, 4.35567, 0.889559
0.657689, 2.29325, 0.845004, 3.20891, 4.01736, 1.78807, 1.50256, 2.15445, 0.16916, 0.69827, 3.42631, 4.26824, 2.21806, 2.69913, 3.48582, 4.49637, 0.35231, 1.37916, 4.70382, 0.693353, 4.80849, 4.97447, 0.530733, 4.76656, 1.23199, 2.75271, 0.854119, 0.16957, 4.35711, 0.905946
0.657689, 2.29325, 0.838883, 3.20622, 4.00542, 1.77215, 1.52463, 2.14741, 0.17087, 0.703922, 3.42517, 4.26378, 2.21509, 2.68888, 3.48388, 4.47055, 0.351902, 1.37809, 4.72181, 0.672352, 4.80588, 4.95353, 0.533499, 4.77185, 1.2166, 2.76173, 0.844798, 0.157815, 4.35836, 0.922103
0.657689, 2.29325, 0.832398, 3.20368, 3.99351, 1.75628, 1.54654, 2.14049, 0.172828, 0.709631, 3.42399, 4.25945, 2.21214, 2.67843, 3.48183, 4.4445, 0.351679, 1.37689, 4.73972, 0.651542, 4.80342, 4.93259, 0.53656, 4.77733, 1.20141, 2.77079, 0.835451, 0.146145, 4.35947, 0.938398
0.657689, 2.29325, 0.826078, 3.20099, 3.9813, 1.74048, 1.56864, 2.13369, 0.174609, 0.715446, 3.42262, 4.25511, 2.2095, 2.66789, 3.47997, 4.41837, 0.351392, 1.37566, 4.75766, 0.630626, 4.80082, 4.91141, 0.539466, 4.78294, 1.186, 2.77979, 0.82608, 0.134416, 4.36063, 0.954737
0.657689, 2.29325, 0.819884, 3.19826, 3.96904, 1.7248, 1.59071, 2.12678, 0.176582, 0.721433, 3.42112, 4.2506, 2.20658, 2.65774, 3.47803, 4.3922, 0.351047, 1.3745, 4.77587, 0.609466, 4.79815, 4.89033, 0.5421, 4.78833, 1.17092, 2.78865, 0.816834, 0.122913, 4.36181, 0.970958
0.657689, 2.29325, 0.81363, 3.19552, 3.95662, 1.70918, 1.61274, 2.1197, 0.178651, 0.727465, 3.41953, 4.24612, 2.20398, 2.64756, 3.47625, 4.36616, 0.35049, 1.37323, 4.7938, 0.588294, 4.79544, 4.86943, 0.544913, 4.79374, 1.15608, 2.79758, 0.807517, 0.111132, 4.36318, 0.987255
0.657689, 2.29325, 0.807394, 3.19277, 3.94411, 1.69337, 1.63483, 2.11274, 0.180643, 0.733374, 3.41793, 4.24161, 2.20112, 2.63745, 3.47457, 4.34027, 0.350032, 1.37196, 4.81183, 0.567104, 4.79255, 4.84837, 0.54773, 4.79915, 1.14125, 2.80668, 0.798341, 0.0995463, 4.36449, 1.0035
0.657689, 2.29325, 0.801254, 3.1901, 3.93169, 1.67768, 1.65692, 2.106, 0.182689, 0.739224, 3.4165, 4.23709, 2.19838, 2.62718, 3.47288, 4.31441, 0.349488, 1.37085, 4.83003, 0.546026, 4.78965, 4.8274, 0.550562, 4.80453, 1.12662, 2.81564, 0.788946, 0.0879772, 4.36593, 1.01984
0.657689, 2.29325, 0.795079, 3.18729, 3.91923, 1.6619, 1.67906, 2.0992, 0.184671, 0.745227, 3.415, 4.23246, 2.19564, 2.61716, 3.47118, 4.2885, 0.349047, 1.36976, 4.84808, 0.525027, 4.78686, 4.80634, 0.553641, 4.81006, 1.11193, 2.82451, 0.77946, 0.0763016, 4.36744, 1.03618
0.657689, 2.29325, 0.788807, 3.18444, 3.90683, 1.64607, 1.7013, 2.09222, 0.186753, 0.751165, 3.41335, 4.2279, 2.19297, 2.60712, 3.46943, 4.26276, 0.348617, 1.36878, 4.86602, 0.503973, 4.78418, 4.78516, 0.556832, 4.81548, 1.09718, 2.83354, 0.7699, 0.0647101, 4.36891, 1.05259
0.657689, 2.29325, 0.782594, 3.18176, 3.89448, 1.63026, 1.72358, 2.08532, 0.188737, 0.757272, 3.4118, 4.22333, 2.19045, 2.59705, 3.46776, 4.23696, 0.348209, 1.3678, 4.88391, 0.482813, 4.78159, 4.76411, 0.55977, 4.82103, 1.08251, 2.84255, 0.76041, 0.0531646, 4.37035, 1.06888
0.657689, 2.29325, 0.77645, 3.17874, 3.88229, 1.61455, 1.7458, 2.07853, 0.190686, 0.76349, 3.41015, 4.21875, 2.18782, 2.58696, 3.46599, 4.21109, 0.347705, 1.3666, 4.90189, 0.461781, 4.77883, 4.74307, 0.562789, 4.82654, 1.06769, 2.85199, 0.750868, 0.0416188, 4.37187, 1.08536
0.657689, 2.29325, 0.770217, 3.17586, 3.87011, 1.5988, 1.76806, 2.07182, 0.192663, 0.769711, 3.40857, 4.21417, 2.18499, 2.57703, 3.46425, 4.18518, 0.347263, 1.36534, 4.91988, 0.440702, 4.77618, 4.72198, 0.565834, 4.83207, 1.05296, 2.86121, 0.741341, 0.0299737, 4.37338, 1.10182
0.657689, 2.29325, 0.764049, 3.17285, 3.85786, 1.58304, 1.79037, 2.06503, 0.194481, 0.775785, 3.40695, 4.20945, 2.18249, 2.56709, 3.46251, 4.15943, 0.346906, 1.36416, 4.93794, 0.419636, 4.77354, 4.701, 0.568782, 4.83748, 1.0384, 2.87051, 0.731635, 0.018362, 4.37486, 1.11844
0.657689, 2.29325, 0.757947, 3.16999, 3.84559, 1.56727, 1.81265, 2.05819, 0.196434, 0.781882, 3.40532, 4.20477, 2.17983, 2.55716, 3.46078, 4.13364, 0.346423, 1.36293, 4.95599, 0.398545, 4.77097, 4.67997, 0.57177, 4.84279, 1.02399, 2.87984, 0.72197, 0.00657848, 4.37636, 1.13504
0.657689, 2.29325, 0.751831, 3.1671, 3.83328, 1.55147, 1.83498, 2.05148, 0.198223, 0.788094, 3.40365, 4.20005, 2.17719, 2.54722, 3.45897, 4.10775, 0.345905, 1.3618, 4.97404, 0.37756, 4.76831, 4.65893, 0.574736, 4.84824, 1.00947, 2.88909, 0.712228, -0.00512089, 4.37787, 1.15165
0.657689, 2.29325, 0.745726, 3.16427, 3.82099, 1.53562, 1.85733, 2.04478, 0.199959, 0.794339, 3.40205, 4.19537, 2.17453, 2.5373, 3.45724, 4.08191, 0.345413, 1.36063, 4.9922, 0.356448, 4.76564, 4.6379, 0.577511, 4.8536, 0.99498, 2.89834, 0.702541, 0.00661982, 4.37949, 1.16827
0.657689, 2.29325, 0.739782, 3.16149, 3.8086, 1.51993, 1.87974, 2.03812, 0.201654, 0.800567, 3.40038, 4.19074, 2.17189, 2.52745, 3.45545, 4.05592, 0.345034, 1.35951, 5.01034, 0.335389, 4.76311, 4.61692, 0.580163, 4.85881, 0.980561, 2.90756, 0.692873, 0.0183199, 4.381, 1.18489
0.657689, 2.29325, 0.733853, 3.1587, 3.79609, 1.50433, 1.90214, 2.03141, 0.203172, 0.806799, 3.39873, 4.18594, 2.16929, 2.51756, 3.45363, 4.02997, 0.344577, 1.35833, 4.99224, 0.314261, 4.76059, 4.59596, 0.582946, 4.86408, 0.966145, 2.91679, 0.683139, 0.0300835, 4.38242, 1.20147
0.657689, 2.29325, 0.7278, 3.15595, 3.78364, 1.48864, 1.9245, 2.02481, 0.204682, 0.813011, 3.39698, 4.18103, 2.16648, 2.50776, 3.4519, 4.00405, 0.344117, 1.35721, 4.97411, 0.293113, 4.75798, 4.57496, 0.585632, 4.86942, 0.951728, 2.92599, 0.673509, 0.0417318, 4.3839, 1.21799
0.657689, 2.29325, 0.721792, 3.15318, 3.77131, 1.47304, 1.9469, 2.0182, 0.206244, 0.819182, 3.39527, 4.17614, 2.16373, 2.49792, 3.45026, 3.97819, 0.343581, 1.35614, 4.95605, 0.272043, 4.75545, 4.55402, 0.588316, 4.87482, 0.937235, 2.93529, 0.663817, 0.0534369, 4.38532, 1.2346
0.657689, 2.29325, 0.715695, 3.15036, 3.759, 1.45737, 1.96935, 2.01153, 0.207746, 0.825421, 3.39351, 4.17129, 2.16102, 2.48797, 3.44861, 3.9523, 0.343155, 1.35515, 4.93785, 0.250903, 4.75298, 4.5331, 0.591019, 4.88016, 0.922827, 2.94449, 0.65419, 0.0650177, 4.38683, 1.2513
0.657689, 2.29325, 0.709599, 3.14761, 3.74669, 1.44173, 1.99173, 2.0048, 0.209188, 0.831688, 3.3917, 4.16642, 2.15822, 2.47818, 3.44692, 3.92644, 0.342665, 1.35425, 4.91975, 0.229754, 4.75052, 4.51221, 0.593741, 4.88546, 0.908416, 2.95371, 0.644613, 0.0765868, 4.38833, 1.26796
0.657689, 2.29325, 0.703452, 3.14493, 3.73431, 1.4261, 2.0142, 1.99814, 0.210726, 0.837953, 3.38992, 4.1616, 2.15548, 2.46845, 3.44514, 3.90061, 0.342208, 1.35327, 4.90157, 0.208543, 4.74797, 4.49131, 0.596527, 4.89076, 0.894046, 2.96294, 0.634973, 0.0882153, 4.38986, 1.28464
0.657689, 2.29325, 0.697303, 3.14225, 3.72202, 1.41052, 2.03667, 1.9914, 0.212333, 0.844263, 3.38818, 4.15674, 2.15281, 2.45872, 3.44348, 3.87473, 0.34176, 1.35233, 4.88343, 0.187278, 4.74539, 4.47047, 0.599246, 4.89615, 0.8797, 2.97224, 0.625342, 0.0998138, 4.39148, 1.30129
0.657689, 2.29325, 0.691167, 3.13953, 3.70973, 1.39498, 2.05912, 1.98475, 0.21389, 0.850565, 3.38638, 4.15182, 2.15005, 2.44895, 3.44175, 3.84891, 0.341291, 1.35137, 4.86527, 0.166063, 4.74284, 4.44957, 0.601976, 4.90157, 0.865355, 2.98146, 0.61574, 0.111388, 4.39311, 1.3179
0.657689, 2.29325, 0.685036, 3.13678, 3.69742, 1.37934, 2.08157, 1.9781, 0.215442, 0.856904, 3.38461, 4.147, 2.14726, 2.43914, 3.44007, 3.82303, 0.340788, 1.35043, 4.84715, 0.144899, 4.74033, 4.42869, 0.604625, 4.90694, 0.850928, 2.99069, 0.606157, 0.122972, 4.3947, 1.33454
0.657689, 2.29325, 0.678884, 3.13407, 3.68513, 1.36373, 2.10395, 1.9716, 0.217056, 0.86327, 3.38278, 4.14223, 2.14444, 2.42927, 3.43841, 3.79712, 0.340283, 1.3495, 4.82908, 0.123665, 4.73771, 4.40782, 0.607163, 4.91236, 0.836533, 2.99996, 0.596617, 0.134536, 4.39633, 1.35117
0.657689, 2.29325, 0.672746, 3.13135, 3.67288, 1.34819, 2.12633, 1.9651, 0.21869, 0.869593, 3.38092, 4.1375, 2.14166, 2.41947, 3.43676, 3.77129, 0.339738, 1.34852, 4.81099, 0.102501, 4.73517, 4.38693, 0.609806, 4.91776, 0.822192, 3.00913, 0.587055, 0.146024, 4.39801, 1.36786
0.657689, 2.29325, 0.666633, 3.12864, 3.66059, 1.33264, 2.14875, 1.95851, 0.220342, 0.875903, 3.37907, 4.13277, 2.13886, 2.40966, 3.4351, 3.74542, 0.339257, 1.34755, 4.79294, 0.0812732, 4.73259, 4.36605, 0.612437, 4.92315, 0.807865, 3.01832, 0.577473, 0.157553, 4.39964, 1.38452
0.657689, 2.29325, 0.660494, 3.12589, 3.64824, 1.31713, 2.17116, 1.952, 0.222091, 0.882237, 3.37726, 4.12803, 2.13603, 2.39989, 3.43346, 3.71957, 0.338711, 1.34658, 4.77492, 0.0600733, 4.73003, 4.34521, 0.615045, 4.9285, 0.793484, 3.02748, 0.567895, 0.169056, 4.40136, 1.40123
0.657689, 2.29325, 0.654345, 3.12318, 3.63586, 1.30164, 2.19364, 1.94548, 0.223803, 0.888546, 3.37541, 4.12321, 2.1332, 2.39015, 3.43179, 3.69364, 0.338097, 1.3456, 4.75689, 0.0388871, 4.72746, 4.32439, 0.617674, 4.93376, 0.779179, 3.03668, 0.558336, 0.180554, 4.40305, 1.4179
0.657689, 2.29325, 0.648216, 3.12052, 3.62352, 1.28618, 2.21607, 1.9389, 0.225518, 0.894821, 3.37358, 4.11831, 2.1304, 2.38044, 3.43013, 3.66777, 0.337576, 1.34462, 4.73883, 0.0177126, 4.72495, 4.30353, 0.620315, 4.93901, 0.764931, 3.04585, 0.548773, 0.192037, 4.40475, 1.43457
