0.107472
0.109548
0.111913
0.113287
0.114636
0.115959
0.117257
0.118531
0.119784
0.121015
0.122228
0.123424
0.124606
0.125778
0.126941
0.128103
0.12869
0.126416
0.127483
0.12855
0.129623
0.130711
0.131827
0.132992
0.133167
0.132565
0.133707
0.134745
0.133935
0.134566
0.135175
0.135765
0.136334
0.136884
0.137416
0.13793
0.137776
0.136538
0.137006
0.137459
0.137897
0.13832
0.138729
0.139124
0.139506
0.139876
0.140234
0.140579
0.140913
0.141237
0.141549
0.141852
0.142144
0.142125
0.141337
0.141604
0.141863
0.142113
0.142355
0.142589
0.142815
0.143035
0.143247
0.143452
0.143651
0.143718
0.143301
0.143485
0.143662
0.143834
0.144001
0.144162
0.144318
0.144469
0.144616
0.144743
0.144181
0.144314
0.144444
0.144569
0.144691
0.144809
0.144923
0.145033
0.14514
0.145244
0.145345
0.145442
0.145536
0.145628
0.145716
0.145744
0.14564
0.145721
0.145799
0.145875
0.145949
0.14602
0.145973
0.145801
