0.112252
0.113236
0.11426
0.115333
0.11647
0.117696
0.119057
0.120654
0.121413
0.122162
0.122903
0.123289
0.122327
0.123914
0.124631
0.125342
0.126046
0.126745
0.127438
0.128126
0.12881
0.129491
0.130169
0.130847
0.131525
0.132206
0.132891
0.133583
0.134288
0.135009
0.135755
0.136537
0.137376
0.137788
0.138188
0.138576
0.138952
0.139317
0.139671
0.140014
0.140347
0.14067
0.140983
0.141287
0.141581
0.141866
0.142143
0.142411
0.142462
0.142322
0.14257
0.14281
0.143042
0.143267
0.143485
0.143697
0.143902
0.144101
0.144293
0.14448
0.14466
0.144836
0.145005
0.14517
0.145329
0.145484
0.145634
0.145779
0.14592
0.146056
0.146188
0.146316
0.14644
0.14656
0.146677
0.14679
0.146899
0.147005
0.147108
0.147208
0.147304
0.147398
0.147489
0.147577
0.147662
0.147744
0.147825
0.147902
0.147977
0.14805
0.148121
0.14819
0.148256
0.148321
0.148383
0.148444
0.148502
0.148559
0.148614
0.148668
