0.440035
0.453925
0.466712
0.478054
0.487795
0.495946
0.502637
0.501775
0.483673
0.490771
0.496792
0.493113
0.431326
0.482184
0.487575
0.493203
0.498057
0.502225
0.505797
0.508858
0.511486
0.501918
0.498262
0.501275
0.503911
0.506219
0.508247
0.510034
0.511614
0.513018
0.51427
0.515392
0.516402
0.517316
0.517464
0.499031
0.51511
0.514194
0.506931
0.508478
0.509881
0.511157
0.51232
0.513383
0.514356
0.515251
0.516075
0.516837
0.517542
0.518197
0.518806
0.519375
0.519907
0.520405
0.520873
0.521314
0.521729
0.522122
0.522493
0.522748
0.518839
0.519231
0.519601
0.519952
0.520285
0.520601
0.520902
0.521189
0.521462
0.521722
0.521971
0.522209
0.522437
0.522655
0.522863
0.523064
0.523256
0.52344
0.523617
0.523787
0.523951
0.524108
0.52426
0.524405
0.524546
0.523188
0.522995
0.523133
0.523266
0.523393
0.523517
0.523635
0.52375
0.52386
0.523967
0.52407
0.524169
0.524265
0.524357
0.524447
