0.308075
0.344878
0.383782
0.168119
0.350706
0.257684
0.0936032
0.165261
0.319064
0.247576
0.0278472
0.0281198
0.0285986
0.0294272
0.0308419
0.0332271
0.0372028
0.0437631
0.0544992
0.0719659
0.100316
0.146486
0.222724
0.214762
0.28082
0.302538
0.364779
0.457226
0.437906
0.398242
0.08019
0.102345
0.133258
0.176374
0.23673
0.321603
0.300561
0.391337
0.38584
0.394683
0.453875
0.440669
0.471547
0.501347
0.51762
0.571249
0.591667
0.611675
0.602191
0.604217
0.631615
0.637858
0.640641
0.643416
0.646182
0.640344
0.647145
0.643042
0.645506
0.647955
0.650391
0.65281
0.655215
0.657603
0.655202
0.658638
0.659884
0.645544
0.662966
0.664345
0.660867
0.662848
0.66481
0.666754
0.668679
0.670586
0.672477
0.670788
0.669005
0.673345
0.675044
0.675752
0.677701
0.679331
0.677058
0.678274
0.679821
0.681358
0.681819
0.68203
0.675859
0.682402
0.683715
0.683783
0.68507
0.686302
0.687248
0.679
0.685983
0.685218
