0.0302751
0.0314173
0.0326831
0.0340844
0.0356343
0.0373468
0.0392373
0.0413225
0.0436203
0.0461501
0.0489331
0.051992
0.0553515
0.0590383
0.0630811
0.067511
0.0723617
0.0776695
0.0834736
0.0898165
0.0967441
0.104306
0.112556
0.121553
0.131359
0.142043
0.153681
0.166354
0.180151
0.19517
0.211519
0.229317
0.248695
0.269801
0.292802
0.317883
0.345261
0.375183
0.407941
0.413673
0.416059
0.418609
0.421335
0.418978
0.422905
0.425877
0.429045
0.432419
0.429948
0.434441
0.438108
0.442002
0.446137
0.440861
0.448709
0.453188
0.452848
0.436878
0.453513
0.458136
0.457959
0.461094
0.461397
0.464017
0.462882
0.466143
0.464973
0.467775
0.467893
0.468518
0.469363
0.469001
0.47104
0.471929
0.472744
0.474907
0.474474
0.477934
0.476232
0.474919
0.44941
0.476353
0.471379
0.477233
0.477504
0.478993
0.480356
0.480778
0.483245
0.482587
0.482949
0.484451
0.484361
0.487328
0.486205
0.489272
0.458332
0.482332
0.483537
0.487158
