1.60191
0.69108
1.20123
0.625188
0.99923
1.27235
0.510671
0.700144
1.11951
1.03112
1.32216
0.477225
0.600677
0.840617
1.34579
0.480582
0.589415
0.786146
1.16464
1.16737
1.18467
1.15622
1.26839
0.924953
1.36841
0.588679
0.730265
0.963235
1.38963
0.582931
0.702666
0.887852
1.19553
1.39722
0.651992
0.78658
0.989637
1.32767
1.06369
1.4458
1.45495
1.45568
1.46493
1.46504
1.47437
1.4739
1.48328
1.48227
1.4917
1.49019
1.49963
1.49768
1.50711
1.50475
1.51415
1.51143
1.52079
1.51773
1.52703
1.52369
1.5329
1.52931
1.53843
1.53461
1.54362
1.53961
1.54851
1.54432
1.5531
1.54877
1.55742
1.55296
1.56148
1.5569
1.56529
1.56062
1.56888
1.56413
1.57225
1.56743
1.57542
1.57053
1.5784
1.57346
1.58121
1.57622
1.58384
1.57881
1.58631
1.58125
1.58864
1.58355
1.59083
1.58572
1.59289
1.58775
1.59482
1.58967
1.59664
1.59148
