1.46352
1.07673
0.787558
1.06226
0.92754
1.41434
1.15148
1.36515
1.20135
1.34209
1.24105
1.33138
1.2724
1.32868
1.29677
1.33127
1.31576
1.33704
1.33088
1.34448
1.34335
1.35257
1.35399
1.36073
1.36332
1.3686
1.37166
1.37605
1.37921
1.38301
1.38609
1.38946
1.39239
1.39542
1.39817
1.40092
1.40347
1.40599
1.40835
1.41066
1.41284
1.41496
1.41698
1.41893
1.42079
1.42259
1.42431
1.42597
1.42756
1.42909
1.43056
1.43197
1.43333
1.43464
1.4359
1.43711
1.43828
1.4394
1.44048
1.44152
1.44253
1.44349
1.44442
1.44532
1.44619
1.44702
1.44782
1.4486
1.44935
1.45007
1.45076
1.45143
1.45208
1.45271
1.45331
1.45389
1.45446
1.455
1.45553
1.45603
1.45652
1.457
1.45745
1.4579
1.45832
1.45874
1.45913
1.45952
1.45989
1.46025
1.4606
1.46094
1.46127
1.46158
1.46189
1.46218
1.46247
1.46275
1.46301
1.46327
