0.55311
0.496807
0.457776
0.561127
0.530125
0.607668
0.684506
0.600409
0.669484
0.681416
0.691986
0.577316
0.690655
0.707404
0.664984
0.627354
0.702056
0.72437
0.686291
0.731173
0.714061
0.717484
0.733647
0.74334
0.70337
0.711578
0.724662
0.734689
0.737523
0.746245
0.736171
0.740174
0.735273
0.734007
0.745592
0.756096
0.747636
0.746878
0.722004
0.749774
0.752469
0.755069
0.76144
0.758365
0.745161
0.751091
0.750568
0.755627
0.760902
0.766022
0.766334
0.753655
0.737067
0.757602
0.762002
0.765294
0.76557
0.768432
0.753344
0.758743
0.762428
0.762564
0.765425
0.769038
0.770337
0.762513
0.762522
0.762738
0.765813
0.768812
0.771795
0.768469
0.763429
0.765529
0.766788
0.769331
0.77022
0.764984
0.769196
0.771293
0.770951
0.768887
0.769215
0.770843
0.769399
0.77098
0.770901
0.772623
0.774316
0.771588
0.770316
0.770309
0.771209
0.772676
0.774116
0.775476
0.773572
0.768372
0.771653
0.772876
