0.840089
0.866623
0.897338
0.932946
0.974351
1.02276
1.07986
1.14822
1.23224
1.27713
1.29569
1.41617
1.52767
1.44548
1.61585
1.59799
1.6903
1.66394
1.7435
1.69503
1.72477
1.73265
1.72056
1.74885
1.74849
1.72825
1.71284
1.66246
1.68711
1.69302
1.73304
1.71825
1.76515
1.7497
1.75323
1.74984
1.77372
1.75767
1.76017
1.76228
1.74039
1.74705
1.73375
1.75539
1.74688
1.75209
1.74267
1.76013
1.74939
1.76021
1.76047
1.75139
1.76593
1.76256
1.76712
1.75636
1.77208
1.76083
1.77304
1.76851
1.76578
1.77218
1.77488
1.77536
1.76756
1.78138
1.76985
1.78057
1.77494
1.77597
1.77745
1.78319
1.77966
1.77613
1.77826
1.7654
1.77745
1.76888
1.77512
1.77264
1.77352
1.77458
1.77792
1.77752
1.77054
1.7792
1.77553
1.78017
1.77558
1.77897
1.77698
1.78228
1.77953
1.77677
1.78073
1.78016
1.78182
1.78015
1.78264
1.77929
