0.506413
0.523369
0.505924
0.397924
0.46208
0.482935
0.474396
0.40268
0.397534
0.437785
0.45226
0.467104
0.476076
0.436809
0.449684
0.463132
0.478228
0.488681
0.498635
0.508105
0.517117
0.525713
0.519243
0.503822
0.511694
0.519182
0.514998
0.498652
0.506325
0.513662
0.513215
0.491714
0.498274
0.504542
0.510532
0.516259
0.521738
0.526987
0.532023
0.536862
0.530375
0.518926
0.523232
0.527361
0.531327
0.53514
0.538814
0.54236
0.545787
0.549107
0.552329
0.555463
0.558517
0.555683
0.549589
0.55241
0.555158
0.55784
0.560462
0.563032
0.56258
0.54946
0.546668
0.549058
0.55138
0.55364
0.555841
0.557987
0.560083
0.554009
0.554133
0.556054
0.557928
0.559759
0.561549
0.563301
0.562095
0.558554
0.560161
0.561733
0.563273
0.564783
0.566264
0.567719
0.56305
0.564105
0.565443
0.566756
0.568048
0.569319
0.570472
0.56636
0.567531
0.568682
0.569816
0.570934
0.572038
0.57267
0.569732
0.570752
