1.54369
0.663208
1.16461
0.618393
1.01564
1.09592
0.890532
1.50339
0.822452
1.43065
0.919422
1.52436
0.882958
1.49666
0.941408
1.55829
0.928604
1.52603
0.988085
1.527
1.02058
1.48765
1.08745
1.35716
0.490458
0.588405
0.744588
1.00562
1.50537
1.17506
1.26437
0.997909
1.4283
1.30346
0.919746
1.24001
1.19263
1.35367
0.794536
0.994932
1.32368
0.995513
1.30393
1.11629
1.51287
1.34648
1.00512
1.27377
1.31312
1.19964
1.53936
1.36942
1.02326
1.25524
1.45727
1.48004
1.46344
1.4867
1.46929
1.49295
1.47483
1.49883
1.48007
1.50434
1.48503
1.50951
1.48973
1.51436
1.49417
1.51891
1.49837
1.52318
1.50235
1.52718
1.5061
1.53093
1.50965
1.53445
1.51301
1.53775
1.51617
1.54085
1.51916
1.54375
1.52199
1.54648
1.52465
1.54903
1.52717
1.55143
1.52954
1.55369
1.53177
1.5558
1.53388
1.55778
1.53587
1.55965
1.53775
1.5614
