0.381573
0.502971
0.506551
0.671254
0.426707
0.561376
0.441649
0.522156
0.418969
0.605676
0.563723
0.711343
0.671604
0.673635
0.790669
0.780294
0.727129
0.800745
0.798452
0.820431
0.807351
0.819475
0.797674
0.86417
0.816333
0.714781
0.713922
0.644603
0.677847
0.692028
0.707349
0.705407
0.711171
0.748685
0.779423
0.852038
0.810052
0.793694
0.818622
0.808208
0.822387
0.833382
0.848446
0.811787
0.820673
0.862864
0.865584
0.871738
0.855163
0.856345
0.872891
0.878732
0.865987
0.874482
0.876535
0.882078
0.887641
0.879432
0.808267
0.853982
0.816777
0.830277
0.8335
0.85654
0.862
0.856849
0.85589
0.852987
0.868661
0.874944
0.878294
0.876896
0.880115
0.88349
0.87946
0.867858
0.871959
0.861806
0.875887
0.87482
0.877209
0.879696
0.882225
0.881234
0.863
0.878108
0.879342
0.880502
0.880472
0.882539
0.884619
0.886712
0.887481
0.876686
0.878806
0.885068
0.886876
0.888684
0.890012
0.889678
