0.135673
0.14506
0.156393
0.157502
0.158617
0.159739
0.160478
0.15921
0.160361
0.161521
0.162694
0.162826
0.159365
0.160469
0.16158
0.162701
0.16383
0.164969
0.16612
0.167282
0.168457
0.169647
0.170853
0.172079
0.173327
0.1746
0.175904
0.176666
0.175584
0.174618
0.173035
0.174322
0.175639
0.176457
0.177083
0.178389
0.179733
0.180137
0.170719
0.179559
0.180929
0.181697
0.182206
0.183675
0.18527
0.185019
0.183027
0.185472
0.186484
0.187497
0.187766
0.188135
0.188156
0.187867
0.188834
0.189553
0.189422
0.190321
0.191219
0.192116
0.193011
0.193906
0.193592
0.190223
0.193266
0.194118
0.194969
0.195694
0.195255
0.196047
0.196836
0.197624
0.198409
0.199193
0.199976
0.199652
0.191752
0.199311
0.200056
0.2008
0.201543
0.201493
0.201597
0.202291
0.202982
0.20283
0.202978
0.203529
0.203017
0.203675
0.204331
0.204986
0.205639
0.206293
0.206946
0.207599
0.207095
0.205058
0.206973
0.207596
