0.407698
0.468531
0.488425
0.505937
0.489008
0.467585
0.486818
0.502566
0.528014
0.539274
0.550147
0.548159
0.508711
0.517515
0.526011
0.534121
0.541794
0.549003
0.555743
0.56203
0.567895
0.573379
0.568769
0.562776
0.567927
0.572779
0.577372
0.581748
0.585951
0.590027
0.594022
0.595373
0.585607
0.567632
0.572785
0.576029
0.564825
0.569622
0.574352
0.579059
0.583799
0.587092
0.588147
0.585652
0.582285
0.586568
0.590995
0.595702
0.600964
0.592807
0.596886
0.602645
0.604563
0.597942
0.60074
0.603417
0.600664
0.596282
0.598735
0.601088
0.603343
0.605504
0.607576
0.609562
0.611465
0.610145
0.605667
0.607421
0.609106
0.610724
0.612277
0.612692
0.610049
0.611544
0.612981
0.61123
0.608547
0.60987
0.611143
0.612369
0.613549
0.614684
0.615778
0.61683
0.615985
0.609693
0.613447
0.614391
0.615302
0.61618
0.617027
0.617844
0.61847
0.615176
0.615926
0.616651
0.61735
0.617897
0.616454
0.617107
