2.77573
1.94677
1.97238
1.87714
2.41141
2.25048
2.43251
2.29202
2.44752
2.33509
2.45982
2.37688
2.47193
2.41544
2.48516
2.44986
2.49983
2.48007
2.51565
2.50648
2.53209
2.52969
2.5486
2.55028
2.56476
2.56874
2.58029
2.58543
2.59501
2.60064
2.60883
2.61456
2.62173
2.62734
2.63374
2.6391
2.64488
2.64995
2.6552
2.65995
2.66477
2.6692
2.67362
2.67774
2.68182
2.68565
2.68941
2.69297
2.69644
2.69974
2.70295
2.70602
2.709
2.71184
2.7146
2.71724
2.7198
2.72226
2.72464
2.72692
2.72913
2.73125
2.7333
2.73528
2.73718
2.73902
2.7408
2.74251
2.74417
2.74576
2.7473
2.74879
2.75023
2.75161
2.75296
2.75425
2.7555
2.75671
2.75788
2.759
2.7601
2.76115
2.76217
2.76315
2.76411
2.76503
2.76592
2.76678
2.76761
2.76842
2.7692
2.76995
2.77068
2.77139
2.77207
2.77273
2.77337
2.77399
2.77459
2.77517
