2.79395
1.97105
1.93335
2.18793
2.48029
2.23179
2.49155
2.28148
2.49643
2.33251
2.49993
2.38116
2.50516
2.4251
2.51345
2.46339
2.5248
2.49617
2.5385
2.52418
2.55364
2.54833
2.56938
2.56944
2.58509
2.58817
2.60034
2.60498
2.61487
2.62022
2.62856
2.63412
2.64137
2.64686
2.65329
2.65857
2.66435
2.66936
2.6746
2.6793
2.68409
2.68848
2.69288
2.69697
2.70101
2.70481
2.70853
2.71206
2.7155
2.71878
2.72196
2.725
2.72795
2.73077
2.7335
2.73612
2.73865
2.74108
2.74344
2.7457
2.74788
2.74998
2.75201
2.75396
2.75585
2.75767
2.75943
2.76112
2.76276
2.76434
2.76586
2.76733
2.76875
2.77012
2.77145
2.77273
2.77396
2.77516
2.77631
2.77743
2.7785
2.77955
2.78055
2.78153
2.78247
2.78338
2.78426
2.78511
2.78593
2.78673
2.7875
2.78824
2.78896
2.78966
2.79033
2.79099
2.79162
2.79223
2.79282
2.7934
