3.70187
3.41082
3.39082
3.42065
3.43509
3.45265
3.46812
3.48293
3.49673
3.50965
3.5217
3.53294
3.5434
3.55313
3.56218
3.57059
3.57841
3.58568
3.59245
3.59874
3.6046
3.61006
3.61515
3.61991
3.62435
3.6285
3.63238
3.63602
3.63943
3.64263
3.64564
3.64847
3.65113
3.65364
3.65601
3.65824
3.66035
3.66234
3.66423
3.66602
3.66771
3.66932
3.67084
3.67229
3.67367
3.67498
3.67622
3.67741
3.67854
3.67962
3.68065
3.68163
3.68257
3.68346
3.68432
3.68514
3.68592
3.68667
3.68739
3.68808
3.68874
3.68937
3.68998
3.69056
3.69112
3.69165
3.69217
3.69267
3.69314
3.6936
3.69404
3.69446
3.69487
3.69526
3.69564
3.696
3.69635
3.69669
3.69701
3.69733
3.69763
3.69792
3.6982
3.69847
3.69873
3.69898
3.69923
3.69946
3.69969
3.69991
3.70012
3.70032
3.70052
3.70071
3.70089
3.70107
3.70124
3.70141
3.70157
3.70172
