0.540257
0.103838
0.13329
0.199532
0.352023
0.499356
0.188121
0.30948
0.588033
0.089678
0.0977873
0.112776
0.140369
0.191349
0.287311
0.478428
0.325341
0.545798
0.19422
0.276255
0.425555
0.492999
0.349956
0.553671
0.224457
0.310954
0.45969
0.470476
0.455149
0.496937
0.412574
0.601079
0.163935
0.199229
0.24978
0.323757
0.437314
0.591345
0.234899
0.292706
0.375497
0.502316
0.491985
0.520094
0.46699
0.581384
0.327177
0.407368
0.526214
0.48594
0.57236
0.389079
0.483983
0.590881
0.357309
0.430114
0.533394
0.516222
0.554794
0.481521
0.601601
0.371543
0.434211
0.518561
0.576614
0.463561
0.55337
0.523768
0.582815
0.469175
0.550809
0.545301
0.559261
0.536972
0.58094
0.500858
0.582074
0.506627
0.585654
0.506885
0.581239
0.52354
0.60124
0.487606
0.546041
0.597978
0.506327
0.565888
0.573329
0.563299
0.582697
0.552207
0.604733
0.51514
0.565792
0.590202
0.551886
0.611537
0.515684
0.559216
