3.99602
3.99168
3.98839
3.98731
3.98765
3.98854
3.9895
3.99036
3.99107
3.99166
3.99214
3.99255
3.99289
3.99318
3.99344
3.99366
3.99385
3.99402
3.99417
3.99431
3.99443
3.99454
3.99464
3.99473
3.99481
3.99489
3.99495
3.99502
3.99508
3.99513
3.99518
3.99523
3.99527
3.99531
3.99535
3.99538
3.99542
3.99545
3.99548
3.9955
3.99553
3.99555
3.99558
3.9956
3.99562
3.99564
3.99566
3.99567
3.99569
3.99571
3.99572
3.99574
3.99575
3.99576
3.99577
3.99579
3.9958
3.99581
3.99582
3.99583
3.99584
3.99585
3.99585
3.99586
3.99587
3.99588
3.99589
3.99589
3.9959
3.99591
3.99591
3.99592
3.99592
3.99593
3.99593
3.99594
3.99594
3.99595
3.99595
3.99596
3.99596
3.99597
3.99597
3.99597
3.99598
3.99598
3.99598
3.99599
3.99599
3.99599
3.996
3.996
3.996
3.996
3.99601
3.99601
3.99601
3.99601
3.99602
3.99602
