0.190281
0.216744
0.243602
0.250356
0.285009
0.286521
0.277748
0.304781
0.30939
0.318458
0.327606
0.329915
0.324716
0.344007
0.344777
0.357068
0.353208
0.3684
0.356099
0.381217
0.367342
0.390197
0.380205
0.405132
0.389695
0.382778
0.405648
0.404904
0.384615
0.405544
0.411273
0.413582
0.405784
0.40871
0.409609
0.414802
0.420104
0.422488
0.416609
0.421213
0.42355
0.401638
0.416543
0.420843
0.42523
0.429659
0.429602
0.430576
0.417669
0.429409
0.429742
0.432275
0.436075
0.437187
0.435433
0.436981
0.436047
0.439936
0.441377
0.424178
0.433469
0.439777
0.442325
0.441544
0.439384
0.442092
0.44291
0.443622
0.443072
0.444901
0.437255
0.443561
0.44385
0.443586
0.443194
0.444097
0.445641
0.444513
0.444836
0.44668
0.44683
0.447821
0.447652
0.448153
0.447134
0.447631
0.448429
0.447666
0.444852
0.447582
0.448226
0.447473
0.448086
0.449319
0.44899
0.447272
0.448304
0.448552
0.449564
0.44933
