0.0508425
0.0529255
0.055196
0.0576636
0.0603381
0.0632289
0.0663457
0.0696975
0.0732935
0.0771424
0.081253
0.0856335
0.0902919
0.095236
0.100473
0.106011
0.111857
0.118017
0.124497
0.131305
0.138446
0.145927
0.153754
0.161932
0.170469
0.179371
0.188644
0.198296
0.208336
0.218771
0.229611
0.240868
0.252554
0.264684
0.277274
0.290344
0.303918
0.318023
0.332694
0.34797
0.361136
0.341747
0.356327
0.371476
0.387248
0.40371
0.411937
0.397895
0.413723
0.430255
0.447593
0.461784
0.442854
0.459728
0.47751
0.496389
0.508787
0.494269
0.513204
0.533634
0.556063
0.55142
0.560085
0.584816
0.59829
0.591433
0.593988
0.596452
0.578559
0.602209
0.599294
0.610213
0.604722
0.619431
0.608037
0.617646
0.613171
0.604297
0.621049
0.611769
0.627976
0.6136
0.631625
0.619269
0.63424
0.625651
0.630395
0.63102
0.61985
0.637176
0.625091
0.638533
0.630959
0.635865
0.63802
0.639017
0.6385
0.639708
0.640628
0.640912
