1.39698
0.985527
0.966675
1.09397
1.24014
1.11589
1.24578
1.14074
1.24821
1.16625
1.24996
1.19058
1.25258
1.21255
1.25673
1.23169
1.2624
1.24809
1.26925
1.26209
1.27682
1.27417
1.28469
1.28472
1.29255
1.29408
1.30017
1.30249
1.30744
1.31011
1.31428
1.31706
1.32068
1.32343
1.32664
1.32929
1.33217
1.33468
1.3373
1.33965
1.34205
1.34424
1.34644
1.34848
1.3505
1.3524
1.35427
1.35603
1.35775
1.35939
1.36098
1.3625
1.36397
1.36538
1.36675
1.36806
1.36933
1.37054
1.37172
1.37285
1.37394
1.37499
1.37601
1.37698
1.37793
1.37884
1.37971
1.38056
1.38138
1.38217
1.38293
1.38367
1.38438
1.38506
1.38572
1.38636
1.38698
1.38758
1.38816
1.38871
1.38925
1.38977
1.39028
1.39076
1.39123
1.39169
1.39213
1.39255
1.39297
1.39336
1.39375
1.39412
1.39448
1.39483
1.39517
1.39549
1.39581
1.39612
1.39641
1.3967
