2.14953
2.29088
2.31519
2.33421
2.3479
2.35872
2.36631
2.37252
2.37677
2.38046
2.38293
2.38526
2.38677
2.38835
2.38936
2.39053
2.39127
2.39219
2.39279
2.39357
2.39409
2.39478
2.39525
2.39589
2.39633
2.39692
2.39735
2.39791
2.39833
2.39887
2.39928
2.3998
2.4002
2.4007
2.4011
2.40158
2.40197
2.40244
2.40282
2.40328
2.40366
2.4041
2.40448
2.4049
2.40527
2.40569
2.40605
2.40646
2.40682
2.40721
2.40756
2.40795
2.4083
2.40867
2.40901
2.40938
2.40971
2.41007
2.4104
2.41074
2.41107
2.41141
2.41172
2.41206
2.41236
2.41269
2.41299
2.41331
2.41361
2.41392
2.41421
2.41451
2.4148
2.4151
2.41538
2.41567
2.41594
2.41623
2.4165
2.41677
2.41704
2.41731
2.41757
2.41783
2.41809
2.41834
2.41859
2.41885
2.41909
2.41934
2.41958
2.41982
2.42005
2.42029
2.42052
2.42075
2.42098
2.42121
2.42143
2.42165
2.42186
2.42208
2.42229
2.42251
2.42271
2.42292
2.42312
2.42333
2.42353
2.42373
2.42392
2.42412
2.42431
2.4245
2.42469
2.42487
2.42506
2.42524
2.42542
2.4256
2.42577
2.42595
2.42612
2.42629
2.42646
2.42663
2.4268
2.42696
2.42712
2.42728
2.42744
2.4276
2.42776
2.42791
2.42806
2.42822
2.42836
2.42851
2.42866
2.4288
2.42895
2.42909
2.42923
2.42937
2.42951
2.42964
2.42978
2.42991
2.43004
2.43017
