1.02932, 1.31794, 2.11482, 2.07842, 1.13161, 1.41454, 1.00986, 1.3034
1.07778, 1.29159, 2.11533, 2.03094, 1.17959, 1.38114, 1.058, 1.2783
1.12921, 1.26362, 2.11586, 1.98188, 1.23121, 1.34519, 1.10893, 1.25175
1.18481, 1.23339, 2.11641, 1.93077, 1.28817, 1.30553, 1.16371, 1.22319
1.24662, 1.19978, 2.11699, 1.87699, 1.35373, 1.25988, 1.22415, 1.19169
1.31874, 1.16056, 2.11761, 1.81957, 1.43584, 1.20271, 1.29367, 1.15544
1.4119, 1.10991, 2.11828, 1.75697, 1.56655, 1.11169, 1.38061, 1.11012
1.58014, 1.01843, 2.11904, 1.6864, 1.62167, 1.07331, 1.51827, 1.03836
1.63663, 0.987709, 2.11995, 1.60184, 1.67432, 1.03665, 1.57606, 1.00823
1.6886, 1.06491, 2.2435, 1.8086, 1.72854, 1.11758, 1.62985, 1.08272
1.73469, 1.02881, 2.23766, 1.75286, 1.77023, 1.07621, 1.67866, 1.04725
1.7773, 0.995457, 2.23118, 1.69097, 1.80882, 1.03792, 1.72452, 1.01393
1.81611, 0.965072, 2.22363, 1.61892, 1.84401, 1.003, 1.76694, 0.983109
1.85797, 1.04142, 2.33536, 1.84487, 1.88716, 1.08236, 1.81072, 1.05772
1.88678, 1.00729, 2.32729, 1.8008, 1.91253, 1.04439, 1.84325, 1.02322
1.91265, 0.976627, 2.31871, 1.75389, 1.93542, 1.01014, 1.87279, 0.991891
1.84333, 1.02331, 2.27345, 1.87544, 1.86742, 1.05663, 1.79941, 1.03936
1.87112, 0.993825, 2.26859, 1.83644, 1.89267, 1.02418, 1.8303, 1.00945
1.89626, 0.967158, 2.2635, 1.79559, 1.91555, 0.99476, 1.8585, 0.982137
1.91885, 0.943186, 2.25811, 1.75229, 1.93615, 0.968268, 1.88406, 0.957383
1.85846, 0.984343, 2.20492, 1.85143, 1.87659, 1.00922, 1.82072, 0.999145
1.88248, 0.960884, 2.20247, 1.81461, 1.89891, 0.983669, 1.84728, 0.975104
1.90425, 0.939636, 2.19989, 1.77603, 1.91915, 0.960498, 1.87151, 0.953173
1.8482, 0.977413, 2.13172, 1.87515, 1.8638, 0.998087, 1.81277, 0.991497
1.87091, 0.956605, 2.13166, 1.84285, 1.8852, 0.975668, 1.83762, 0.970172
1.89162, 0.937629, 2.13159, 1.80944, 1.90472, 0.95521, 1.86042, 0.950603
1.91046, 0.920374, 2.13152, 1.77462, 1.92249, 0.936597, 1.88127, 0.932712
1.93488, 0.971855, 2.26059, 1.954, 1.94717, 0.988937, 1.90658, 0.983685
1.94941, 0.953019, 2.25798, 1.92948, 1.96073, 0.968911, 1.92293, 0.964316
1.96265, 0.935866, 2.25535, 1.90473, 1.97309, 0.950657, 1.93788, 0.946611
1.92029, 0.965728, 2.17622, 1.95343, 1.93103, 0.980445, 1.89427, 0.976751
1.93451, 0.949003, 2.17536, 1.93071, 1.94448, 0.962774, 1.90999, 0.959573
1.94755, 0.933674, 2.17449, 1.90783, 1.95682, 0.946568, 1.92444, 0.943778
1.90829, 0.96107, 2.19518, 1.99257, 1.91782, 0.973895, 1.88406, 0.971419
1.92198, 0.946138, 2.19417, 1.97308, 1.93089, 0.958204, 1.89899, 0.9561
1.93459, 0.932374, 2.19317, 1.9536, 1.94294, 0.943735, 1.9128, 0.94194
1.94621, 0.919695, 2.19216, 1.93413, 1.95404, 0.930402, 1.92555, 0.928863
1.91153, 0.943948, 2.16726, 1.95435, 1.91955, 0.954597, 1.88998, 0.953311
1.92358, 0.93155, 2.1667, 1.936, 1.93114, 0.941629, 1.90304, 0.940577
1.93474, 0.92007, 2.16614, 1.91766, 1.94188, 0.929618, 1.91515, 0.92876
1.94507, 0.90944, 2.16558, 1.89931, 1.95182, 0.918495, 1.92639, 0.917796
1.91441, 0.930915, 2.17563, 1.95813, 1.92131, 0.939921, 1.89503, 0.939428
1.92501, 0.920506, 2.17503, 1.94199, 1.93156, 0.929079, 1.90644, 0.928733
1.93487, 0.910823, 2.17443, 1.92593, 1.94109, 0.918991, 1.91708, 0.918766
1.90657, 0.930499, 2.15435, 1.94228, 1.91292, 0.938624, 1.88813, 0.938582
1.91656, 0.921048, 2.15404, 1.92716, 1.92262, 0.928816, 1.89882, 0.928886
1.9259, 0.91222, 2.15373, 1.91211, 1.93169, 0.919652, 1.90883, 0.919815
1.93462, 0.903971, 2.15343, 1.89713, 1.94016, 0.91109, 1.91818, 0.911328
1.90961, 0.921391, 2.15881, 1.94052, 1.91524, 0.928474, 1.89265, 0.928863
1.91838, 0.913345, 2.15849, 1.92709, 1.92379, 0.92015, 1.90199, 0.920608
1.9266, 0.9058, 2.15817, 1.91377, 1.9318, 0.912342, 1.91077, 0.912858
1.90355, 0.921749, 2.16865, 1.95898, 1.90884, 0.92826, 1.88725, 0.92891
1.91176, 0.914413, 2.16828, 1.94709, 1.91685, 0.92069, 1.89595, 0.921395
1.91948, 0.907511, 2.1679, 1.93534, 1.92439, 0.913568, 1.90415, 0.914316
1.92674, 0.901015, 2.16754, 1.92371, 1.93148, 0.906864, 1.91187, 0.907646
1.90636, 0.915134, 2.15319, 1.9354, 1.91118, 0.920956, 1.8911, 0.921851
1.91356, 0.908828, 2.15298, 1.92445, 1.91822, 0.914464, 1.89872, 0.915391
1.92036, 0.902875, 2.15276, 1.91363, 1.92487, 0.908335, 1.90592, 0.909288
1.92678, 0.897255, 2.15256, 1.90295, 1.93115, 0.902547, 1.91272, 0.90352
1.90876, 0.909754, 2.15746, 1.93483, 1.91319, 0.915025, 1.89438, 0.916092
1.91508, 0.904308, 2.15724, 1.92514, 1.91939, 0.909428, 1.90105, 0.910514
1.92107, 0.899152, 2.15702, 1.91558, 1.92526, 0.90413, 1.90738, 0.905231
1.92674, 0.894269, 2.1568, 1.90615, 1.93081, 0.899112, 1.91337, 0.900223
1.91081, 0.905335, 2.16225, 1.93574, 1.91493, 0.91016, 1.89716, 0.911349
1.91637, 0.900614, 2.16202, 1.92717, 1.92038, 0.905316, 1.90302, 0.906516
1.92165, 0.896132, 2.1618, 1.91874, 1.92556, 0.900718, 1.90859, 0.901925
1.90701, 0.906253, 2.17007, 1.94921, 1.91097, 0.910822, 1.8937, 0.9121
1.91216, 0.901931, 2.16982, 1.94156, 1.91603, 0.906395, 1.89912, 0.90768
1.91706, 0.897821, 2.16957, 1.93405, 1.92085, 0.902183, 1.90427, 0.903474
1.90598, 0.916711, 2.16214, 1.89761, 1.90981, 0.921186, 1.89309, 0.922438
1.91068, 0.912565, 2.16192, 1.88999, 1.91443, 0.916946, 1.89803, 0.918206
1.91516, 0.908613, 2.16172, 1.88249, 1.91884, 0.912904, 1.90273, 0.91417
1.91944, 0.904845, 2.16151, 1.87511, 1.92304, 0.909051, 1.90722, 0.910321
1.90755, 0.913029, 2.16206, 1.89407, 1.91119, 0.917223, 1.89515, 0.918546
1.9117, 0.909418, 2.16187, 1.88727, 1.91526, 0.913535, 1.89949, 0.914862
1.91565, 0.905971, 2.16169, 1.8806, 1.91916, 0.910012, 1.90364, 0.911342
1.90475, 0.913452, 2.16272, 1.8984, 1.90829, 0.917483, 1.89256, 0.918861
1.90858, 0.910155, 2.16255, 1.89224, 1.91205, 0.914117, 1.89656, 0.915497
1.91224, 0.907001, 2.16238, 1.88621, 1.91565, 0.910898, 1.90039, 0.91228
1.91574, 0.903985, 2.16221, 1.88029, 1.9191, 0.907818, 1.90405, 0.909201
1.90609, 0.910607, 2.16312, 1.89606, 1.90948, 0.914432, 1.89426, 0.915856
1.90946, 0.907726, 2.16297, 1.8906, 1.9128, 0.911493, 1.89778, 0.912917
1.91269, 0.904966, 2.16281, 1.88524, 1.91598, 0.908678, 1.90116, 0.910102
1.91579, 0.902322, 2.16266, 1.87999, 1.91903, 0.905981, 1.9044, 0.907404
1.90726, 0.908185, 2.16347, 1.89397, 1.91052, 0.911836, 1.89573, 0.913295
1.91023, 0.905663, 2.16333, 1.88911, 1.91345, 0.909265, 1.89884, 0.910723
1.91308, 0.903244, 2.16319, 1.88435, 1.91626, 0.906799, 1.90182, 0.908255
1.90527, 0.908601, 2.16427, 1.89744, 1.90847, 0.912149, 1.89389, 0.913638
1.908, 0.906297, 2.16414, 1.89303, 1.91116, 0.909801, 1.89674, 0.911289
1.91063, 0.904084, 2.16401, 1.88873, 1.91375, 0.907546, 1.89948, 0.909033
1.91315, 0.901959, 2.16388, 1.88451, 1.91624, 0.905381, 1.90211, 0.906866
1.90624, 0.906702, 2.16487, 1.89616, 1.90934, 0.910118, 1.8951, 0.91163
1.90865, 0.90468, 2.16476, 1.89225, 1.91172, 0.908059, 1.89761, 0.90957
1.91097, 0.902736, 2.16464, 1.88843, 1.91401, 0.906079, 1.90003, 0.907588
1.9132, 0.900868, 2.16453, 1.8847, 1.91621, 0.904177, 1.90236, 0.905683
1.90708, 0.905066, 2.16544, 1.89505, 1.91011, 0.90837, 1.89615, 0.9099
1.90921, 0.90329, 2.16533, 1.89159, 1.91221, 0.906562, 1.89837, 0.90809
1.91126, 0.901581, 2.16523, 1.8882, 1.91423, 0.904822, 1.90051, 0.906348
1.91324, 0.899936, 2.16513, 1.88489, 1.91618, 0.903148, 1.90257, 0.904671
1.90782, 0.903653, 2.16596, 1.89411, 1.91078, 0.90686, 1.89708, 0.908405
