3.68847
3.38586
3.37207
3.40092
3.41555
3.43322
3.44879
3.46374
3.47768
3.49076
3.50298
3.51439
3.52503
3.53495
3.54418
3.55277
3.56077
3.56822
3.57516
3.58162
3.58764
3.59326
3.5985
3.6034
3.60798
3.61226
3.61627
3.62003
3.62356
3.62688
3.62999
3.63292
3.63568
3.63828
3.64073
3.64305
3.64524
3.64731
3.64927
3.65112
3.65288
3.65455
3.65614
3.65764
3.65907
3.66044
3.66173
3.66297
3.66414
3.66527
3.66634
3.66736
3.66834
3.66927
3.67016
3.67101
3.67183
3.67261
3.67336
3.67408
3.67476
3.67542
3.67606
3.67666
3.67725
3.67781
3.67834
3.67886
3.67936
3.67983
3.68029
3.68073
3.68116
3.68157
3.68196
3.68234
3.68271
3.68306
3.6834
3.68372
3.68404
3.68434
3.68463
3.68492
3.68519
3.68545
3.6857
3.68595
3.68619
3.68641
3.68663
3.68685
3.68705
3.68725
3.68744
3.68763
3.68781
3.68798
3.68815
3.68831
