1.77616
1.88444
2.02692
2.23803
2.73865
2.84744
2.90176
2.85442
2.8976
2.86002
2.8945
2.86456
2.89224
2.86829
2.8906
2.87139
2.88947
2.87399
2.88871
2.87621
2.88825
2.87813
2.88802
2.8798
2.88797
2.88127
2.88806
2.88259
2.88825
2.88378
2.88853
2.88487
2.88887
2.88587
2.88926
2.88679
2.88968
2.88766
2.89013
2.88847
2.8906
2.88924
2.89108
2.88997
2.89157
2.89066
2.89207
2.89133
2.89257
2.89197
2.89307
2.89259
2.89356
2.89318
2.89405
2.89375
2.89454
2.89431
2.89502
2.89485
2.8955
2.89537
2.89596
2.89588
