0.11247
0.295285
0.31832
0.302406
0.285408
0.47605
0.446399
0.476769
0.5147
0.535955
0.52634
0.471897
0.530101
0.557687
0.561047
0.527666
0.554179
0.573388
0.591076
0.570266
0.533948
0.580598
0.59533
0.600864
0.533274
0.54501
0.585527
0.58981
0.569527
0.584961
0.597975
0.606901
0.6132
0.549871
0.594496
0.606734
0.61411
0.614004
0.557201
0.602291
0.614178
0.619833
0.563862
0.603184
0.609009
0.614511
0.619702
0.613557
0.567655
0.610889
0.615512
0.617574
0.585479
0.607282
0.61283
0.611208
0.603013
0.600999
0.605612
0.609171
0.612567
0.609454
0.605802
0.610769
0.613708
0.616518
0.618941
0.600681
0.61124
0.615918
0.618332
0.620643
0.618819
0.597224
0.616123
0.618184
0.620161
0.621465
0.620096
0.618888
0.610239
0.616149
0.617815
0.619417
0.620957
0.619585
0.618923
0.620309
0.621643
0.620372
0.621611
0.617581
0.613644
0.618927
0.620046
0.621125
0.622165
0.618621
0.615691
0.619901
