0.414213
0.393637
0.402899
0.236668
0.304502
0.345821
0.325708
0.417217
0.4183
0.378769
0.317523
0.417921
0.427773
0.422264
0.432586
0.444528
0.450623
0.439725
0.443205
0.423396
0.44922
0.459637
0.467829
0.472211
0.462189
0.469623
0.479077
0.48077
0.476703
0.480403
0.471475
0.474664
0.479726
0.484568
0.488406
0.491658
0.494849
0.497916
0.500859
0.503633
0.499223
0.502
0.504734
0.507412
0.510032
0.512411
0.514926
0.517371
0.519754
0.521796
0.52192
0.505587
0.516885
0.518941
0.520943
0.522889
0.524781
0.526424
0.405644
0.413901
0.50908
0.496239
0.513276
0.514779
0.516241
0.517661
0.518865
0.517272
0.518575
0.519842
0.521073
0.52227
0.522483
0.518868
0.520237
0.521557
0.522826
0.523688
0.524697
0.52563
0.526462
0.527337
0.52819
0.528643
0.527802
0.5287
0.529435
0.530141
0.530859
0.531557
0.532145
0.532833
0.533099
0.528767
0.525933
0.530252
0.530814
0.531359
0.531888
0.5324
