1.55729
0.700552
1.23524
0.519056
0.751051
1.30649
0.421217
0.513669
0.705566
1.12394
1.01594
1.36123
0.391128
0.438091
0.522864
0.67791
0.973072
1.60928
0.980291
1.58631
1.03106
1.55489
1.08951
1.44757
1.22199
1.10428
1.47163
1.24406
1.10345
1.532
1.22794
1.22642
1.25331
1.1885
1.4058
1.41988
1.41671
1.43164
1.42704
1.4428
1.43681
1.45339
1.44607
1.4634
1.45483
1.47286
1.46314
1.48178
1.471
1.49019
1.47845
1.4981
1.48551
1.50554
1.49219
1.51253
1.49852
1.5191
1.50452
1.52526
1.51019
1.53105
1.51556
1.53648
1.52063
1.54157
1.52544
1.54634
1.52998
1.55082
1.53427
1.55502
1.53832
1.55896
1.54215
1.56266
1.54576
1.56613
1.54917
1.56938
1.55239
1.57244
1.55543
1.5753
1.55829
1.57799
1.56099
1.58052
1.56354
1.58289
1.56594
1.58511
1.5682
1.5872
1.57033
1.58917
1.57234
1.59101
1.57423
1.59274
