0.274094
0.370063
0.352944
0.424554
0.427393
0.433671
0.439147
0.443994
0.448385
0.445278
0.428256
0.448188
0.452843
0.444474
0.432312
0.432209
0.428264
0.432363
0.436108
0.439557
0.442766
0.445785
0.446366
0.442406
0.445545
0.448517
0.451354
0.454087
0.456738
0.459256
0.448278
0.45069
0.45302
0.455283
0.455716
0.453002
0.455278
0.450055
0.444502
0.446408
0.448244
0.450019
0.45174
0.452782
0.445235
0.451514
0.45317
0.454779
0.455382
0.453329
0.454873
0.456373
0.457833
0.459255
0.460643
0.461415
0.453234
0.451553
0.452766
0.453944
0.455087
0.456199
0.457281
0.458335
0.459361
0.458435
0.45847
0.459437
0.460379
0.461297
0.462193
0.462926
0.460068
0.462043
0.462116
0.458106
0.458852
0.459577
0.460068
0.458958
0.459632
0.460289
0.460927
0.461548
0.462153
0.462462
0.461632
0.462193
0.462739
0.46327
0.463787
0.46429
0.463547
0.461984
0.461955
0.461592
0.46202
0.462437
0.462842
0.463237
