0.610946
0.609068
0.541639
0.649704
0.60384
0.617422
0.58114
0.594888
0.677203
0.686004
0.677125
0.67807
0.684043
0.683922
0.679916
0.684452
0.574464
0.693315
0.697509
0.697088
0.697566
0.699391
0.70116
0.702882
0.704248
0.688091
0.598957
0.688382
0.693205
0.691666
0.690171
0.694312
0.698206
0.700752
0.703539
0.706241
0.707151
0.708691
0.709934
0.710914
0.711849
0.706747
0.708311
0.711128
0.71118
0.708874
0.710701
0.712232
0.713909
0.715554
0.71669
0.717337
0.717966
0.718578
0.719124
0.716877
0.718162
0.71943
0.716472
0.717712
0.718934
0.719937
0.72108
0.721954
0.722398
0.722832
0.723255
0.723668
0.724071
0.724466
0.724851
0.723095
0.723679
0.724079
0.722617
0.723942
0.724893
0.723153
0.723878
0.724589
0.725287
0.725972
0.726645
0.727124
0.727503
0.727745
0.727116
0.727535
0.727748
0.72682
0.727346
0.727862
0.728367
0.728831
0.729034
0.729233
0.729427
0.729617
0.729803
0.729984
