0.546778
0.548572
0.550619
0.552982
0.55574
0.559001
0.562926
0.567782
0.57409
0.583229
0.588089
0.593146
0.598376
0.603758
0.609288
0.614984
0.620891
0.627101
0.633788
0.641293
0.650462
0.664949
0.670471
0.675861
0.681134
0.686308
0.691409
0.696468
0.701522
0.706618
0.711813
0.717181
0.722818
0.728866
0.735544
0.743244
0.752838
0.760998
0.764965
0.768795
0.772489
0.776048
0.779472
0.782762
0.785922
0.788951
0.791854
0.794632
0.797287
0.799825
0.802247
0.804558
0.806761
0.80886
0.810859
0.812762
0.814573
0.816296
0.817935
0.819495
0.820977
0.822388
0.823729
0.825004
0.826217
0.827371
0.828469
0.829513
0.830508
0.831454
0.832355
0.833214
0.834031
0.834811
0.835554
0.836262
0.836938
0.837583
0.838199
0.838786
0.839348
0.839884
0.840397
0.840887
0.841355
0.841804
0.842233
0.842644
0.843038
0.843415
0.843776
0.844122
0.844454
0.844773
0.845078
0.845372
0.845653
0.845923
0.846183
0.846433
