0.450289
0.452422
0.448697
0.453991
0.458958
0.461907
0.462247
0.466646
0.471074
0.47339
0.46884
0.468932
0.461753
0.434134
0.453751
0.44866
0.419208
0.421318
0.435813
0.455359
0.44094
0.453363
0.449683
0.463266
0.465648
0.468008
0.464475
0.45833
0.460848
0.460189
0.457626
0.455071
0.465647
0.464721
0.466501
0.468281
0.470079
0.471545
0.472985
0.472424
0.468779
0.466892
0.465966
0.464067
0.471513
0.472654
0.471138
0.471908
0.472963
0.474
0.472249
0.4741
0.47509
0.475087
0.474548
0.475286
0.476005
0.476304
0.474267
0.474917
0.475552
0.475965
0.474858
0.473564
0.469118
0.476996
0.477528
0.478046
0.477544
0.477608
0.478083
0.478545
0.47736
0.478537
0.478953
0.479358
0.478984
0.476415
0.477332
0.476054
0.479182
0.478906
0.479232
0.478875
0.478956
0.479254
0.479545
0.479828
0.480103
0.480372
0.480634
0.48023
0.480425
0.480121
0.479065
0.478778
0.478307
0.480565
0.480242
0.480398
