0.627889
0.532072
0.469889
0.741852
0.703391
0.731202
0.765713
0.738077
0.733478
0.765865
0.806329
0.843868
0.80048
0.731271
0.777514
0.82281
0.860979
0.809993
0.849188
0.838278
0.787412
0.805344
0.816701
0.805028
0.81044
0.790485
0.815418
0.84382
0.86485
0.83975
0.839639
0.823698
0.841378
0.858711
0.875758
0.892079
0.872419
0.869884
0.857685
0.871922
0.886074
0.90042
0.91183
0.899253
0.914039
0.896818
0.860535
0.884476
0.886065
0.880462
0.892349
0.904188
0.906457
0.893275
0.903937
0.914718
0.908384
0.912436
0.923076
0.91648
0.915673
0.926112
0.937631
0.943996
0.934653
0.923566
0.933939
0.935114
0.932939
0.939804
0.946498
0.945399
0.941969
0.948077
0.954037
0.948343
0.950047
0.950512
0.923677
0.941014
0.946253
0.941233
0.942638
0.947412
0.950973
0.944024
0.948376
0.952618
0.955656
0.949463
0.953333
0.957104
0.954915
0.955446
0.958927
0.962322
0.958156
0.960578
0.949394
0.950865
