0.201461
0.202399
0.203358
0.20434
0.205349
0.206388
0.207461
0.208575
0.209737
0.210957
0.212251
0.213641
0.21516
0.21687
0.218894
0.220379
0.221054
0.221711
0.222351
0.222974
0.223579
0.224167
0.224739
0.225294
0.225832
0.226355
0.226862
0.227353
0.22783
0.228292
0.228739
0.229173
0.229593
0.229999
0.230393
0.230774
0.231143
0.2315
0.231846
0.23218
0.232504
0.232817
0.23312
0.233414
0.233697
0.233972
0.234237
0.234494
0.234742
0.234983
0.235215
0.23544
0.235658
0.235869
0.236072
0.23627
0.23646
0.236645
0.236824
0.236996
0.237164
0.237326
0.237482
0.237634
0.23778
0.237922
0.23806
0.238193
0.238322
0.238446
0.238567
0.238684
0.238797
0.238907
0.239013
0.239115
0.239215
0.239311
0.239404
0.239494
0.239582
0.239667
0.239749
0.239828
0.239905
0.23998
0.240052
0.240122
0.240189
0.240255
0.240319
0.24038
0.24044
0.240498
0.240554
0.240608
0.240661
0.240712
0.240761
0.240809
