0.388944
0.443081
0.479855
0.623666
0.650788
0.685934
0.728006
0.754615
0.779918
0.803686
0.825904
0.846917
0.867783
0.88197
0.895234
0.90243
0.909618
0.917012
0.924789
0.933104
0.942111
0.951977
0.962911
0.975215
0.989405
1.00663
1.03153
1.04714
1.06425
1.08455
1.09404
1.0705
1.08411
1.0951
1.06876
1.08199
1.09474
1.08937
1.08095
1.09333
1.08961
1.07996
1.09192
1.08973
1.07928
1.09074
1.08973
1.07897
1.08989
1.08963
1.07904
1.08938
1.08943
1.07946
1.08922
1.08914
1.08022
1.08939
1.08876
1.08128
1.0899
1.0883
1.08264
1.09075
1.08774
1.08432
1.08993
1.07809
1.08552
1.0893
1.08009
1.08714
1.08852
1.08257
1.08941
1.08813
1.08393
1.08885
1.08822
1.08385
1.08838
1.0883
1.08382
1.0893
1.0879
1.08516
1.08897
1.08794
1.08521
1.08871
1.08797
1.08528
1.0885
1.08798
1.08537
1.08833
1.08799
1.08549
1.0882
1.08798
