0.488256
0.814687
0.443286
0.790973
0.483151
0.873829
0.449586
0.761395
0.555372
0.734411
0.214584
0.222175
0.235938
0.260785
0.305736
0.388269
0.546709
0.86155
0.572209
0.816994
0.627555
0.676262
0.51103
0.754863
0.723944
0.342959
0.421987
0.554338
0.809327
0.707298
0.48579
0.649792
0.739196
0.359175
0.42729
0.531044
0.705856
0.585121
0.800625
0.778961
0.806457
0.783671
0.811865
0.788218
0.816869
0.792605
0.821494
0.796833
0.825766
0.800903
0.829712
0.804812
0.833357
0.80856
0.836727
0.812147
0.839846
0.815573
0.842735
0.818838
0.845415
0.821946
0.847904
0.824899
0.850219
0.8277
0.852374
0.830355
0.854383
0.832867
0.856257
0.835242
0.858008
0.837486
0.859645
0.839603
0.861177
0.841601
0.862611
0.843484
0.863955
0.845258
0.865215
0.84693
0.866397
0.848503
0.867506
0.849984
0.868547
0.851378
0.869525
0.852689
0.870443
0.853923
0.871306
0.855083
0.872117
0.856174
0.872879
0.857199
