0.684173
0.707675
0.727403
0.750483
0.765417
0.779994
0.794858
0.811408
0.822882
0.833554
0.843398
0.852399
0.860556
0.867889
0.874436
0.880247
0.867732
0.846199
0.855224
0.863243
0.870332
0.876576
0.88206
0.886866
0.891074
0.894757
0.897981
0.896752
0.868714
0.874314
0.879293
0.883717
0.887646
0.891137
0.894239
0.896999
0.899458
0.901651
0.903611
0.905255
0.883314
0.886492
0.889367
0.89197
0.89433
0.896472
0.898418
0.900188
0.901801
0.903272
0.904616
0.905846
0.906973
0.901697
0.894593
0.896206
0.897696
0.899073
0.900347
0.901528
0.902624
0.903641
0.904587
0.905468
0.906288
0.907054
0.907769
0.905284
0.899918
0.900817
0.901661
0.902454
0.903199
0.9039
0.90456
0.905182
0.905769
0.906323
0.906846
0.907341
0.907809
0.908252
0.907021
0.903411
0.903913
0.90439
0.904842
0.905273
0.905682
0.906072
0.906443
0.906797
0.907134
0.907455
0.907762
0.908055
0.908335
0.908602
0.907564
0.905693
