0.0834185
0.0834509
0.0834836
0.0835167
0.08355
0.0835837
0.0836177
0.083652
0.0836865
0.0837214
0.0837566
0.083792
0.0838278
0.0838638
0.0839001
0.0839367
0.0839736
0.0840107
0.0840481
0.0840857
0.0841236
0.0841618
0.0842002
0.0842389
0.0842778
0.0843169
0.0843563
0.0843959
0.0844358
0.0844759
0.0845161
0.0845566
0.0845973
0.0846383
0.0846794
0.0847207
0.0847622
0.0848039
0.0848458
0.0848879
0.0849301
0.0849725
0.0850151
0.0850579
0.0851008
0.0851438
0.085187
0.0852304
0.0852739
0.0853175
0.0853613
0.0854052
0.0854492
0.0854933
0.0855376
0.0855819
0.0856264
0.085671
0.0857156
0.0857604
0.0858052
0.0858502
0.0858952
0.0859403
0.0859854
0.0860306
0.0860759
0.0861213
0.0861667
0.0862121
0.0862576
0.0863031
0.0863487
0.0863943
0.0864399
0.0864856
0.0865313
0.086577
0.0866227
0.0866684
0.0867141
0.0867599
0.0868056
0.0868513
0.086897
0.0869427
0.0869884
0.0870341
0.0870797
0.0871253
0.0871709
0.0872164
0.0872619
0.0873074
0.0873528
0.0873982
0.0874435
0.0874887
0.0875339
0.0875791
