1.97563
2.0576
2.16507
2.31
2.5174
2.86616
3.10895
3.31126
3.40273
3.49901
3.52247
3.56033
3.5621
3.5783
3.57598
3.58414
3.5819
3.58665
3.58512
3.58821
3.5873
3.58946
3.589
3.5906
3.59042
3.59166
3.59166
3.59266
3.59277
3.59361
3.59379
3.59449
3.59471
3.59532
3.59556
3.5961
3.59635
3.59683
3.59708
3.59751
3.59776
3.59814
3.59838
3.59874
3.59897
3.59929
3.59951
3.59981
3.60002
3.60029
3.60049
3.60075
3.60094
3.60117
3.60135
3.60156
3.60173
3.60194
3.60209
3.60228
3.60243
3.60261
3.60275
3.60291
3.60304
3.60319
3.60332
3.60346
3.60358
3.60371
3.60382
3.60394
3.60405
3.60416
3.60426
3.60437
3.60446
3.60456
3.60465
3.60474
3.60482
3.60491
3.60499
3.60507
3.60514
3.60522
3.60529
3.60536
3.60543
3.6055
3.60555
3.60562
3.60567
3.60574
3.60579
3.60584
3.60589
3.60595
3.60599
3.60604
