0.181501
0.129545
0.21137
0.401386
0.550966
0.575399
0.610773
0.651917
0.682759
0.698915
0.525969
0.513809
0.652226
0.691073
0.715918
0.737901
0.758406
0.777275
0.79267
0.659649
0.406608
0.688421
0.532094
0.636885
0.660605
0.688473
0.710397
0.730303
0.721034
0.730803
0.750029
0.769811
0.76355
0.762951
0.78509
0.761033
0.729171
0.760874
0.726134
0.751871
0.767541
0.785005
0.794964
0.783487
0.771252
0.763581
0.772851
0.772207
0.767679
0.77607
0.783876
0.791114
0.784571
0.788361
0.794654
0.791005
0.782167
0.787995
0.793414
0.798449
0.80142
0.794441
0.79905
0.794645
0.796967
0.801018
0.804804
0.808344
0.803992
0.800212
0.803507
0.806597
0.809496
0.812218
0.814774
0.817178
0.819439
0.820174
0.817029
0.819124
0.821103
0.819517
0.819713
0.821483
0.823159
0.824748
0.822842
0.819965
0.819822
0.818834
0.820231
0.82156
0.822824
0.824027
0.825173
0.826266
0.827309
0.828303
0.829253
0.830161
