0.427654
0.503262
0.601644
0.732639
0.915303
1.20032
0.618764
0.739612
0.902936
1.1455
0.835912
1.02657
1.11597
0.943338
1.17414
0.822428
0.979199
1.2115
0.749024
0.866499
1.02143
1.19975
0.833272
0.962303
1.13969
1.01072
1.2029
0.878678
1.00288
1.17367
0.979912
1.12969
1.08604
1.1699
1.02074
1.1703
1.03483
1.18178
1.02532
1.15925
1.08359
1.2167
0.976115
1.07791
1.21464
1.00254
1.10289
1.21397
1.02381
1.12148
1.19817
1.07354
1.17862
1.11911
1.2171
1.05776
1.14566
1.18852
1.12434
1.22646
1.06434
1.14139
1.21152
1.10545
1.18705
1.15329
1.20645
1.12924
1.20863
1.1326
1.2083
1.13965
1.21302
1.13843
1.20707
1.15348
1.2225
1.13538
1.19529
1.18087
1.20293
1.17474
1.21514
1.16191
1.21808
1.16221
1.21511
1.17065
1.22248
1.16441
1.2117
1.18294
1.22169
1.17306
1.21671
1.1831
1.22631
1.17363
1.21236
1.19477
