0.219121
0.237647
0.246464
0.255083
0.263408
0.271393
0.279046
0.286419
0.293595
0.300678
0.307791
0.315069
0.322675
0.330816
0.339801
0.350191
0.363412
0.372348
0.382001
0.392978
0.407487
0.415306
0.422765
0.429815
0.436426
0.44258
0.448274
0.453517
0.456515
0.447868
0.453334
0.45843
0.463178
0.467607
0.471744
0.475616
0.479254
0.482685
0.485936
0.489034
0.492004
0.494496
0.489995
0.485562
0.474239
0.477083
0.479786
0.482364
0.484831
0.4872
0.489484
0.491695
0.493844
0.495942
0.498002
0.500033
0.502049
0.5003
0.496731
0.496561
0.487832
0.489635
0.491391
0.493105
0.494783
0.496431
0.498054
0.499659
0.500335
0.495118
0.496628
0.498117
0.499589
0.50105
0.500307
0.492533
0.49394
0.495327
0.4967
0.496781
0.493752
0.495022
0.496278
0.497521
0.498755
0.499983
0.499341
0.497688
0.498831
0.499968
0.501104
0.500293
0.497902
0.498958
0.498753
0.495406
0.496358
0.497302
0.498239
0.499171
