0.410809
0.3766
0.399085
0.381733
0.429081
0.437163
0.464259
0.41798
0.407647
0.443491
0.463105
0.472082
0.4659
0.410356
0.465521
0.459556
0.446558
0.451114
0.406047
0.45578
0.4622
0.468235
0.474383
0.480663
0.487117
0.493824
0.50093
0.508744
0.51807
0.516475
0.478371
0.482313
0.487951
0.493857
0.500162
0.501313
0.493334
0.499379
0.498834
0.492871
0.49916
0.506677
0.510695
0.51462
0.518446
0.519748
0.502949
0.506215
0.5094
0.512501
0.51211
0.50699
0.505907
0.49527
0.500323
0.502918
0.505453
0.507925
0.510336
0.512685
0.514971
0.517194
0.519357
0.519925
0.515615
0.517585
0.519499
0.521357
0.523161
0.522561
0.517413
0.519084
0.520707
0.522285
0.523818
0.525307
0.526752
0.525699
0.524302
0.52562
0.525162
0.519548
0.520718
0.521853
0.522954
0.524023
0.525061
0.526067
0.527043
0.52799
0.528153
0.52245
0.522489
0.523336
0.524157
0.524954
0.525727
0.526478
0.527206
0.527912
