1.65494, 2.44904, 2.76091, 3.32806, 2.08689, 1.19825, 1.7576, 2.21379, 0.833179, 3.6156
1.49271, 2.65574, 2.58174, 3.36105, 2.02262, 1.30768, 1.62984, 2.38615, 1.19162, 3.07032
1.53236, 2.57262, 2.58326, 3.28372, 2.16187, 1.06523, 1.67517, 2.29029, 1.22624, 3.00295
1.61069, 2.62359, 2.87295, 3.46337, 2.19089, 1.12638, 1.74409, 2.34948, 1.31034, 3.03416
1.50201, 2.74239, 2.7755, 3.47674, 2.15231, 1.18565, 1.66116, 2.44634, 1.08071, 3.30334
1.53585, 2.66832, 2.77272, 3.40904, 2.31441, 0.865695, 1.69975, 2.35976, 1.10959, 3.24684
1.59326, 2.53969, 2.76247, 3.30024, 2.06523, 1.36919, 1.76844, 2.20013, 1.15655, 3.15458
1.62839, 2.46286, 2.75982, 3.23244, 2.16798, 1.16642, 1.81044, 2.10611, 1.18525, 3.09844
1.69332, 2.51115, 3.07706, 3.50025, 2.19446, 1.22045, 1.86378, 2.16154, 1.25829, 3.12201
1.85386, 2.62782, 2.41887, 2.8363, 2.24716, 1.34229, 1.9895, 2.2968, 1.43293, 3.16679
1.92552, 2.68124, 2.52244, 2.93433, 2.27416, 1.39707, 2.04733, 2.3567, 1.5116, 3.19263
1.9992, 2.73617, 2.64222, 3.0477, 2.30102, 1.45156, 2.10628, 2.41777, 1.59175, 3.21895
2.01694, 2.66753, 2.64224, 2.98344, 2.35432, 1.26151, 2.12634, 2.33648, 1.61052, 3.16589
2.08747, 2.72407, 2.77275, 3.11701, 2.37633, 1.31202, 2.18108, 2.39732, 1.6893, 3.19426
2.00915, 2.77809, 2.70258, 3.13794, 2.34393, 1.35397, 2.11979, 2.44844, 1.53279, 3.28492
2.02459, 2.71638, 2.70141, 3.08138, 2.39945, 1.14516, 2.13718, 2.37516, 1.54993, 3.23801
1.94972, 2.77068, 2.63391, 3.10333, 2.37139, 1.18339, 2.07996, 2.42493, 1.35396, 3.36622
2.0157, 2.81679, 2.77801, 3.22888, 2.38967, 1.22726, 2.13198, 2.47753, 1.4184, 3.38055
1.97469, 2.76856, 2.74512, 3.19704, 2.30156, 1.21213, 2.08112, 2.4311, 1.39553, 3.32637
1.9337, 2.72032, 2.71273, 3.16567, 2.20956, 1.19577, 2.02999, 2.38432, 1.37274, 3.27243
1.99145, 2.76215, 2.87955, 3.31239, 2.22793, 1.23406, 2.07573, 2.43026, 1.43078, 3.28804
1.95269, 2.71715, 2.85071, 3.28465, 2.13647, 1.21534, 2.02757, 2.38608, 1.40821, 3.23723
1.96679, 2.66664, 2.84776, 3.24162, 2.22588, 1.03965, 2.04471, 2.32639, 1.4236, 3.19994
1.90754, 2.71333, 2.79461, 3.25408, 2.20507, 1.07197, 1.99951, 2.36945, 1.23774, 3.35664
1.8711, 2.66986, 2.76754, 3.22777, 2.11496, 1.06195, 1.9533, 2.32664, 1.22071, 3.30852
1.91803, 2.70399, 2.95716, 3.39084, 2.13009, 1.09278, 1.99065, 2.36367, 1.26732, 3.31946
1.8835, 2.66327, 2.93325, 3.36783, 2.03866, 1.08019, 1.94695, 2.3231, 1.25039, 3.27395
1.89718, 2.61967, 2.92993, 3.33211, 2.15408, 0.914776, 1.96421, 2.2715, 1.26441, 3.24348
1.88683, 2.54087, 2.90787, 3.2801, 2.13451, 1.10469, 1.95111, 2.17697, 1.26764, 3.1801
1.84151, 2.58258, 2.86447, 3.28929, 2.11694, 1.1328, 1.91723, 2.21457, 1.04581, 3.44582
1.85544, 2.54194, 2.86202, 3.25564, 2.20725, 0.975057, 1.93532, 2.16539, 1.05847, 3.42046
1.77111, 2.62802, 2.78991, 3.26786, 2.18359, 1.01721, 1.8813, 2.23318, 1.22327, 3.16776
1.80691, 2.65341, 2.97742, 3.42342, 2.19511, 1.04233, 1.90938, 2.2614, 1.25971, 3.1786
1.77816, 2.61789, 2.95836, 3.40499, 2.12534, 1.03576, 1.87095, 2.22615, 1.24438, 3.13967
1.73572, 2.65809, 2.92118, 3.41078, 2.11084, 1.05966, 1.8408, 2.26056, 1.08989, 3.3377
1.70894, 2.62325, 2.90313, 3.39302, 2.03889, 1.05104, 1.80428, 2.22548, 1.07915, 3.30156
1.72151, 2.59121, 2.9009, 3.36605, 2.1353, 0.917038, 1.82077, 2.18647, 1.0904, 3.27959
1.71647, 2.53002, 2.88461, 3.32666, 2.11543, 1.06212, 1.81415, 2.11052, 1.09507, 3.23201
1.72915, 2.49873, 2.88257, 3.30067, 2.20614, 0.914879, 1.8314, 2.07161, 1.106, 3.21092
1.72482, 2.43924, 2.86712, 3.26262, 2.18157, 1.05578, 1.82718, 1.99521, 1.11042, 3.16532
1.74948, 2.45893, 3.0578, 3.44246, 2.19083, 1.07566, 1.84589, 2.01611, 1.13758, 3.17304
1.81095, 2.50627, 2.8098, 3.18886, 2.20904, 1.1201, 1.88924, 2.06603, 1.20071, 3.18574
1.83562, 2.52599, 2.91871, 3.29479, 2.21799, 1.13929, 1.90769, 2.08662, 1.22743, 3.1934
1.81226, 2.4996, 2.90386, 3.28085, 2.16913, 1.13195, 1.87533, 2.0602, 1.21655, 3.16455
1.82228, 2.47238, 2.90197, 3.25886, 2.22753, 1.01843, 1.88975, 2.02603, 1.22557, 3.14609
1.79582, 2.49922, 2.87536, 3.26475, 2.217, 1.0349, 1.87122, 2.04934, 1.10433, 3.30905
1.77407, 2.47436, 2.86161, 3.25177, 2.17104, 1.03093, 1.84052, 2.0243, 1.09633, 3.28298
1.79465, 2.49084, 3.00359, 3.38699, 2.17844, 1.04684, 1.85594, 2.04138, 1.11871, 3.28821
1.84915, 2.53244, 2.79435, 3.17338, 2.19296, 1.08303, 1.89287, 2.08372, 1.17142, 3.29494
1.86961, 2.54885, 2.87532, 3.25219, 2.20008, 1.09831, 1.90796, 2.10042, 1.19327, 3.30009
1.85105, 2.52809, 2.86308, 3.2407, 2.15936, 1.09309, 1.88209, 2.0791, 1.18549, 3.27751
1.83277, 2.50762, 2.85115, 3.22949, 2.11805, 1.08762, 1.85641, 2.05787, 1.17784, 3.25536
1.85107, 2.52243, 2.95646, 3.33185, 2.12479, 1.10127, 1.86995, 2.07274, 1.19767, 3.26039
1.85828, 2.50169, 2.9548, 3.3155, 2.17461, 1.01559, 1.88081, 2.04699, 1.20422, 3.24674
1.84126, 2.48302, 2.94428, 3.30568, 2.13672, 1.01256, 1.85677, 2.02755, 1.19693, 3.22639
1.82453, 2.46463, 2.93404, 3.29611, 2.09826, 1.00933, 1.83293, 2.00821, 1.18978, 3.20644
1.80573, 2.48376, 2.91514, 3.29994, 2.09101, 1.0216, 1.81995, 2.02537, 1.14533, 3.24929
1.8126, 2.46537, 2.91383, 3.28525, 2.14996, 0.934105, 1.83047, 2.00256, 1.15129, 3.23734
1.79711, 2.4482, 2.90439, 3.2764, 2.11486, 0.933055, 1.8081, 1.98438, 1.14508, 3.21896
1.81122, 2.45987, 3.04636, 3.41559, 2.11983, 0.943651, 1.81853, 1.99596, 1.16074, 3.22312
1.84713, 2.48839, 2.90466, 3.27216, 2.12963, 0.967217, 1.84279, 2.02355, 1.19718, 3.22934
1.83324, 2.47315, 2.89599, 3.26405, 2.09697, 0.965428, 1.82279, 2.0072, 1.19123, 3.21275
1.84643, 2.4841, 3.00889, 3.37553, 2.10163, 0.975128, 1.83244, 2.01788, 1.2058, 3.21673
1.88169, 2.51196, 2.8743, 3.23913, 2.11089, 0.997052, 1.85552, 2.04406, 1.24059, 3.22244
1.89456, 2.52265, 2.95733, 3.32161, 2.11533, 1.00629, 1.86482, 2.05435, 1.25464, 3.22631
1.87966, 2.53646, 2.94306, 3.32432, 2.1098, 1.01556, 1.85456, 2.0673, 1.22005, 3.25619
1.86816, 2.52377, 2.93578, 3.31747, 2.08138, 1.01299, 1.83804, 2.05348, 1.21497, 3.24219
1.85408, 2.53707, 2.92222, 3.3201, 2.0762, 1.02182, 1.82842, 2.06586, 1.18192, 3.27131
1.85858, 2.52401, 2.92128, 3.30967, 2.1178, 0.961802, 1.83558, 2.04981, 1.18607, 3.26272
1.84798, 2.51223, 2.91459, 3.30336, 2.09179, 0.960428, 1.82022, 2.03694, 1.18159, 3.24985
1.83761, 2.5007, 2.90809, 3.29722, 2.06565, 0.958973, 1.80509, 2.02425, 1.17721, 3.23728
1.82535, 2.51276, 2.89598, 3.2997, 2.06122, 0.966743, 1.79681, 2.03534, 1.14813, 3.26428
1.83531, 2.52076, 3.00497, 3.40065, 2.06472, 0.973825, 1.80406, 2.04312, 1.15879, 3.26691
1.86167, 2.54107, 2.90659, 3.3016, 2.07161, 0.989738, 1.82119, 2.06207, 1.18391, 3.27054
1.85269, 2.53101, 2.90083, 3.29614, 2.048, 0.987861, 1.80808, 2.05088, 1.18009, 3.25951
1.85634, 2.52043, 2.90011, 3.28764, 2.08544, 0.93846, 1.81405, 2.03794, 1.18347, 3.25256
1.85388, 2.50105, 2.89486, 3.27539, 2.07961, 0.986915, 1.81231, 2.01118, 1.1845, 3.23782
1.86243, 2.50809, 2.9718, 3.34972, 2.08263, 0.993059, 1.81844, 2.01791, 1.19375, 3.24024
1.85248, 2.51763, 2.96221, 3.35142, 2.07896, 0.999348, 1.81177, 2.02678, 1.17018, 3.26161
1.84463, 2.5089, 2.95737, 3.34685, 2.05895, 0.997649, 1.80015, 2.01704, 1.16692, 3.25206
1.84786, 2.49976, 2.95665, 3.3397, 2.09024, 0.955061, 1.80549, 2.00578, 1.16984, 3.24611
1.84037, 2.49149, 2.95207, 3.33539, 2.07148, 0.954082, 1.79434, 1.99653, 1.16673, 3.23707
1.83167, 2.50008, 2.94353, 3.33697, 2.06832, 0.959624, 1.78855, 2.00445, 1.14595, 3.25662
1.82462, 2.49222, 2.93921, 3.33289, 2.05014, 0.958554, 1.778, 1.99559, 1.14311, 3.24809
1.82757, 2.48412, 2.9386, 3.32652, 2.0826, 0.916895, 1.78291, 1.98563, 1.14573, 3.24284
1.82578, 2.46919, 2.93463, 3.31741, 2.0777, 0.953734, 1.78185, 1.96468, 1.14662, 3.23162
1.81821, 2.47686, 2.92703, 3.31888, 2.0749, 0.958631, 1.77687, 1.97168, 1.12833, 3.24939
1.81187, 2.4698, 2.92318, 3.31524, 2.05895, 0.957721, 1.76722, 1.9637, 1.12584, 3.24178
1.8178, 2.47468, 2.9415, 3.33253, 2.06108, 0.962058, 1.77148, 1.96836, 1.13229, 3.24342
1.83433, 2.48763, 2.87969, 3.26864, 2.0653, 0.972036, 1.78176, 1.98006, 1.14789, 3.24547
1.84, 2.4923, 2.92536, 3.31215, 2.06732, 0.976139, 1.7858, 1.98449, 1.15403, 3.24703
1.84235, 2.48572, 2.92488, 3.30697, 2.09217, 0.942553, 1.78979, 1.97637, 1.15614, 3.24278
1.83694, 2.47977, 2.92156, 3.30384, 2.07875, 0.941974, 1.78158, 1.96961, 1.15394, 3.23628
1.83077, 2.48592, 2.9154, 3.30508, 2.0765, 0.94592, 1.77753, 1.97528, 1.13908, 3.25047
1.83579, 2.49004, 2.93058, 3.31948, 2.07825, 0.949541, 1.7811, 1.97919, 1.1445, 3.25183
1.83086, 2.48459, 2.92756, 3.31663, 2.06578, 0.948916, 1.7736, 1.97297, 1.14252, 3.2459
1.82607, 2.47928, 2.92463, 3.31386, 2.05347, 0.94828, 1.76627, 1.96688, 1.14061, 3.24013
1.83062, 2.48302, 2.93853, 3.32705, 2.05509, 0.951565, 1.76951, 1.97042, 1.14554, 3.24139
1.82531, 2.48834, 2.93325, 3.32805, 2.05316, 0.954985, 1.76605, 1.97532, 1.13271, 3.25366
1.82718, 2.4832, 2.93287, 3.324, 2.07418, 0.927961, 1.76925, 1.96899, 1.13438, 3.25035
