0.39803
0.405853
0.409284
0.42486
0.439064
0.457452
0.468873
0.479699
0.489815
0.469419
0.483194
0.490992
0.497975
0.504219
0.509827
0.514916
0.519608
0.524018
0.52826
0.532442
0.536676
0.527011
0.524733
0.51401
0.501282
0.484672
0.477837
0.499594
0.506887
0.51418
0.508666
0.49972
0.498705
0.504356
0.509823
0.506872
0.505132
0.510488
0.515862
0.518789
0.497395
0.501218
0.505507
0.509696
0.513809
0.517875
0.521926
0.526009
0.528998
0.522027
0.491116
0.507907
0.511282
0.514633
0.517986
0.52137
0.521942
0.518329
0.51847
0.514545
0.5174
0.520253
0.523126
0.519538
0.521871
0.517267
0.518323
0.514268
0.516717
0.519185
0.521694
0.524273
0.523494
0.51862
0.517875
0.520077
0.517446
0.520117
0.522445
0.521329
0.509882
0.517356
0.519372
0.521454
0.523643
0.519267
0.512967
0.519587
0.51789
0.52008
0.520366
0.515284
0.516551
0.518306
0.520164
0.521064
0.521935
0.521578
0.517047
0.518184
