0.474903
0.44395
0.459478
0.491868
0.49667
0.507893
0.522979
0.516444
0.553349
0.578709
0.568352
0.568631
0.578389
0.577138
0.616525
0.598984
0.637701
0.620168
0.629572
0.685713
0.623352
0.695345
0.687396
0.704938
0.730158
0.575886
0.600698
0.6055
0.671135
0.626005
0.62377
0.486686
0.577642
0.60914
0.602319
0.625964
0.682061
0.617607
0.64858
0.632608
0.676148
0.720048
0.711521
0.663051
0.660312
0.716531
0.750276
0.748623
0.746381
0.755699
0.738701
0.746417
0.790725
0.79737
0.742609
0.811375
0.748311
0.870649
0.857621
0.701475
0.852736
0.693449
0.76783
0.816107
0.845217
0.765075
0.79243
0.820673
0.88513
0.804956
0.820595
0.794997
0.761766
0.827716
0.816716
0.755752
0.727045
0.750069
0.780606
0.785673
0.810643
0.800245
0.803562
0.803057
0.835669
0.575105
0.762275
0.768553
0.75154
0.752934
0.758337
0.750006
0.750983
0.779748
0.605439
0.722708
0.731097
0.736039
0.757134
0.768864
