1.62111
1.80741
2.1005
2.77725
2.62951
2.76102
2.65775
2.75089
2.67797
2.74522
2.69306
2.74253
2.70474
2.74179
2.71405
2.74228
2.72168
2.74356
2.72808
2.74531
2.73355
2.74733
2.73831
2.74949
2.74251
2.7517
2.74625
2.75391
2.74961
2.75607
2.75266
2.75817
2.75544
2.76018
2.75798
2.76211
2.76032
2.76394
2.76248
2.76567
2.76447
2.76731
2.76632
2.76887
2.76803
2.77033
2.76963
2.77171
2.77111
2.77301
2.7725
2.77423
2.77379
2.77538
2.77499
2.77646
2.77612
2.77748
2.77717
2.77843
2.77816
2.77933
2.77908
2.78017
2.77994
2.78097
2.78075
2.78171
2.78151
2.78241
2.78222
2.78307
2.78288
2.78369
2.78351
2.78427
2.78409
2.78481
2.78464
2.78532
2.78515
2.78581
2.78564
2.78626
2.78609
2.78669
2.78652
2.78709
2.78692
2.78746
2.78729
2.78781
2.78765
2.78815
2.78798
2.78846
2.78829
2.78875
2.78858
2.78903
