2.09582
1.15041
1.95878
1.27364
1.99267
1.30233
1.96684
1.36961
1.81287
1.55111
1.14816
1.74005
1.70241
1.76882
1.71884
1.79636
1.7349
1.82216
1.75099
1.8458
1.76739
1.86706
1.78422
1.88593
1.80146
1.90252
1.81895
1.91708
1.83649
1.92991
1.85385
1.94131
1.8708
1.95156
1.88716
1.96091
1.90279
1.96954
1.91758
1.97759
1.9315
1.98518
1.94451
1.99238
1.95664
1.99924
1.9679
2.00578
1.97835
2.01203
1.98802
2.018
1.99698
2.02371
2.00527
2.02915
2.01295
2.03434
2.02006
2.03927
2.02665
2.04396
2.03277
2.04841
2.03845
2.05263
2.04372
2.05663
2.04863
2.06041
2.05319
2.06398
2.05744
2.06736
2.06141
2.07055
2.0651
2.07356
2.06855
2.07639
2.07177
2.07906
2.07478
2.08158
2.07759
2.08396
2.08022
2.08619
2.08267
2.08829
2.08498
2.09027
2.08713
2.09214
2.08915
2.09389
2.09104
2.09554
2.09281
2.0971
