0.187479
0.188212
0.189794
0.193143
0.200113
0.214418
0.243453
0.229483
0.256469
0.291365
0.272391
0.349883
0.323628
0.412715
0.440856
0.487116
0.475738
0.48128
0.266507
0.383302
0.348534
0.459333
0.445415
0.476267
0.54654
0.523743
0.539814
0.54746
0.527867
0.542262
0.550997
0.559509
0.538863
0.553983
0.556971
0.56906
0.555471
0.559295
0.55966
0.554408
0.562951
0.573452
0.579626
0.576284
0.582845
0.567914
0.578015
0.566286
0.571267
0.576256
0.581292
0.586437
0.590497
0.589516
0.581011
0.586469
0.592452
0.595655
0.598756
0.597283
0.60015
0.593155
0.588578
0.577529
0.586317
0.590265
0.589579
0.592584
0.59689
0.5991
0.601238
0.602362
0.596822
0.59644
0.598292
0.600086
0.601824
0.601273
0.598914
0.599399
0.598051
0.599562
0.59447
0.59287
0.596063
0.597385
0.598665
0.599906
0.601108
0.602271
0.603399
0.603137
0.599096
0.600714
0.601703
0.602662
0.603591
0.604491
0.605363
0.606208
