0.327206
0.350338
0.359901
0.369335
0.378616
0.387775
0.396926
0.406263
0.411828
0.421506
0.43379
0.438153
0.442607
0.442224
0.441389
0.44633
0.451378
0.456623
0.460788
0.466544
0.472048
0.477334
0.482447
0.487435
0.492357
0.497279
0.502284
0.507475
0.512988
0.519032
0.525965
0.521781
0.459368
0.518813
0.529322
0.53522
0.481723
0.51992
0.526888
0.535634
0.540047
0.539463
0.502946
0.529816
0.533996
0.538015
0.541877
0.543621
0.521907
0.532934
0.536539
0.540003
0.543331
0.546528
0.544119
0.538113
0.53899
0.541944
0.544782
0.547509
0.546259
0.545336
0.547812
0.550192
0.54954
0.548599
0.546316
0.544321
0.54641
0.548421
0.550358
0.552223
0.554019
0.553858
0.549125
0.547636
0.549267
0.55084
0.552357
0.55382
0.555231
0.556593
0.556864
0.549609
0.551699
0.55293
0.554118
0.555266
0.556375
0.557446
0.55848
0.559191
0.550079
0.554737
0.555668
0.556568
0.557438
0.55828
0.559094
0.559881
