0.287461
0.324264
0.347983
0.371809
0.394946
0.417279
0.439399
0.46258
0.443154
0.505027
0.547478
0.573628
0.607609
0.632015
0.643153
0.603919
0.626228
0.647972
0.668983
0.683679
0.64165
0.660473
0.67838
0.695385
0.711566
0.711801
0.700783
0.716316
0.71829
0.699691
0.713331
0.726346
0.738862
0.751024
0.763008
0.749007
0.749925
0.760623
0.77129
0.782166
0.790384
0.778569
0.762048
0.771862
0.782097
0.787494
0.784536
0.790837
0.759783
0.770988
0.784717
0.796428
0.789065
0.787634
0.787115
0.791728
0.796536
0.787332
0.795206
0.800589
0.805772
0.806725
0.802341
0.800175
0.797265
0.801987
0.806531
0.810906
0.814846
0.807352
0.811404
0.815308
0.813288
0.812136
0.815746
0.815343
0.812793
0.81389
0.809551
0.812668
0.815677
0.814821
0.813231
0.816003
0.816162
0.813739
0.817376
0.816797
0.815296
0.817624
0.817946
0.815705
0.817845
0.819018
0.816078
0.818887
0.819544
0.817269
0.818925
0.815727
