0.57597
0.551018
0.546186
0.546826
0.529015
0.560824
0.582674
0.607192
0.620172
0.555899
0.528982
0.552429
0.568542
0.585669
0.605219
0.603606
0.580778
0.600933
0.614934
0.59034
0.58368
0.595672
0.607296
0.618525
0.608908
0.600706
0.611251
0.621383
0.620593
0.604215
0.613648
0.622685
0.621566
0.606696
0.615138
0.622294
0.604377
0.613462
0.60845
0.596628
0.605134
0.613635
0.620943
0.603065
0.611167
0.619435
0.62354
0.610703
0.619194
0.625288
0.626762
0.615447
0.624311
0.629724
0.623399
0.621215
0.626161
0.630943
0.630888
0.623164
0.627544
0.631776
0.634283
0.624757
0.62863
0.632372
0.627012
0.626639
0.630059
0.633364
0.636556
0.634924
0.631218
0.634139
0.635401
0.629627
0.632295
0.634874
0.637367
0.638663
0.633159
0.635437
0.63764
0.638413
0.634207
0.636219
0.638165
0.640046
0.639434
0.636846
0.638565
0.640227
0.640632
0.638143
0.637932
0.635706
0.637141
0.638528
0.639871
0.640257
