4.40921, 3.34487, 3.67377, 1.95435, 2.59056, 3.67661, 3.57876, 4.67979, 1.69841, 5.75853, 3.36664, 2.18816, 3.38855, 3.32301, 2.80149, 2.34774, 3.07753, 2.78661, 2.26513, 1.88975, 4.1741, 4.72186, 5.23893, 5.20185, 3.21752, 4.63845, 3.52834, 1.17847, 3.16344, 3.75685
4.47193, 3.30478, 3.69082, 1.97285, 2.60802, 3.65476, 3.60041, 4.64989, 1.69522, 5.75165, 3.37817, 2.1934, 3.41478, 3.30461, 2.79499, 2.33318, 3.09234, 2.77369, 2.23769, 1.86866, 4.20262, 4.6856, 5.21609, 5.1439, 3.235, 4.61181, 3.52375, 1.20791, 3.18513, 3.7347
4.2914, 3.34727, 3.71476, 2.00154, 2.63407, 3.63188, 3.62842, 4.61111, 1.69549, 5.74219, 3.39843, 2.20731, 3.46671, 3.28699, 2.79547, 2.32351, 3.11921, 2.76635, 2.21542, 1.85061, 4.23329, 4.63681, 5.19129, 5.08006, 3.25912, 4.57874, 3.52262, 1.24257, 3.22098, 3.70845
4.38265, 3.27176, 3.72205, 2.01788, 2.64856, 3.60287, 3.64811, 4.57899, 1.69344, 5.73207, 3.3951, 2.20778, 3.48785, 3.2638, 2.76994, 2.29523, 3.12313, 2.74435, 2.38831, 1.9828, 4.25819, 4.60052, 5.16913, 5.02443, 3.27459, 4.54899, 3.50785, 1.2745, 3.23871, 3.68138
4.44159, 3.23898, 3.741, 2.03472, 2.66455, 3.58302, 3.66985, 4.55196, 1.69128, 5.72566, 3.40699, 2.21273, 3.51424, 3.24766, 2.75995, 2.28141, 3.13702, 2.73385, 2.3665, 1.96605, 4.28478, 4.56904, 5.15071, 4.97365, 3.29165, 4.52463, 3.50462, 1.29968, 3.25955, 3.66146
4.50108, 3.20747, 3.75912, 2.05065, 2.67926, 3.56407, 3.69081, 4.52653, 1.68895, 5.71973, 3.41779, 2.21737, 3.53925, 3.23254, 2.74809, 2.26761, 3.14953, 2.72403, 2.344, 1.9493, 4.30985, 4.53989, 5.13362, 4.92654, 3.30781, 4.50156, 3.50091, 1.32307, 3.27906, 3.64264
4.32878, 3.24495, 3.7863, 2.07794, 2.70259, 3.54387, 3.71807, 4.49196, 1.68996, 5.71125, 3.43865, 2.23029, 3.59573, 3.21689, 2.7428, 2.25769, 3.17448, 2.71898, 2.32737, 1.9358, 4.33667, 4.49733, 5.11523, 4.87259, 3.33059, 4.47197, 3.50173, 1.35219, 3.31305, 3.61913
4.3845, 3.32838, 3.8229, 2.13825, 2.76517, 3.58793, 3.81841, 4.55298, 1.76183, 5.71542, 3.47943, 2.28657, 3.65458, 3.28036, 2.78571, 2.30446, 3.22377, 2.77285, 2.3668, 1.97743, 4.45135, 4.59054, 5.29792, 5.06661, 3.42178, 4.52046, 3.53154, 1.4042, 3.38107, 3.67553
4.43266, 3.29855, 3.84506, 2.15292, 2.77902, 3.57086, 3.84115, 4.52938, 1.76034, 5.70828, 3.4928, 2.2907, 3.68096, 3.26542, 2.77724, 2.29258, 3.23754, 2.76449, 2.34666, 1.96184, 4.47107, 4.56234, 5.27649, 5.02247, 3.43772, 4.49869, 3.53022, 1.42451, 3.40026, 3.65794
4.43498, 3.20192, 3.881, 2.00797, 2.81373, 3.49841, 3.85108, 4.46175, 1.78174, 5.66453, 3.54118, 2.16462, 3.7034, 3.17308, 2.84613, 2.19542, 3.28028, 2.66544, 2.4345, 1.88008, 4.47164, 4.49376, 5.26716, 4.96186, 3.45336, 4.43281, 3.6205, 1.1645, 3.42391, 3.57828
4.48689, 3.17663, 3.90055, 2.02552, 2.82678, 3.48262, 3.87334, 4.4403, 1.78142, 5.65714, 3.55337, 2.17188, 3.7305, 3.16039, 2.83741, 2.1881, 3.29321, 2.65976, 2.4126, 1.87013, 4.49047, 4.46853, 5.24778, 4.92156, 3.4691, 4.41255, 3.6177, 1.18755, 3.44282, 3.56226
4.54152, 3.15162, 3.92067, 2.04281, 2.83947, 3.46738, 3.89552, 4.41971, 1.78125, 5.64995, 3.56566, 2.17902, 3.75785, 3.1481, 2.82831, 2.18087, 3.30598, 2.6545, 2.3909, 1.86005, 4.50849, 4.4442, 5.2297, 4.88302, 3.48461, 4.39291, 3.61522, 1.20965, 3.46148, 3.54677
4.48706, 3.21947, 3.89096, 2.10957, 2.81143, 3.58442, 3.78818, 4.53166, 2.03869, 5.38848, 3.5388, 2.25173, 3.7119, 3.23484, 2.81331, 2.2602, 3.2775, 2.73898, 2.38471, 1.93523, 4.40901, 4.51575, 5.1332, 4.92048, 3.38388, 4.54586, 3.59617, 1.26978, 3.41096, 3.65225
4.53121, 3.29255, 3.92119, 2.16126, 2.8648, 3.62257, 3.87448, 4.58426, 2.10283, 5.39756, 3.57264, 2.29994, 3.76114, 3.29012, 2.84902, 2.29992, 3.31872, 2.78537, 2.41752, 1.97041, 4.50686, 4.59755, 5.29551, 5.08826, 3.46258, 4.5864, 3.61988, 1.31344, 3.46876, 3.70119
4.48779, 3.33001, 3.89089, 2.2039, 2.81827, 3.69004, 3.80582, 4.62684, 1.88848, 5.60742, 3.54231, 2.34666, 3.71731, 3.33831, 2.8233, 2.3542, 3.28391, 2.83787, 2.39861, 2.02532, 4.44538, 4.62861, 5.23803, 5.10559, 3.38897, 4.63967, 3.59765, 1.35489, 3.41781, 3.75567
4.53095, 3.30245, 3.91281, 2.21631, 2.8298, 3.67617, 3.82379, 4.6072, 1.88933, 5.59938, 3.55562, 2.34995, 3.7397, 3.3251, 2.81928, 2.34514, 3.2967, 2.83089, 2.3836, 2.01255, 4.46118, 4.60527, 5.22263, 5.06931, 3.40102, 4.62181, 3.59709, 1.37264, 3.43343, 3.74094
4.53063, 3.22441, 3.93801, 2.10172, 2.85598, 3.61826, 3.83174, 4.55355, 1.90665, 5.5629, 3.59119, 2.24912, 3.75612, 3.25126, 2.87256, 2.26629, 3.32873, 2.75135, 2.45257, 1.94528, 4.46174, 4.55041, 5.21573, 5.02065, 3.4134, 4.57012, 3.66254, 1.13333, 3.4513, 3.6776
4.57783, 3.20027, 3.9578, 2.11602, 2.86693, 3.60537, 3.84936, 4.5356, 1.90802, 5.55503, 3.60353, 2.25446, 3.77893, 3.23953, 2.86816, 2.26001, 3.3409, 2.74615, 2.43659, 1.93628, 4.47679, 4.52944, 5.20171, 4.98736, 3.42524, 4.55343, 3.66051, 1.15261, 3.46658, 3.66402
4.62916, 3.17607, 3.97806, 2.13021, 2.87758, 3.5929, 3.8669, 4.51834, 1.90943, 5.54736, 3.61588, 2.25974, 3.80183, 3.22808, 2.86361, 2.2539, 3.35288, 2.74128, 2.4208, 1.92736, 4.49123, 4.50926, 5.18853, 4.95545, 3.43688, 4.53726, 3.65869, 1.17115, 3.48159, 3.65086
4.49012, 3.20143, 4.00576, 2.15406, 2.89427, 3.57928, 3.88847, 4.4948, 1.91311, 5.53798, 3.63585, 2.27123, 3.86572, 3.21407, 2.86411, 2.25046, 3.37424, 2.73967, 2.40905, 1.92053, 4.50647, 4.47978, 5.17457, 4.91873, 3.45265, 4.51675, 3.6596, 1.1935, 3.50697, 3.63368
4.52541, 3.26033, 4.03, 2.19721, 2.9377, 3.61119, 3.95874, 4.54067, 1.96381, 5.54315, 3.66304, 2.31126, 3.90485, 3.26131, 2.89284, 2.28299, 3.40743, 2.77832, 2.43545, 1.94912, 4.58488, 4.55094, 5.30674, 5.06138, 3.51669, 4.55128, 3.67802, 1.22885, 3.55366, 3.67497
4.56565, 3.23795, 4.05348, 2.21124, 2.94774, 3.59986, 3.97844, 4.52537, 1.96531, 5.5356, 3.67653, 2.31609, 3.92947, 3.24899, 2.88983, 2.27764, 3.41979, 2.77396, 2.42131, 1.94071, 4.59561, 4.5316, 5.2921, 5.03175, 3.52801, 4.53617, 3.67728, 1.24542, 3.56816, 3.6626
4.6085, 3.21557, 4.07781, 2.22547, 2.95752, 3.5889, 3.99831, 4.51086, 1.96683, 5.52826, 3.69002, 2.32088, 3.95451, 3.23673, 2.88674, 2.27246, 3.43198, 2.76987, 2.40737, 1.9324, 4.6059, 4.51296, 5.27814, 5.00319, 3.53914, 4.52153, 3.67671, 1.26137, 3.58241, 3.65061
4.56791, 3.26368, 4.05363, 2.27376, 2.93255, 3.67681, 3.91546, 4.58621, 2.16837, 5.32995, 3.66832, 2.37383, 3.91755, 3.29709, 2.87501, 2.33074, 3.40864, 2.83141, 2.40293, 1.98745, 4.5331, 4.56046, 5.20761, 5.02698, 3.45156, 4.63746, 3.66246, 1.30475, 3.54101, 3.72668
4.53619, 3.291, 4.03019, 2.30453, 2.8969, 3.72579, 3.86517, 4.61693, 2.03738, 5.45671, 3.64507, 2.4078, 3.88505, 3.33086, 2.85565, 2.37077, 3.38216, 2.86943, 2.389, 2.02815, 4.48837, 4.58335, 5.16481, 5.04075, 3.39604, 4.67669, 3.64597, 1.33507, 3.50302, 3.76579
4.53586, 3.23146, 4.04493, 2.21979, 2.91581, 3.68163, 3.87084, 4.57613, 2.05062, 5.42787, 3.66895, 2.33155, 3.8953, 3.27392, 2.8951, 2.31034, 3.40463, 2.80853, 2.44096, 1.97692, 4.48856, 4.54143, 5.15992, 5.00343, 3.40528, 4.63785, 3.6891, 1.13372, 3.51568, 3.7175
4.50625, 3.25746, 4.02326, 2.24869, 2.88228, 3.72802, 3.82329, 4.60578, 1.8785, 5.60332, 3.64739, 2.36337, 3.86498, 3.30591, 2.87692, 2.34774, 3.37995, 2.84424, 2.42765, 2.01495, 4.44633, 4.56354, 5.1194, 5.01685, 3.35263, 4.67577, 3.67428, 1.1616, 3.48007, 3.75465
4.53888, 3.23941, 4.04394, 2.25974, 2.89048, 3.71837, 3.83612, 4.59226, 1.87912, 5.59783, 3.65889, 2.36657, 3.88379, 3.29575, 2.87515, 2.34246, 3.39016, 2.83983, 2.41705, 2.00678, 4.45758, 4.54802, 5.11143, 4.99231, 3.36067, 4.66342, 3.6731, 1.17575, 3.49134, 3.74428
4.56675, 3.28669, 4.06361, 2.29441, 2.92596, 3.74289, 3.89279, 4.62603, 1.91863, 5.60128, 3.68092, 2.39846, 3.91558, 3.33328, 2.89831, 2.36812, 3.41714, 2.87045, 2.43823, 2.02927, 4.52138, 4.60168, 5.22334, 5.09781, 3.412, 4.68748, 3.68741, 1.20345, 3.52949, 3.77624
4.59991, 3.26732, 4.08629, 2.30564, 2.93382, 3.73379, 3.90644, 4.61319, 1.91929, 5.59577, 3.69281, 2.40139, 3.93416, 3.32288, 2.89734, 2.36332, 3.42738, 2.86622, 2.42852, 2.02156, 4.53067, 4.58636, 5.21357, 5.07415, 3.41981, 4.67562, 3.68672, 1.21665, 3.54038, 3.76628
4.63526, 3.24785, 4.10997, 2.31728, 2.94147, 3.72497, 3.92005, 4.60084, 1.91998, 5.59042, 3.70463, 2.40432, 3.95281, 3.3126, 2.89632, 2.35868, 3.43744, 2.86219, 2.41896, 2.01402, 4.53961, 4.57161, 5.20424, 5.05133, 3.42748, 4.66412, 3.68614, 1.22937, 3.55104, 3.75662
4.67418, 3.22808, 4.13492, 2.32953, 2.94891, 3.71643, 3.93362, 4.58898, 1.92069, 5.58522, 3.71637, 2.40725, 3.97155, 3.30241, 2.89524, 2.35421, 3.44733, 2.85836, 2.40956, 2.00666, 4.5482, 4.55739, 5.19536, 5.02936, 3.43499, 4.65297, 3.68567, 1.24165, 3.56147, 3.74724
4.67195, 3.17904, 4.14421, 2.26117, 2.9639, 3.68032, 3.93778, 4.55568, 1.93128, 5.56267, 3.73424, 2.34477, 3.97885, 3.25563, 2.92708, 2.30434, 3.46473, 2.8083, 2.45209, 1.96466, 4.54791, 4.52332, 5.19121, 4.99919, 3.44228, 4.62132, 3.705, 1.00617, 3.57126, 3.70775
4.69409, 3.22088, 4.16069, 2.29165, 2.99427, 3.70216, 3.98691, 4.58711, 1.9656, 5.56599, 3.7528, 2.37264, 4.00547, 3.28892, 2.9467, 2.32667, 3.48755, 2.83518, 2.47006, 1.98413, 4.60259, 4.57274, 5.29117, 5.10055, 3.48674, 4.64347, 3.71653, 1.02958, 3.60376, 3.73628
4.65699, 3.19758, 4.10598, 2.26994, 2.96372, 3.65078, 3.96375, 4.55537, 1.96212, 5.52883, 3.69151, 2.34238, 3.96549, 3.25604, 2.85337, 2.26525, 3.43378, 2.79272, 2.33265, 1.9032, 4.57843, 4.54637, 5.27042, 5.07909, 3.46605, 4.60719, 3.63895, 1.03481, 3.57081, 3.69673
4.69309, 3.1857, 4.11891, 2.28232, 2.96847, 3.64463, 3.97574, 4.54737, 1.96228, 5.52484, 3.69666, 2.3464, 3.98021, 3.24985, 2.84775, 2.26165, 3.43905, 2.79116, 2.32048, 1.8966, 4.58479, 4.5363, 5.26143, 5.06178, 3.47183, 4.599, 3.63383, 1.04438, 3.57828, 3.69045
4.66595, 3.21703, 4.10204, 2.31485, 2.95082, 3.70511, 3.91813, 4.59925, 2.09939, 5.39152, 3.68184, 2.38218, 3.95498, 3.29024, 2.84023, 2.30089, 3.4231, 2.83275, 2.31823, 1.93341, 4.53502, 4.56856, 5.21311, 5.0772, 3.40533, 4.68979, 3.62512, 1.07264, 3.54972, 3.74237
4.64497, 3.23488, 4.08601, 2.33539, 2.92642, 3.73798, 3.88415, 4.61983, 1.99412, 5.49572, 3.66612, 2.40499, 3.93316, 3.31268, 2.8275, 2.32788, 3.40524, 2.85824, 2.30946, 1.96083, 4.50487, 4.58391, 5.18414, 5.08617, 3.36684, 4.71669, 3.61484, 1.09264, 3.52399, 3.76862
4.67807, 3.21886, 4.1055, 2.34438, 2.9324, 3.73107, 3.89435, 4.61009, 1.99529, 5.49103, 3.67497, 2.40704, 3.94787, 3.3047, 2.82521, 2.32359, 3.41286, 2.85507, 2.30127, 1.95393, 4.51221, 4.57247, 5.17733, 5.06819, 3.37253, 4.70775, 3.61326, 1.10274, 3.53225, 3.76108
4.65833, 3.2356, 4.09027, 2.36372, 2.90921, 3.76233, 3.86214, 4.62965, 1.82561, 5.66715, 3.66007, 2.42859, 3.92724, 3.32587, 2.81318, 2.34915, 3.39593, 2.87918, 2.29303, 1.97989, 4.48369, 4.58705, 5.14991, 5.07682, 3.33583, 4.73349, 3.60353, 1.12165, 3.50786, 3.78596
4.67692, 3.2697, 4.10438, 2.38843, 2.9342, 3.77937, 3.90233, 4.65322, 1.85274, 5.66905, 3.67572, 2.45087, 3.94954, 3.35242, 2.8293, 2.36665, 3.41491, 2.90051, 2.30763, 1.995, 4.52933, 4.62496, 5.23831, 5.15589, 3.37191, 4.74936, 3.61343, 1.14052, 3.5348, 3.80824
4.63226, 3.27571, 4.12969, 2.40299, 2.94234, 3.7722, 3.91371, 4.64127, 1.85365, 5.66489, 3.68807, 2.45518, 3.96997, 3.34376, 2.82994, 2.36353, 3.42646, 2.8985, 2.30222, 1.98914, 4.53621, 4.60992, 5.23082, 5.13674, 3.37872, 4.73926, 3.61325, 1.15136, 3.54667, 3.79917
4.65891, 3.2611, 4.15255, 2.41258, 2.94766, 3.76604, 3.92334, 4.63256, 1.85363, 5.66163, 3.69658, 2.45672, 3.98334, 3.33614, 2.82837, 2.35959, 3.43351, 2.8955, 2.29537, 1.98268, 4.54227, 4.59951, 5.22421, 5.12066, 3.38375, 4.73128, 3.61209, 1.16007, 3.55403, 3.79239
4.65749, 3.22639, 4.15858, 2.3654, 2.95815, 3.74048, 3.92631, 4.60898, 1.86117, 5.64581, 3.70924, 2.41311, 3.98836, 3.30299, 2.85152, 2.32495, 3.44583, 2.86021, 2.3261, 1.95461, 4.54209, 4.57537, 5.22122, 5.0995, 3.38902, 4.7091, 3.64888, 1.06912, 3.56092, 3.76449
4.68411, 3.21656, 4.17493, 2.37744, 2.96181, 3.73572, 3.93476, 4.60248, 1.86061, 5.64337, 3.71393, 2.41588, 3.99955, 3.2978, 2.84787, 2.32191, 3.45019, 2.85871, 2.3175, 1.94909, 4.54724, 4.56762, 5.21501, 5.08617, 3.39296, 4.70283, 3.64511, 1.07634, 3.56648, 3.75959
4.71441, 3.2063, 4.19315, 2.39043, 2.96536, 3.7311, 3.94312, 4.59623, 1.86009, 5.641, 3.71856, 2.41858, 4.01069, 3.29266, 2.84426, 2.31894, 3.45445, 2.85728, 2.30912, 1.94368, 4.5522, 4.56014, 5.20904, 5.07329, 3.39681, 4.69674, 3.64145, 1.08331, 3.5719, 3.75484
4.72932, 3.23502, 4.20473, 2.41162, 2.98613, 3.74571, 3.97682, 4.61723, 1.88286, 5.64275, 3.73145, 2.43742, 4.02886, 3.31542, 2.85755, 2.33363, 3.4701, 2.87536, 2.32116, 1.95631, 4.58999, 4.59352, 5.28464, 5.14544, 3.42706, 4.71074, 3.64953, 1.09905, 3.59419, 3.774
4.72084, 3.19158, 4.20244, 2.32262, 2.99885, 3.71361, 3.97872, 4.5889, 1.8915, 5.62441, 3.75114, 2.36218, 4.03179, 3.27137, 2.8946, 2.28708, 3.48641, 2.82532, 2.36601, 1.92526, 4.58759, 4.56517, 5.27937, 5.12176, 3.43238, 4.684, 3.62717, 1.31944, 3.60126, 3.73854
4.71903, 3.16113, 4.20719, 2.28028, 3.00785, 3.6912, 3.98108, 4.56839, 1.89798, 5.61068, 3.76199, 2.32279, 4.03587, 3.2422, 2.91503, 2.25584, 3.49698, 2.79398, 2.3934, 1.89996, 4.58724, 4.54428, 5.27663, 5.10365, 3.43681, 4.66469, 3.64961, 1.21402, 3.60707, 3.71411
4.71726, 3.13129, 4.21186, 2.23839, 3.01663, 3.66932, 3.98338, 4.54841, 1.90429, 5.59733, 3.77264, 2.28384, 4.03986, 3.21364, 2.93513, 2.22497, 3.50734, 2.7632, 2.42042, 1.87492, 4.58689, 4.52391, 5.27395, 5.08601, 3.44114, 4.64587, 3.67679, 1.13878, 3.61274, 3.69025
4.69999, 3.15144, 4.20078, 2.259, 3.0044, 3.70856, 3.94607, 4.58203, 1.9911, 5.51297, 3.76293, 2.3065, 4.02355, 3.23923, 2.92979, 2.25006, 3.49671, 2.78969, 2.41839, 1.89869, 4.55476, 4.54502, 5.24247, 5.09585, 3.39369, 4.71202, 3.67079, 1.1574, 3.59399, 3.72355
4.68655, 3.163, 4.19042, 2.27204, 2.98833, 3.72961, 3.92412, 4.59533, 1.85436, 5.65217, 3.75282, 2.32101, 4.00954, 3.25354, 2.92141, 2.26725, 3.48512, 2.80594, 2.41243, 1.91624, 4.53525, 4.55502, 5.22362, 5.10157, 3.36827, 4.72963, 3.66385, 1.17048, 3.57731, 3.74039
4.71318, 3.15605, 4.20067, 2.28195, 2.99124, 3.7259, 3.93067, 4.59028, 1.85389, 5.6503, 3.75628, 2.32392, 4.01918, 3.24946, 2.91875, 2.26563, 3.48866, 2.8051, 2.40527, 1.91297, 4.53938, 4.54907, 5.21873, 5.09111, 3.37128, 4.72472, 3.66115, 1.17598, 3.58175, 3.73657
4.6725, 3.16387, 4.2193, 2.29607, 2.99704, 3.72089, 3.93888, 4.58223, 1.85459, 5.64739, 3.76508, 2.32851, 4.03587, 3.24309, 2.91932, 2.26466, 3.49736, 2.80448, 2.40072, 1.9104, 4.5442, 4.53897, 5.21362, 5.07803, 3.37598, 4.71775, 3.66133, 1.18366, 3.59036, 3.73015
4.67133, 3.13824, 4.22311, 2.26033, 3.00452, 3.70226, 3.94099, 4.56516, 1.86, 5.63605, 3.77416, 2.29512, 4.03929, 3.21857, 2.93646, 2.23818, 3.50619, 2.77814, 2.42378, 1.88881, 4.54407, 4.52146, 5.21148, 5.06275, 3.3798, 4.70186, 3.68493, 1.11788, 3.59527, 3.70979
4.6824, 3.15944, 4.23136, 2.27621, 3.02024, 3.7136, 3.96626, 4.58124, 1.8773, 5.6374, 3.78341, 2.30944, 4.05259, 3.23592, 2.94628, 2.24959, 3.5177, 2.79205, 2.43279, 1.89868, 4.572, 4.54668, 5.26812, 5.11758, 3.40272, 4.71236, 3.69108, 1.12999, 3.61194, 3.72454
4.70537, 3.15347, 4.24232, 2.28682, 3.02286, 3.71033, 3.97272, 4.57693, 1.87696, 5.63564, 3.78665, 2.31226, 4.06227, 3.23187, 2.94401, 2.24838, 3.52101, 2.79146, 2.42634, 1.89605, 4.5754, 4.54137, 5.26344, 5.10833, 3.40548, 4.70798, 3.68869, 1.13497, 3.61599, 3.72116
4.71816, 3.1482, 4.25418, 2.29801, 3.02541, 3.70717, 3.97909, 4.57279, 1.87664, 5.63393, 3.78984, 2.31501, 4.07197, 3.22782, 2.94179, 2.24719, 3.52423, 2.7909, 2.42004, 1.89346, 4.57868, 4.53624, 5.25892, 5.09937, 3.40818, 4.70374, 3.68637, 1.13979, 3.61993, 3.71787
4.73043, 3.14316, 4.26687, 2.30969, 3.02779, 3.70421, 3.98516, 4.56896, 1.87635, 5.63233, 3.79286, 2.31759, 4.08136, 3.2239, 2.93968, 2.24607, 3.52727, 2.79038, 2.41413, 1.89101, 4.58174, 4.53145, 5.25472, 5.091, 3.41071, 4.69976, 3.6842, 1.1443, 3.62364, 3.7148
4.72093, 3.12684, 4.25596, 2.2896, 3.02378, 3.6843, 3.98055, 4.55416, 1.87805, 5.61887, 3.78227, 2.29646, 4.07322, 3.20593, 2.92375, 2.22059, 3.51826, 2.76936, 2.38992, 1.86317, 4.57591, 4.51772, 5.2489, 5.07942, 3.4077, 4.68433, 3.67586, 1.1157, 3.61792, 3.69681
4.70867, 3.14115, 4.24783, 2.30424, 3.01494, 3.71231, 3.95392, 4.57815, 1.93942, 5.55942, 3.7753, 2.31259, 4.06157, 3.2239, 2.91999, 2.23843, 3.51063, 2.78818, 2.38859, 1.88004, 4.55308, 4.53287, 5.22636, 5.08659, 3.36983, 4.73862, 3.67162, 1.12889, 3.60451, 3.72049
4.71777, 3.15902, 4.25478, 2.31764, 3.02809, 3.72179, 3.97516, 4.59162, 1.95407, 5.56085, 3.78306, 2.32455, 4.07265, 3.23848, 2.92819, 2.2479, 3.52025, 2.79979, 2.39609, 1.88819, 4.57656, 4.55402, 5.27567, 5.13383, 3.38907, 4.74715, 3.67678, 1.13896, 3.61846, 3.73282
4.7285, 3.15446, 4.25961, 2.3226, 3.03021, 3.71916, 3.98053, 4.58815, 1.95405, 5.55919, 3.78574, 2.32676, 4.08085, 3.23498, 2.92624, 2.24684, 3.52294, 2.7993, 2.3908, 1.88589, 4.57925, 4.54972, 5.27188, 5.12635, 3.39123, 4.74361, 3.67483, 1.14294, 3.62173, 3.73009
4.71951, 3.16214, 4.25251, 2.33125, 3.01936, 3.73314, 3.96588, 4.59689, 1.91102, 5.59992, 3.77891, 2.33645, 4.07147, 3.24439, 2.92063, 2.25835, 3.51513, 2.81011, 2.38689, 1.89767, 4.56623, 4.55634, 5.25928, 5.13006, 3.37397, 4.75536, 3.6702, 1.15169, 3.61054, 3.74125
4.71838, 3.14325, 4.25497, 2.30527, 3.02478, 3.71939, 3.96736, 4.58433, 1.91501, 5.59144, 3.78545, 2.31186, 4.07381, 3.22627, 2.93332, 2.23877, 3.52152, 2.79066, 2.40401, 1.88188, 4.56607, 4.54348, 5.25764, 5.11894, 3.37675, 4.74373, 3.68795, 1.10235, 3.61407, 3.72624
4.72836, 3.13922, 4.26577, 2.315, 3.02671, 3.71699, 3.97213, 4.58116, 1.9149, 5.59003, 3.78785, 2.31393, 4.08146, 3.22308, 2.93153, 2.23785, 3.52396, 2.79023, 2.39916, 1.87985, 4.5686, 4.53961, 5.25427, 5.11213, 3.3787, 4.74052, 3.68615, 1.10603, 3.61705, 3.72375
4.73826, 3.13523, 4.27008, 2.31948, 3.02858, 3.71466, 3.97681, 4.57811, 1.9148, 5.58866, 3.79021, 2.31595, 4.08909, 3.2199, 2.92977, 2.23695, 3.52634, 2.78983, 2.39443, 1.87787, 4.57105, 4.53586, 5.25101, 5.10554, 3.38061, 4.7374, 3.6844, 1.1096, 3.61994, 3.72133
4.71206, 3.13914, 4.27986, 2.32687, 3.03229, 3.7115, 3.98249, 4.57313, 1.91544, 5.58664, 3.79601, 2.31904, 4.10126, 3.21518, 2.93007, 2.23646, 3.53205, 2.78955, 2.39135, 1.87634, 4.57393, 4.52949, 5.24761, 5.09731, 3.38355, 4.73301, 3.68441, 1.11458, 3.62549, 3.71723
4.72112, 3.13556, 4.28403, 2.33112, 3.03406, 3.70931, 3.98701, 4.57031, 1.91536, 5.58535, 3.7983, 2.32096, 4.10902, 3.21192, 2.9284, 2.23561, 3.53432, 2.78918, 2.38688, 1.87444, 4.57622, 4.52598, 5.24457, 5.09114, 3.38535, 4.73007, 3.68277, 1.11793, 3.62824, 3.71496
4.72819, 3.14961, 4.28949, 2.34176, 3.04438, 3.7168, 4.00373, 4.58114, 1.92678, 5.58639, 3.80437, 2.33039, 4.11761, 3.22353, 2.93482, 2.24305, 3.54186, 2.79835, 2.39274, 1.88083, 4.59459, 4.54286, 5.28389, 5.12936, 3.40046, 4.73685, 3.68679, 1.12583, 3.63917, 3.72474
4.73684, 3.146, 4.29353, 2.34576, 3.04605, 3.71475, 4.00832, 4.57853, 1.92671, 5.58515, 3.80662, 2.33221, 4.12522, 3.22022, 2.9333, 2.24225, 3.54406, 2.798, 2.38856, 1.87904, 4.59663, 4.5395, 5.28087, 5.12352, 3.40218, 4.73408, 3.68527, 1.12897, 3.64178, 3.72259
4.73585, 3.13066, 4.29521, 2.32485, 3.05041, 3.70353, 4.00943, 4.56832, 1.92993, 5.57828, 3.81174, 2.31221, 4.12691, 3.2054, 2.94362, 2.22626, 3.54913, 2.78213, 2.40256, 1.86624, 4.59643, 4.52907, 5.27951, 5.11453, 3.40439, 4.72462, 3.6996, 1.08848, 3.64457, 3.71036
4.73729, 3.12932, 4.29605, 2.3274, 3.05066, 3.70197, 4.01256, 4.56707, 1.92924, 5.57755, 3.81182, 2.31328, 4.13166, 3.20271, 2.9409, 2.22522, 3.54933, 2.78169, 2.39756, 1.86431, 4.59704, 4.52771, 5.27632, 5.11091, 3.40499, 4.7228, 3.69717, 1.0905, 3.64533, 3.70896
4.729, 3.13892, 4.29043, 2.33724, 3.04445, 3.72096, 3.99449, 4.58281, 1.97168, 5.53691, 3.80703, 2.32414, 4.12371, 3.2146, 2.93833, 2.23726, 3.54407, 2.79436, 2.39666, 1.87569, 4.58163, 4.53775, 5.26115, 5.11551, 3.37539, 4.76415, 3.69431, 1.09934, 3.6361, 3.72485
4.72236, 3.14461, 4.28514, 2.34361, 3.03639, 3.73127, 3.98369, 4.58924, 1.94034, 5.56677, 3.80196, 2.33128, 4.11681, 3.22148, 2.93418, 2.24576, 3.53828, 2.80232, 2.39377, 1.88439, 4.57201, 4.54267, 5.25181, 5.11829, 3.36245, 4.77291, 3.69091, 1.10577, 3.62783, 3.73307
4.71614, 3.14995, 4.28017, 2.34958, 3.02881, 3.74097, 3.97353, 4.5953, 1.9104, 5.59536, 3.7972, 2.33797, 4.11034, 3.22794, 2.93028, 2.25373, 3.53284, 2.8098, 2.39105, 1.89255, 4.56297, 4.54729, 5.24304, 5.1209, 3.35025, 4.78116, 3.68772, 1.1118, 3.62005, 3.74079
4.7232, 3.14704, 4.28356, 2.35284, 3.0302, 3.73924, 3.97702, 4.59302, 1.91031, 5.59436, 3.79906, 2.33944, 4.11646, 3.22527, 2.92904, 2.25303, 3.53466, 2.80947, 2.38761, 1.89102, 4.56479, 4.54451, 5.24069, 5.11601, 3.35159, 4.77886, 3.68644, 1.11442, 3.62218, 3.739
4.73015, 3.14418, 4.28686, 2.356, 3.03154, 3.73757, 3.98045, 4.59082, 1.91023, 5.59339, 3.80088, 2.34087, 4.12257, 3.22261, 2.92783, 2.25235, 3.53642, 2.80915, 2.38428, 1.88952, 4.56656, 4.54182, 5.23842, 5.11128, 3.3529, 4.77663, 3.6852, 1.11697, 3.62426, 3.73726
4.73699, 3.14137, 4.29009, 2.35907, 3.03285, 3.73595, 3.9838, 4.58871, 1.91016, 5.59245, 3.80267, 2.34226, 4.12865, 3.21994, 2.92664, 2.25169, 3.53814, 2.80885, 2.38104, 1.88805, 4.56826, 4.53922, 5.23623, 5.1067, 3.35417, 4.77447, 3.68399, 1.11944, 3.62627, 3.73557
4.74219, 3.15179, 4.29416, 2.36697, 3.04052, 3.74145, 3.99622, 4.59663, 1.91858, 5.5932, 3.80718, 2.34924, 4.13499, 3.22857, 2.93139, 2.25718, 3.54374, 2.81563, 2.38538, 1.89276, 4.58192, 4.55159, 5.26581, 5.1347, 3.36535, 4.77925, 3.68695, 1.12527, 3.6344, 3.74277
4.73718, 3.14321, 4.28844, 2.35652, 3.03845, 3.73106, 3.9938, 4.58887, 1.91943, 5.58604, 3.80164, 2.33816, 4.13066, 3.21919, 2.92298, 2.24366, 3.53904, 2.80461, 2.37264, 1.87778, 4.57887, 4.54436, 5.26277, 5.12863, 3.36389, 4.7712, 3.68267, 1.11012, 3.63141, 3.73335
4.73828, 3.14213, 4.28917, 2.35838, 3.03864, 3.72987, 3.99607, 4.58783, 1.91888, 5.5855, 3.80173, 2.33892, 4.13417, 3.21711, 2.92089, 2.24279, 3.53919, 2.80424, 2.36888, 1.87617, 4.57939, 4.5433, 5.26041, 5.12583, 3.36429, 4.76981, 3.68081, 1.11164, 3.63198, 3.73228
4.73891, 3.14086, 4.28921, 2.36001, 3.0386, 3.72806, 3.99809, 4.5865, 1.91839, 5.58465, 3.80087, 2.33934, 4.13719, 3.2147, 2.91717, 2.24082, 3.53854, 2.80325, 2.3819, 1.88644, 4.57968, 4.54199, 5.25794, 5.12291, 3.36455, 4.76807, 3.67814, 1.11361, 3.6322, 3.73076
4.73994, 3.13985, 4.28989, 2.36176, 3.03878, 3.72694, 4.00026, 4.58553, 1.91788, 5.58415, 3.80096, 2.34005, 4.14068, 3.21266, 2.91517, 2.23999, 3.53868, 2.8029, 2.37839, 1.88494, 4.58017, 4.54099, 5.25573, 5.12028, 3.36494, 4.76676, 3.67638, 1.11503, 3.63274, 3.72975
4.74092, 3.13888, 4.29057, 2.36345, 3.03896, 3.72585, 4.00239, 4.58461, 1.91739, 5.58366, 3.80105, 2.34073, 4.14416, 3.21063, 2.91323, 2.23919, 3.53882, 2.80256, 2.37498, 1.88348, 4.58065, 4.54003, 5.25359, 5.11773, 3.36531, 4.76549, 3.67467, 1.11641, 3.63326, 3.72878
4.74026, 3.12885, 4.29166, 2.34991, 3.0418, 3.71855, 4.00312, 4.57795, 1.9195, 5.57917, 3.80439, 2.32774, 4.14522, 3.20092, 2.92002, 2.22883, 3.54214, 2.79222, 2.38409, 1.8752, 4.58054, 4.53322, 5.25273, 5.11185, 3.36678, 4.75938, 3.68436, 1.08997, 3.63509, 3.72082
4.74119, 3.12798, 4.29227, 2.35152, 3.04197, 3.71753, 4.00513, 4.5771, 1.91904, 5.57871, 3.80446, 2.3284, 4.14875, 3.19893, 2.91818, 2.2281, 3.54226, 2.79192, 2.38085, 1.87386, 4.58099, 4.53233, 5.25071, 5.10947, 3.36713, 4.75818, 3.68275, 1.09128, 3.63558, 3.7199
4.73715, 3.13135, 4.28894, 2.35531, 3.03703, 3.72331, 3.99889, 4.58082, 1.90361, 5.59181, 3.80124, 2.33264, 4.14455, 3.20292, 2.91544, 2.23315, 3.53862, 2.79658, 2.3788, 1.87911, 4.57533, 4.53528, 5.24515, 5.11127, 3.35987, 4.76306, 3.68053, 1.09519, 3.63061, 3.7246
4.73804, 3.13052, 4.28952, 2.35682, 3.03719, 3.72235, 4.00075, 4.58001, 1.90316, 5.5914, 3.8013, 2.33326, 4.14783, 3.20106, 2.9137, 2.23244, 3.53873, 2.79628, 2.37577, 1.87783, 4.57577, 4.53443, 5.24327, 5.10902, 3.36019, 4.76194, 3.67902, 1.09642, 3.63107, 3.72374
4.74185, 3.13819, 4.29252, 2.36264, 3.04283, 3.72642, 4.00991, 4.58594, 1.90935, 5.59195, 3.80462, 2.3384, 4.15245, 3.20745, 2.91719, 2.23647, 3.54284, 2.80128, 2.37896, 1.88129, 4.58582, 4.54361, 5.26526, 5.12994, 3.36843, 4.76551, 3.68119, 1.1007, 3.63704, 3.72906
4.74266, 3.13739, 4.29308, 2.36405, 3.04297, 3.72551, 4.01177, 4.58519, 1.90893, 5.59155, 3.8047, 2.33898, 4.15564, 3.20561, 2.91557, 2.23581, 3.54296, 2.801, 2.37611, 1.88008, 4.5862, 4.5428, 5.26346, 5.12781, 3.36874, 4.76445, 3.67977, 1.10186, 3.63747, 3.72825
4.74345, 3.13661, 4.29363, 2.36542, 3.04312, 3.72464, 4.01359, 4.58447, 1.90852, 5.59117, 3.80478, 2.33954, 4.15883, 3.20378, 2.91399, 2.23516, 3.54308, 2.80073, 2.37334, 1.8789, 4.58658, 4.54202, 5.26172, 5.12574, 3.36904, 4.76343, 3.67839, 1.10299, 3.6379, 3.72746
4.74422, 3.13586, 4.29416, 2.36675, 3.04326, 3.72378, 4.01536, 4.58378, 1.90813, 5.5908, 3.80486, 2.34009, 4.16201, 3.20195, 2.91246, 2.23453, 3.54319, 2.80047, 2.37066, 1.87775, 4.58693, 4.54126, 5.26003, 5.12374, 3.36933, 4.76243, 3.67705, 1.10407, 3.63831, 3.7267
4.74496, 3.13514, 4.29468, 2.36803, 3.04339, 3.72296, 4.0171, 4.58311, 1.90774, 5.59044, 3.80493, 2.34061, 4.1652, 3.20012, 2.91096, 2.23391, 3.5433, 2.80022, 2.36805, 1.87663, 4.58728, 4.54052, 5.2584, 5.1218, 3.36962, 4.76147, 3.67575, 1.10513, 3.63871, 3.72596
4.74539, 3.13428, 4.29473, 2.36916, 3.04336, 3.7217, 4.01866, 4.58224, 1.9074, 5.58986, 3.80434, 2.34091, 4.16807, 3.19806, 2.90834, 2.23254, 3.54285, 2.79954, 2.37708, 1.88374, 4.58746, 4.53962, 5.25668, 5.11978, 3.3698, 4.76026, 3.67389, 1.1065, 3.63887, 3.7249
4.74608, 3.1336, 4.29523, 2.37037, 3.04349, 3.72092, 4.02032, 4.58162, 1.90704, 5.58952, 3.80442, 2.34141, 4.17126, 3.19624, 2.90692, 2.23196, 3.54295, 2.7993, 2.37464, 1.88269, 4.58778, 4.53894, 5.25515, 5.11796, 3.37007, 4.75936, 3.67267, 1.10749, 3.63924, 3.72421
4.74559, 3.12642, 4.29599, 2.36072, 3.04552, 3.7157, 4.02082, 4.57685, 1.90855, 5.58632, 3.8068, 2.33211, 4.17197, 3.18925, 2.91181, 2.22456, 3.54532, 2.79189, 2.38116, 1.87677, 4.5877, 4.53406, 5.25453, 5.11375, 3.37112, 4.75497, 3.6797, 1.08853, 3.64055, 3.7185
4.74262, 3.1289, 4.29353, 2.36351, 3.04188, 3.71995, 4.01624, 4.57958, 1.89705, 5.59611, 3.80442, 2.33523, 4.16889, 3.19218, 2.90979, 2.22829, 3.54263, 2.79533, 2.37965, 1.88065, 4.58353, 4.53623, 5.25043, 5.11507, 3.36578, 4.75857, 3.67806, 1.09141, 3.63688, 3.72196
4.74326, 3.1283, 4.29397, 2.36462, 3.042, 3.71924, 4.01773, 4.57901, 1.89671, 5.59581, 3.80448, 2.33569, 4.17191, 3.19048, 2.90849, 2.22776, 3.54272, 2.79512, 2.37741, 1.8797, 4.58383, 4.53561, 5.24904, 5.11342, 3.36602, 4.75774, 3.67694, 1.09232, 3.63723, 3.72132
4.74388, 3.12771, 4.2944, 2.36569, 3.04211, 3.71855, 4.01918, 4.57847, 1.89638, 5.59552, 3.80453, 2.33613, 4.17494, 3.18879, 2.90723, 2.22725, 3.54281, 2.79491, 2.37524, 1.87878, 4.58413, 4.535, 5.24769, 5.11181, 3.36626, 4.75694, 3.67586, 1.0932, 3.63756, 3.72071
