0.921642
0.973853
1.04364
1.13807
1.26794
1.45009
1.71165
1.91572
2.12844
1.97384
2.19401
2.12913
2.20044
2.20093
2.19783
2.26444
2.18345
2.28968
2.18291
2.30723
2.22296
2.33229
2.22182
2.32487
2.20867
2.29367
2.31871
2.24652
2.31701
2.32571
2.25539
2.31218
2.35815
2.32031
2.35428
2.32829
2.34979
2.24534
2.28407
2.32355
2.32378
2.35208
2.33475
2.29006
2.32457
2.36017
2.34067
2.36121
2.35412
2.33962
2.30044
2.32913
2.35847
2.34766
2.36281
2.34487
2.36719
2.34185
2.36675
2.34913
2.365
2.35223
2.36313
2.3553
2.36118
2.35835
2.35914
2.36137
2.35704
2.36437
2.3549
2.36733
2.35271
2.3686
2.35579
2.36701
2.35809
2.36541
2.36034
2.36381
2.36254
2.36222
2.36469
2.36063
2.36679
2.35906
2.36799
2.36564
2.35872
2.36767
2.35719
2.36642
2.36112
2.36517
2.36278
2.36395
2.36439
2.36276
2.36594
2.3616
