1.45048, 1.14574, 2.72235, 1.01536, 2.70637, 1.02067, 0.554641, 1.12607, 2.3501, 1.20639
1.4347, 1.14432, 2.80761, 0.95261, 2.78466, 0.962876, 0.504109, 1.14846, 2.3688, 1.18472
1.41863, 1.14323, 2.9968, 0.827008, 2.93183, 0.864377, 0.456862, 1.16905, 2.38873, 1.16326
1.40225, 1.14244, 3.03863, 0.795587, 2.97523, 0.831945, 0.41343, 1.18771, 2.41001, 1.14192
1.38557, 1.14195, 3.07768, 0.766936, 3.01673, 0.801736, 0.374091, 1.2044, 2.43276, 1.12058
1.36855, 1.14173, 3.11358, 0.741137, 3.05577, 0.773964, 0.338891, 1.21917, 2.45717, 1.0991
1.35121, 1.14177, 3.14615, 0.71815, 3.09196, 0.748735, 0.307696, 1.23213, 2.48347, 1.07734
1.33351, 1.14206, 3.17538, 0.697844, 3.12509, 0.726054, 0.28025, 1.24344, 2.51203, 1.05507
1.31544, 1.14259, 3.20141, 0.680021, 3.15509, 0.705838, 0.256225, 1.25326, 2.54333, 1.03202
1.29698, 1.14335, 3.22444, 0.664451, 3.18202, 0.687942, 0.235262, 1.26177, 2.57814, 1.00778
1.27811, 1.14434, 3.24473, 0.65089, 3.20604, 0.672178, 0.217007, 1.26914, 2.61769, 0.981699
1.2588, 1.14555, 3.26256, 0.639098, 3.22737, 0.658341, 0.20112, 1.27551, 2.66425, 0.952637
1.23901, 1.14697, 3.27819, 0.62885, 3.24624, 0.646222, 0.187292, 1.28103, 2.72276, 0.918108
1.2187, 1.14861, 3.29191, 0.619942, 3.26291, 0.635618, 0.175246, 1.28582, 2.80838, 0.870508
1.19782, 1.15047, 3.30393, 0.612191, 3.27761, 0.626343, 0.164737, 1.28997, 2.8409, 0.850621
1.22336, 1.142, 3.16583, 0.712169, 3.13701, 0.729404, 0.183769, 1.28807, 2.65573, 0.999066
1.20407, 1.14386, 3.18676, 0.697019, 3.1597, 0.713112, 0.173078, 1.29172, 2.69945, 0.969689
1.18429, 1.14591, 3.20574, 0.683426, 3.18042, 0.698406, 0.163667, 1.29493, 2.75508, 0.934273
1.16397, 1.14814, 3.2229, 0.671252, 3.19925, 0.685165, 0.155369, 1.29774, 2.83976, 0.883453
1.14304, 1.15056, 3.23839, 0.660358, 3.21635, 0.673262, 0.148037, 1.30023, 2.86722, 0.864961
1.12143, 1.15318, 3.25235, 0.650615, 3.23183, 0.662574, 0.141544, 1.30242, 2.8941, 0.847173
1.1365, 1.14814, 3.13266, 0.739256, 3.1102, 0.753664, 0.159173, 1.29986, 2.74577, 0.963851
1.11581, 1.15078, 3.15168, 0.725037, 3.13022, 0.738728, 0.152173, 1.30193, 2.80771, 0.923642
1.09442, 1.15361, 3.16927, 0.712021, 3.14881, 0.724999, 0.145922, 1.30378, 2.83115, 0.906553
1.07224, 1.15664, 3.18548, 0.700127, 3.16602, 0.712406, 0.140329, 1.30543, 2.85423, 0.890005
1.04911, 1.15989, 3.2004, 0.689268, 3.18192, 0.700871, 0.135314, 1.30691, 2.87687, 0.874032
1.02487, 1.1634, 3.21411, 0.679361, 3.19658, 0.690316, 0.130808, 1.30824, 2.89898, 0.85866
0.999267, 1.16721, 3.22671, 0.670325, 3.21009, 0.680663, 0.126751, 1.30943, 2.92048, 0.843911
1.00016, 1.1657, 3.12827, 0.744402, 3.11024, 0.756548, 0.141925, 1.3069, 2.80335, 0.935563
0.973799, 1.16976, 3.14378, 0.732664, 3.12638, 0.744322, 0.137379, 1.30811, 2.89302, 0.87912
0.945446, 1.17423, 3.15827, 0.721786, 3.14151, 0.732959, 0.133256, 1.3092, 2.91234, 0.865036
0.91443, 1.17922, 3.17179, 0.711712, 3.15565, 0.72241, 0.129512, 1.31018, 2.9311, 0.851524
0.879644, 1.18493, 3.18438, 0.702389, 3.16887, 0.712625, 0.126104, 1.31108, 2.94926, 0.838587
0.839015, 1.19173, 3.19611, 0.693763, 3.18121, 0.703553, 0.122998, 1.3119, 2.96679, 0.826228
0.80926, 1.19628, 3.11216, 0.758333, 3.09607, 0.769719, 0.135842, 1.30968, 2.85466, 0.945907
0.746033, 1.20727, 3.12553, 0.748051, 3.10986, 0.759074, 0.132385, 1.31052, 2.87038, 0.932672
0.727131, 1.21033, 3.13812, 0.738424, 3.12289, 0.749087, 0.129214, 1.3113, 2.88578, 0.919877
0.708689, 1.21333, 3.14999, 0.729416, 3.13519, 0.739724, 0.126302, 1.31201, 2.90081, 0.907527
0.690731, 1.21627, 3.16115, 0.720991, 3.14679, 0.730952, 0.123624, 1.31266, 2.91546, 0.895623
0.673275, 1.21915, 3.17165, 0.713113, 3.15772, 0.722735, 0.121156, 1.31326, 2.92971, 0.884165
0.656337, 1.22195, 3.18152, 0.705746, 3.16801, 0.71504, 0.11888, 1.31382, 2.94353, 0.873151
0.639927, 1.22468, 3.1908, 0.698858, 3.17769, 0.707834, 0.116777, 1.31433, 2.95693, 0.862577
0.624052, 1.22733, 3.19951, 0.692415, 3.18681, 0.701086, 0.114831, 1.3148, 2.96988, 0.852436
0.623392, 1.22712, 3.13634, 0.741141, 3.12286, 0.750835, 0.124906, 1.31302, 2.8779, 0.956199
0.608522, 1.22962, 3.14596, 0.733775, 3.13279, 0.743209, 0.122733, 1.31352, 2.88961, 0.94563
0.594173, 1.23204, 3.15507, 0.726835, 3.1422, 0.736014, 0.120714, 1.31399, 2.90104, 0.935411
0.580343, 1.23439, 3.1637, 0.720295, 3.15113, 0.729225, 0.118834, 1.31442, 2.91218, 0.925541
0.667101, 1.2593, 3.1589, 0.715927, 3.14656, 0.724594, 0.196978, 1.32724, 2.90843, 0.917111
0.65367, 1.26048, 3.16697, 0.710117, 3.1549, 0.718556, 0.192448, 1.32707, 2.91908, 0.908068
0.640665, 1.26164, 3.17461, 0.704634, 3.16282, 0.712853, 0.188206, 1.32691, 2.92942, 0.899345
0.628084, 1.26278, 3.18184, 0.69946, 3.17032, 0.707466, 0.184231, 1.32677, 2.93946, 0.890937
0.615924, 1.2639, 3.1887, 0.694575, 3.17743, 0.702375, 0.180503, 1.32663, 2.94921, 0.882838
0.604179, 1.26499, 3.19519, 0.689963, 3.18418, 0.697565, 0.177003, 1.32651, 2.95865, 0.87504
0.592842, 1.26605, 3.20135, 0.685606, 3.19058, 0.693017, 0.173714, 1.3264, 2.96779, 0.867536
0.592194, 1.26501, 3.15649, 0.72031, 3.14526, 0.728323, 0.17928, 1.32462, 2.91572, 0.906951
0.581593, 1.26604, 3.16304, 0.715506, 3.15202, 0.723351, 0.176121, 1.32457, 2.92437, 0.899732
0.571372, 1.26704, 3.16927, 0.710949, 3.15845, 0.71863, 0.173145, 1.32453, 2.93277, 0.892766
0.561521, 1.26802, 3.17521, 0.706623, 3.16458, 0.714146, 0.170339, 1.32449, 2.94091, 0.886045
0.55203, 1.26896, 3.18086, 0.702516, 3.17042, 0.709886, 0.167691, 1.32446, 2.94881, 0.879564
0.61205, 1.28429, 3.17734, 0.699946, 3.16705, 0.707157, 0.225926, 1.33437, 2.94655, 0.874284
0.602819, 1.28475, 3.18264, 0.696234, 3.17252, 0.703304, 0.222098, 1.33405, 2.95403, 0.868318
0.593903, 1.28521, 3.18769, 0.692705, 3.17774, 0.69964, 0.21847, 1.33374, 2.96127, 0.862567
0.585292, 1.28566, 3.1925, 0.689348, 3.18271, 0.696153, 0.215032, 1.33346, 2.96828, 0.857025
0.584764, 1.28446, 3.15818, 0.7161, 3.14806, 0.723337, 0.218454, 1.33185, 2.92899, 0.887069
0.576706, 1.28491, 3.16314, 0.712529, 3.15317, 0.719648, 0.215219, 1.33162, 2.93563, 0.881734
0.568928, 1.28535, 3.16789, 0.709123, 3.15805, 0.716128, 0.212147, 1.33141, 2.94207, 0.876584
0.561423, 1.28578, 3.17243, 0.705874, 3.16272, 0.712769, 0.209227, 1.33121, 2.94831, 0.871613
0.554181, 1.2862, 3.17677, 0.702772, 3.1672, 0.70956, 0.20645, 1.33102, 2.95436, 0.866814
0.547196, 1.28662, 3.18092, 0.699811, 3.17148, 0.706497, 0.203808, 1.33085, 2.96022, 0.862184
0.540458, 1.28702, 3.1849, 0.696984, 3.17558, 0.703569, 0.201293, 1.33068, 2.96589, 0.857716
0.53396, 1.28741, 3.1887, 0.694283, 3.1795, 0.700772, 0.198898, 1.33052, 2.97138, 0.853405
0.533667, 1.28655, 3.16169, 0.715386, 3.15224, 0.722204, 0.20183, 1.32934, 2.93215, 0.897724
0.527591, 1.28694, 3.16554, 0.712592, 3.15619, 0.719321, 0.199568, 1.32922, 2.93729, 0.893424
0.566635, 1.29621, 3.16339, 0.71079, 3.15412, 0.717428, 0.239904, 1.33636, 2.93576, 0.889891
0.560751, 1.2964, 3.167, 0.708227, 3.15782, 0.714784, 0.237196, 1.33611, 2.94062, 0.885899
0.555068, 1.29659, 3.17046, 0.705772, 3.16138, 0.71225, 0.234608, 1.33588, 2.94533, 0.88204
0.549579, 1.29678, 3.17378, 0.703419, 3.1648, 0.709821, 0.232134, 1.33565, 2.94989, 0.87831
0.544279, 1.29697, 3.17697, 0.701164, 3.16808, 0.707492, 0.229768, 1.33543, 2.95432, 0.874705
0.53916, 1.29715, 3.18004, 0.699002, 3.17123, 0.705259, 0.227505, 1.33523, 2.95861, 0.871222
0.534218, 1.29732, 3.18298, 0.69693, 3.17426, 0.703117, 0.225338, 1.33503, 2.96276, 0.867855
0.529445, 1.2975, 3.1858, 0.694942, 3.17716, 0.701063, 0.223264, 1.33485, 2.96679, 0.864602
0.524836, 1.29767, 3.18852, 0.693034, 3.17996, 0.699091, 0.221277, 1.33467, 2.97069, 0.861459
0.524636, 1.29695, 3.16922, 0.708129, 3.16049, 0.714403, 0.223132, 1.33375, 2.94865, 0.878244
0.52032, 1.29712, 3.17191, 0.706203, 3.16326, 0.712417, 0.221264, 1.3336, 2.95234, 0.875246
0.516153, 1.29728, 3.1745, 0.704352, 3.16592, 0.710509, 0.219473, 1.33345, 2.95592, 0.872348
0.512127, 1.29744, 3.177, 0.702573, 3.16848, 0.708675, 0.217756, 1.33331, 2.95939, 0.869544
0.538275, 1.30337, 3.17549, 0.701466, 3.16702, 0.70751, 0.245984, 1.33842, 2.95842, 0.867291
0.534401, 1.30345, 3.17783, 0.699821, 3.16942, 0.705814, 0.244101, 1.33822, 2.96169, 0.864679
0.530656, 1.30353, 3.18008, 0.69824, 3.17174, 0.704182, 0.242293, 1.33804, 2.96486, 0.862154
0.527036, 1.30361, 3.18225, 0.696719, 3.17397, 0.702613, 0.240556, 1.33786, 2.96793, 0.859711
0.523537, 1.30369, 3.18434, 0.695256, 3.17611, 0.701102, 0.238886, 1.33769, 2.97091, 0.857349
0.523385, 1.30308, 3.16962, 0.706811, 3.16127, 0.71282, 0.240159, 1.33695, 2.9542, 0.870122
0.520105, 1.30316, 3.17166, 0.705358, 3.16336, 0.711323, 0.238592, 1.33679, 2.95701, 0.867874
0.516934, 1.30324, 3.17363, 0.703958, 3.16539, 0.709882, 0.237084, 1.33665, 2.95974, 0.865699
0.513869, 1.30332, 3.17554, 0.70261, 3.16734, 0.708493, 0.235634, 1.33651, 2.96238, 0.863594
0.510905, 1.30339, 3.17737, 0.701312, 3.16922, 0.707155, 0.234239, 1.33638, 2.96494, 0.861558
0.50804, 1.30346, 3.17914, 0.700061, 3.17103, 0.705866, 0.232897, 1.33625, 2.96742, 0.859587
0.505269, 1.30354, 3.18084, 0.698856, 3.17278, 0.704624, 0.231604, 1.33613, 2.96983, 0.85768
0.50259, 1.30361, 3.18249, 0.697694, 3.17447, 0.703426, 0.23036, 1.33601, 2.97216, 0.855835
0.522644, 1.30695, 3.1683, 0.707191, 3.16018, 0.713047, 0.252198, 1.33916, 2.9562, 0.866154
