1.59746
1.27421
1.45695
1.33143
1.43476
1.37337
1.42983
1.40403
1.43433
1.42668
1.44364
1.44424
1.45485
1.45873
1.46639
1.4713
1.47749
1.4825
1.48784
1.49262
1.49738
1.5018
1.5061
1.51015
1.51405
1.51775
1.52128
1.52465
1.52787
1.53093
1.53386
1.53665
1.53931
1.54185
1.54428
1.54659
1.54881
1.55092
1.55294
1.55487
1.55671
1.55848
1.56017
1.56178
1.56333
1.56481
1.56623
1.56759
1.56889
1.57014
1.57134
1.57249
1.57359
1.57465
1.57567
1.57665
1.57758
1.57848
1.57935
1.58018
1.58098
1.58175
1.58249
1.58321
1.58389
1.58455
1.58519
1.5858
1.58639
1.58696
1.58751
1.58804
1.58855
1.58904
1.58951
1.58997
1.59041
1.59084
1.59125
1.59164
1.59203
1.59239
1.59275
1.5931
1.59343
1.59375
1.59406
1.59436
1.59465
1.59493
1.5952
1.59546
1.59571
1.59596
1.59619
1.59642
1.59664
1.59686
1.59706
1.59727
