0.38768
0.402365
0.36476
0.372973
0.382356
0.393287
0.378177
0.352337
0.354143
0.33321
0.358468
0.364212
0.370639
0.377985
0.386718
0.398074
0.40518
0.404865
0.369733
0.357004
0.362442
0.369137
0.378629
0.382723
0.386775
0.390762
0.394668
0.398478
0.402181
0.405771
0.409243
0.412598
0.414452
0.408033
0.411032
0.413925
0.416715
0.419408
0.415566
0.380735
0.394661
0.397524
0.400352
0.403141
0.405891
0.408602
0.411274
0.413909
0.416507
0.419073
0.421609
0.42412
0.426611
0.428569
0.416111
0.418205
0.420269
0.420422
0.417471
0.419337
0.421175
0.422986
0.424773
0.426539
0.428287
0.430019
0.43174
0.433453
0.43335
0.428648
0.430159
0.431654
0.433134
0.430957
0.426833
0.424651
0.425865
0.42706
0.428235
0.429392
0.430533
0.431658
0.432768
0.433865
0.43495
0.436023
0.435427
0.432403
0.433358
0.434301
0.434756
0.430909
0.430087
0.430885
0.431668
0.432437
0.433194
0.433938
0.43467
0.43539
