0.717008
0.617044
0.628271
0.594502
0.440947
0.47915
0.590246
0.572237
0.645451
0.629866
0.6189
0.467294
0.507979
0.565627
0.592539
0.631321
0.660991
0.722294
0.699768
0.626041
0.596921
0.502931
0.574464
0.566327
0.651816
0.66784
0.710455
0.690861
0.695249
0.728892
0.738472
0.719071
0.716798
0.727445
0.739341
0.732824
0.723693
0.509316
0.734639
0.656468
0.721307
0.729025
0.721041
0.737986
0.735511
0.736608
0.742223
0.747833
0.737873
0.744871
0.743696
0.722537
0.721115
0.73845
0.6852
0.730743
0.745002
0.739649
0.744708
0.744358
0.747764
0.751503
0.73666
0.73263
0.749252
0.752365
0.750049
0.751806
0.753285
0.755085
0.739602
0.737125
0.747424
0.752071
0.754461
0.756236
0.75299
0.75571
0.757642
0.74921
0.750284
0.755878
0.755186
0.756702
0.757709
0.758015
0.758731
0.758648
0.758841
0.757934
0.758987
0.756863
0.758497
0.759219
0.755386
0.759441
0.760103
0.760723
0.760361
0.760089
