0.819068
0.124457
0.224892
0.45662
0.655204
0.335437
0.685683
0.321172
0.62759
0.42919
0.810105
0.220022
0.378091
0.693431
0.399233
0.71444
0.394544
0.682981
0.463721
0.798584
0.32874
0.523835
0.776171
0.390828
0.612346
0.656069
0.597512
0.702371
0.549055
0.806354
0.423311
0.616875
0.721249
0.571857
0.814301
0.460899
0.644722
0.722829
0.615398
0.785513
0.544874
0.743359
0.619797
0.809475
0.545257
0.719214
0.68427
0.741188
0.667909
0.778348
0.631319
0.811495
0.60097
0.756719
0.686096
0.7886
0.656116
0.814411
0.634567
0.774801
0.696553
0.805391
0.667999
0.802664
0.681547
0.812438
0.679002
0.800991
0.702299
0.823979
0.682874
0.791401
0.730769
0.810232
0.715644
0.819866
0.711565
0.808373
0.732229
0.828116
0.715702
0.802002
0.75254
0.814552
0.743793
0.825795
0.736518
0.812077
0.757551
0.823726
0.749331
0.818333
0.760192
0.826937
0.755064
0.816929
0.770489
0.825258
0.765255
0.821407
