0.455352
0.502482
0.545966
0.553215
0.512037
0.528414
0.545351
0.562775
0.554568
0.53375
0.55021
0.567386
0.563314
0.541292
0.557542
0.574725
0.570107
0.551367
0.567639
0.585067
0.573822
0.564625
0.58125
0.58719
0.56136
0.576924
0.593817
0.586259
0.577124
0.593253
0.595101
0.577459
0.592754
0.60331
0.57791
0.592362
0.608343
0.595774
0.597761
0.612402
0.58605
0.600039
0.616178
0.603914
0.605363
0.617226
0.598396
0.609483
0.621667
0.610015
0.61478
0.624057
0.615202
0.614285
0.623139
0.619948
0.614657
0.626646
0.62197
0.620061
0.629323
0.627089
0.620486
0.629062
0.6321
0.621006
0.626272
0.63156
0.633127
0.62469
0.629628
0.63465
0.633641
0.629025
0.633883
0.638193
0.629144
0.634072
0.637246
0.640138
0.631594
0.634478
0.637281
0.640005
0.640153
0.635168
0.637645
0.640051
0.642387
0.640263
0.638247
0.640373
0.642437
0.642523
0.63877
0.640649
0.642472
0.644243
0.64277
0.641101
