0.189003
0.195419
0.202322
0.209728
0.217651
0.216556
0.218055
0.226029
0.226205
0.226568
0.234541
0.236893
0.235203
0.243124
0.248493
0.243898
0.251719
0.259832
0.258663
0.260858
0.268118
0.264469
0.272157
0.267992
0.273889
0.268993
0.27582
0.272258
0.279025
0.277908
0.281745
0.281637
0.282765
0.285115
0.284108
0.286134
0.287534
0.28712
0.289235
0.287482
0.289557
0.290052
0.29048
0.292478
0.292058
0.29338
0.294805
0.294246
0.296074
0.296622
0.296913
0.298653
0.298313
0.299462
0.3006
0.300236
0.301467
0.300569
0.302056
0.302379
0.302757
0.304158
0.303579
0.304785
0.305437
0.305382
0.306631
0.306537
0.307196
0.307827
0.30747
0.306936
0.307978
0.308389
0.308461
0.309452
0.309252
0.309905
0.310521
0.310335
0.311207
0.311276
0.311609
0.312383
0.31199
0.312755
0.312954
0.312698
0.312562
0.313245
0.313284
0.313561
0.31414
0.313861
0.314457
0.31465
0.314735
0.315285
0.315118
0.315542
