0.0161679
0.0161779
0.0161879
0.0161981
0.0162083
0.0162186
0.016229
0.0162394
0.01625
0.0162606
0.0162713
0.0162821
0.0162929
0.0163038
0.0163148
0.0163259
0.016337
0.0163483
0.0163595
0.0163709
0.0163823
0.0163937
0.0164053
0.0164169
0.0164285
0.0164402
0.016452
0.0164638
0.0164757
0.0164876
0.0164996
0.0165116
0.0165236
0.0165358
0.0165479
0.0165601
0.0165724
0.0165847
0.016597
0.0166094
0.0166218
0.0166342
0.0166467
0.0166592
0.0166717
0.0166843
0.0166969
0.0167095
0.0167222
0.0167348
0.0167475
0.0167602
0.016773
0.0167857
0.0167985
0.0168113
0.0168241
0.0168369
0.0168497
0.0168626
0.0168754
0.0168883
0.0169011
0.016914
0.0169269
0.0169398
0.0169526
0.0169655
0.0169784
0.0169912
0.0170041
0.017017
0.0170298
0.0170427
0.0170555
0.0170684
0.0170812
0.017094
0.0171068
0.0171196
0.0171324
0.0171451
0.0171579
0.0171706
0.0171833
0.017196
0.0172086
0.0172213
0.0172339
0.0172465
0.0172591
0.0172716
0.0172841
0.0172966
0.0173091
0.0173215
0.0173339
0.0173463
0.0173586
0.017371
