0.716617
0.627155
0.277091
0.304853
0.347004
0.412031
0.470391
0.502173
0.487891
0.64818
0.694217
0.525195
0.233663
0.322068
0.455549
0.640042
0.301367
0.246209
0.297369
0.368168
0.469862
0.540178
0.588497
0.598359
0.699663
0.735471
0.738433
0.575129
0.251397
0.303789
0.368032
0.447263
0.546093
0.672145
0.679335
0.72076
0.719928
0.732626
0.749695
0.761839
0.7902
0.765807
0.371539
0.417807
0.473317
0.541753
0.630801
0.741038
0.752143
0.754603
0.765869
0.750378
0.729138
0.771149
0.786104
0.775768
0.807932
0.799353
0.762782
0.772837
0.792071
0.806203
0.629334
0.704886
0.742932
0.777326
0.777791
0.802168
0.809032
0.808083
0.806086
0.687436
0.716283
0.745626
0.775388
0.794248
0.803104
0.810439
0.810937
0.819669
0.823549
0.821338
0.808313
0.737354
0.759012
0.780712
0.80244
0.804922
0.81907
0.82036
0.821628
0.751521
0.768884
0.786169
0.803369
0.80879
0.818764
0.818973
0.823596
0.825902
