0.213272
0.393492
0.422211
0.432348
0.44281
0.453641
0.464958
0.476969
0.490021
0.504732
0.506387
0.512541
0.518087
0.523719
0.537323
0.534186
0.532773
0.544945
0.557368
0.554788
0.550256
0.528972
0.532925
0.543238
0.55377
0.558407
0.546438
0.5571
0.549389
0.545142
0.555119
0.563295
0.550043
0.563051
0.569943
0.576592
0.568934
0.564815
0.567097
0.55745
0.563081
0.568515
0.57375
0.578787
0.58236
0.571041
0.575382
0.579549
0.583545
0.584908
0.576126
0.579889
0.583502
0.584416
0.577252
0.580411
0.583442
0.58635
0.589138
0.591811
0.594374
0.59451
0.588943
0.591216
0.593397
0.595489
0.597496
0.599421
0.601268
0.60304
0.603128
0.598678
0.60027
0.601799
0.603268
0.604679
0.606034
0.606114
0.604042
0.605299
0.606508
0.606737
0.603394
0.604487
0.605539
0.606552
0.607527
0.608466
0.60937
0.610241
0.608864
0.608896
0.6097
0.609422
0.607543
0.608273
0.608977
0.609656
0.610311
0.610943
