1.89591
2.01452
1.90389
2.01345
1.91052
2.01191
1.91626
2.01025
1.92138
2.00863
1.92603
2.00711
1.93031
2.00574
1.93427
2.00452
1.93797
2.00346
1.94143
2.00254
1.94467
2.00176
1.94772
2.0011
1.9506
2.00055
1.95331
2.00011
1.95588
1.99976
1.95831
1.9995
1.96061
1.99931
1.9628
1.99919
1.96488
1.99913
1.96686
1.99913
1.96875
1.99917
1.97055
1.99926
1.97226
1.99939
1.97391
1.99956
1.97548
1.99975
1.97698
1.99998
1.97843
2.00023
1.97981
2.0005
1.98114
2.00079
1.98242
2.00109
1.98365
2.00141
1.98484
2.00175
1.98598
2.00209
1.98708
2.00244
1.98815
2.00281
1.98917
2.00317
1.99017
2.00355
1.99113
2.00393
1.99205
2.00431
1.99295
2.00469
1.99382
2.00508
1.99466
2.00546
1.99548
2.00585
1.99628
2.00623
1.99704
2.00662
1.99779
2.007
1.99852
2.00738
1.99922
2.00776
1.99991
2.00814
2.00057
2.00852
2.00122
2.00889
2.00185
2.00925
2.00246
2.00962
2.00306
2.00998
2.00364
2.01033
2.0042
2.01069
2.00476
2.01103
2.00529
2.01138
2.00582
2.01172
2.00633
2.01205
2.00682
2.01238
2.00731
2.01271
2.00778
2.01303
2.00824
2.01335
2.0087
2.01366
2.00914
2.01397
2.00956
2.01427
2.00998
2.01457
2.01039
2.01486
2.01079
2.01515
2.01118
2.01543
2.01156
2.01571
2.01194
2.01598
2.0123
2.01625
2.01265
2.01652
