3.12417, 0.837673, 3.10986, 0.850129, 3.12527, 0.837512, 1.47015, 1.69558, 1.79566, 1.96675
3.08289, 0.930575, 3.06857, 0.943804, 3.08397, 0.930378, 1.51595, 1.85947, 1.82847, 2.19168
2.98405, 0.947041, 2.96877, 0.959938, 2.98519, 0.946834, 0.954935, 1.37574, 1.66865, 2.04344
2.94573, 1.04162, 2.93052, 1.05539, 2.94684, 1.04138, 1.0058, 1.48469, 1.71926, 2.26148
2.90696, 1.13774, 2.89179, 1.15247, 2.90804, 1.13745, 1.05834, 1.59723, 1.79029, 2.54234
2.86761, 1.23575, 2.85245, 1.25156, 2.86867, 1.23542, 1.11299, 1.7143, 1.97139, 3.09961
2.80928, 1.37411, 2.79399, 1.39169, 2.81032, 1.3737, 1.20102, 1.88666, 2.16223, 2.59309
2.91678, 1.2478, 2.89861, 1.2688, 2.91789, 1.2472, 1.25355, 1.85366, 2.20008, 2.53747
2.8233, 1.25017, 2.80403, 1.27024, 2.82448, 1.2496, 1.08797, 1.6165, 2.11991, 2.46305
2.94573, 1.12098, 2.92188, 1.14591, 2.94707, 1.12015, 1.14088, 1.59012, 2.15891, 2.41043
2.91138, 1.20355, 2.88747, 1.22996, 2.91271, 1.20265, 1.18494, 1.69391, 2.21277, 2.96335
2.82594, 1.20757, 2.80064, 1.23296, 2.82734, 1.2067, 1.03313, 1.50582, 2.1619, 2.90047
2.64273, 1.2276, 2.61352, 1.25116, 2.64434, 1.22678, 2.0515, 1.87675, 2.04801, 2.75974
2.54584, 1.23154, 2.51428, 1.25392, 2.54757, 1.23075, 1.91249, 1.80904, 1.9914, 2.68976
2.44416, 1.23567, 2.40967, 1.25683, 2.44605, 1.23492, 1.73994, 1.72501, 1.93272, 2.61723
2.53137, 1.17197, 2.4938, 1.19564, 2.5334, 1.17108, 1.78961, 1.68936, 1.96304, 2.57799
2.43501, 1.17937, 2.39397, 1.20203, 2.43721, 1.1785, 1.54688, 1.58687, 1.90089, 2.50553
2.52102, 1.12076, 2.47641, 1.14619, 2.5234, 1.11973, 1.59442, 1.5588, 1.9314, 2.46861
2.61404, 1.05738, 2.56459, 1.08646, 2.61667, 1.05614, 1.64176, 1.53085, 1.96157, 2.4321
2.5332, 1.06859, 2.48008, 1.09708, 2.536, 1.06737, 1.03346, 1.34945, 1.89478, 2.36301
2.6263, 1.0086, 2.56725, 1.04131, 2.62942, 1.00712, 1.07377, 1.33376, 1.92503, 2.32889
2.61002, 1.06996, 2.5519, 1.10433, 2.61309, 1.06841, 1.1, 1.39847, 1.95939, 2.54619
2.70278, 1.00594, 2.63744, 1.04571, 2.70624, 1.00407, 1.1382, 1.3825, 1.98485, 2.51378
2.68596, 1.06265, 2.62143, 1.10426, 2.68937, 1.06069, 1.16269, 1.44604, 1.9899, 2.76302
2.77961, 0.993925, 2.70598, 1.04266, 2.78354, 0.991537, 1.19881, 1.42991, 2.01092, 2.73315
2.64772, 1.02344, 2.56425, 1.07172, 2.65212, 1.02105, 1.9532, 1.73402, 1.92671, 2.61216
2.58444, 1.03326, 2.49613, 1.08087, 2.58908, 1.03089, 1.83111, 1.68522, 1.88259, 2.55753
2.51992, 1.04327, 2.42608, 1.09028, 2.52482, 1.04093, 1.67323, 1.62211, 1.83708, 2.50117
2.59402, 0.997605, 2.49235, 1.05, 2.59939, 0.994938, 1.70787, 1.5998, 1.85905, 2.47554
2.53424, 1.00806, 2.42665, 1.06009, 2.53988, 1.00541, 1.45586, 1.50989, 1.81169, 2.41942
2.6073, 0.964666, 2.49069, 1.02264, 2.6135, 0.961639, 1.48804, 1.49275, 1.83334, 2.39542
2.596, 1.00923, 2.48087, 1.06935, 2.60213, 1.00609, 1.50217, 1.55133, 1.87376, 2.56727
2.66845, 0.96376, 2.54299, 1.03097, 2.67524, 0.960163, 1.53236, 1.53435, 1.89245, 2.54436
2.61874, 0.973032, 2.48747, 1.03988, 2.6258, 0.969446, 1.40471, 1.48936, 1.85394, 2.49762
2.6913, 0.928935, 2.54787, 1.00381, 2.69918, 0.924806, 1.43298, 1.47488, 1.87226, 2.47609
2.68045, 0.967133, 2.53843, 1.0444, 2.68825, 0.962875, 1.44638, 1.52547, 1.92535, 2.67711
2.63542, 0.975392, 2.48742, 1.05219, 2.64351, 0.97115, 1.33301, 1.48131, 1.89508, 2.63771
2.70256, 0.933812, 2.5419, 1.01911, 2.71156, 0.928966, 1.35832, 1.46882, 1.91048, 2.61803
2.66116, 0.942065, 2.49431, 1.02709, 2.67045, 0.937227, 1.25666, 1.43386, 1.88009, 2.57965
2.72877, 0.901312, 2.54708, 0.995945, 2.73918, 0.895746, 1.28031, 1.42301, 1.89508, 2.56111
2.71923, 0.933484, 2.53904, 1.03069, 2.72958, 0.927772, 1.29355, 1.46343, 1.9906, 2.83563
2.68187, 0.940871, 2.49539, 1.03771, 2.69253, 0.935171, 1.2079, 1.43058, 1.96834, 2.80522
2.74513, 0.902052, 2.54311, 1.00911, 2.75705, 0.895521, 1.22918, 1.42104, 1.98024, 2.78822
2.71083, 0.909313, 2.50238, 1.01617, 2.72307, 0.902788, 1.15631, 1.39665, 1.95832, 2.75892
2.77512, 0.870736, 2.54847, 0.989207, 2.789, 0.863176, 1.17622, 1.38816, 1.96984, 2.74287
2.70606, 0.889983, 2.4618, 1.01038, 2.72077, 0.882326, 1.57128, 1.54124, 1.92617, 2.67691
2.67405, 0.897115, 2.422, 1.0176, 2.68913, 0.88945, 1.48536, 1.51179, 1.90384, 2.64788
2.64226, 0.904196, 2.38191, 1.02487, 2.65774, 0.896519, 1.40226, 1.4833, 1.88152, 2.61887
2.69491, 0.874866, 2.41882, 1.00498, 2.71186, 0.866316, 1.42075, 1.4739, 1.89266, 2.60483
2.6656, 0.881679, 2.38113, 1.01214, 2.68295, 0.873108, 1.34411, 1.4498, 1.87062, 2.5768
2.71797, 0.852976, 2.41619, 0.993591, 2.73709, 0.843382, 1.36139, 1.44146, 1.88137, 2.56359
2.71147, 0.875603, 2.41168, 1.01894, 2.7305, 0.865834, 1.37016, 1.47137, 1.94681, 2.75359
2.685, 0.881688, 2.37691, 1.02526, 2.70443, 0.871904, 1.30305, 1.44849, 1.92963, 2.73046
2.73402, 0.854319, 2.40848, 1.0083, 2.75539, 0.843391, 1.31864, 1.44111, 1.93857, 2.71835
2.70962, 0.860139, 2.37578, 1.01448, 2.7314, 0.84919, 1.25853, 1.42231, 1.92181, 2.69617
2.75869, 0.833117, 2.40571, 0.998657, 2.78286, 0.820799, 1.27312, 1.41568, 1.93039, 2.68475
2.73622, 0.838658, 2.37495, 1.00468, 2.76079, 0.826314, 1.21989, 1.40049, 1.91405, 2.66348
2.78574, 0.811736, 2.40331, 0.989896, 2.8133, 0.797708, 1.23354, 1.3945, 1.92229, 2.65273
2.78026, 0.829468, 2.39978, 1.01038, 2.80772, 0.815239, 1.24136, 1.41721, 1.92888, 2.72072
2.76004, 0.834437, 2.37145, 1.01573, 2.78792, 0.820183, 1.19547, 1.40282, 1.91454, 2.70153
2.80732, 0.8083, 2.39704, 1.00221, 2.83871, 0.792043, 1.20782, 1.39744, 1.9219, 2.69177
2.78872, 0.813012, 2.37039, 1.0074, 2.82052, 0.796725, 1.16738, 1.38585, 1.90799, 2.67342
2.78384, 0.828707, 2.36745, 1.02575, 2.81555, 0.812214, 1.17469, 1.40545, 1.91439, 2.73417
2.77906, 0.854235, 2.3663, 1.0549, 2.81056, 0.837449, 1.18997, 1.4335, 1.94648, 2.64917
2.77439, 0.869269, 2.36346, 1.07258, 2.80579, 0.852279, 1.19701, 1.45248, 1.95073, 2.70551
2.81377, 0.845715, 2.38436, 1.06074, 2.84849, 0.82666, 1.20746, 1.44772, 1.957, 2.697
2.7977, 0.849464, 2.36081, 1.06445, 2.83282, 0.830402, 1.17319, 1.43283, 1.94508, 2.68172
2.79336, 0.863102, 2.35823, 1.08067, 2.82839, 0.843831, 1.1797, 1.45005, 1.94867, 2.73358
2.78914, 0.885411, 2.35739, 1.10654, 2.82396, 0.865841, 1.19345, 1.47449, 1.97597, 2.65828
2.82391, 0.863685, 2.37533, 1.09597, 2.86208, 0.841931, 1.20263, 1.47024, 1.98165, 2.6506
2.81981, 0.876122, 2.37283, 1.11098, 2.8579, 0.854154, 1.20863, 1.48639, 1.98361, 2.69723
2.80595, 0.879129, 2.35213, 1.11357, 2.84442, 0.85717, 1.1795, 1.47048, 1.97336, 2.68439
2.8389, 0.858389, 2.36835, 1.10397, 2.88114, 0.833964, 1.18785, 1.46665, 1.97847, 2.67743
2.82606, 0.861262, 2.34882, 1.10652, 2.86869, 0.836843, 1.16157, 1.45299, 1.96862, 2.66523
2.82243, 0.872257, 2.34673, 1.11992, 2.86498, 0.847626, 1.16698, 1.46697, 1.97074, 2.70674
2.81019, 0.874932, 2.32787, 1.12221, 2.85311, 0.85031, 1.14356, 1.45392, 1.96176, 2.6953
2.83978, 0.856356, 2.34192, 1.11394, 2.88662, 0.829185, 1.15091, 1.45064, 1.96627, 2.68917
2.83643, 0.866339, 2.34004, 1.12623, 2.8832, 0.838956, 1.15589, 1.46333, 1.96806, 2.72726
2.83308, 0.882758, 2.33957, 1.14588, 2.87966, 0.855061, 1.16631, 1.48115, 1.98838, 2.67085
2.82989, 0.89226, 2.33777, 1.15763, 2.8764, 0.864357, 1.17107, 1.49333, 1.98947, 2.70637
2.81938, 0.894443, 2.3213, 1.15922, 2.86624, 0.866559, 1.15093, 1.48052, 1.98175, 2.69669
2.8443, 0.878096, 2.33299, 1.15208, 2.89481, 0.847723, 1.1572, 1.47764, 1.9856, 2.69138
2.83453, 0.88018, 2.31743, 1.15364, 2.88539, 0.849823, 1.13886, 1.46641, 1.97822, 2.6822
2.8317, 0.888582, 2.31591, 1.16412, 2.8825, 0.858026, 1.1431, 1.47701, 1.9794, 2.71379
2.85517, 0.873134, 2.3265, 1.15763, 2.90994, 0.839864, 1.14882, 1.47441, 1.98289, 2.70897
2.84632, 0.875034, 2.31219, 1.15902, 2.90143, 0.84178, 1.13247, 1.46428, 1.97627, 2.70062
2.84372, 0.882664, 2.31083, 1.16861, 2.89878, 0.849214, 1.13636, 1.47392, 1.97726, 2.72954
2.84112, 0.895234, 2.31065, 1.18394, 2.89601, 0.861491, 1.14441, 1.48734, 1.9926, 2.68627
2.83866, 0.902478, 2.30935, 1.19309, 2.89348, 0.868546, 1.14812, 1.49655, 1.9932, 2.7133
2.85852, 0.888986, 2.31821, 1.1875, 2.91704, 0.852448, 1.15301, 1.49428, 1.99619, 2.70914
2.85091, 0.890556, 2.30575, 1.18847, 2.90974, 0.854041, 1.13889, 1.48469, 1.99051, 2.70204
2.84864, 0.89714, 2.30457, 1.19684, 2.90742, 0.86044, 1.14227, 1.49307, 1.99099, 2.72678
2.84142, 0.898607, 2.29265, 1.19769, 2.9005, 0.861929, 1.12941, 1.48404, 1.98574, 2.72011
2.85922, 0.88656, 2.3004, 1.19284, 2.922, 0.847292, 1.13373, 1.48207, 1.98838, 2.71644
2.85248, 0.887956, 2.28914, 1.19368, 2.91556, 0.848709, 1.12189, 1.47398, 1.98338, 2.71013
2.83864, 0.891782, 2.26327, 1.19806, 2.9024, 0.852491, 1.2126, 1.50479, 1.9727, 2.69564
2.83222, 0.89311, 2.2522, 1.19887, 2.89627, 0.853838, 1.19898, 1.49671, 1.96791, 2.68959
2.8479, 0.882706, 2.25891, 1.19477, 2.91547, 0.841015, 1.20287, 1.49487, 1.97029, 2.68635
2.8419, 0.883968, 2.24844, 1.19556, 2.90976, 0.842294, 1.19028, 1.48756, 1.96574, 2.68063
2.84015, 0.889127, 2.24767, 1.20219, 2.90796, 0.847287, 1.19283, 1.49426, 1.96671, 2.70009
