0.309216
0.381601
0.379513
0.421577
0.38163
0.408144
0.384654
0.407556
0.497018
0.49556
0.422671
0.501419
0.500916
0.484137
0.486672
0.449118
0.504486
0.498782
0.486886
0.495227
0.512495
0.529852
0.531689
0.529814
0.511413
0.539941
0.510437
0.519886
0.51677
0.524015
0.518047
0.519053
0.499964
0.51799
0.507626
0.530819
0.533988
0.51875
0.525569
0.538109
0.554211
0.551062
0.549762
0.54515
0.56491
0.559648
0.56603
0.573034
0.57338
0.574665
0.575564
0.565708
0.56812
0.577417
0.573054
0.572299
0.586223
0.587583
0.580846
0.599021
0.595219
0.574037
0.580704
0.583247
0.578889
0.593211
0.590674
0.588912
0.591061
0.586922
0.584747
0.58732
0.566301
0.584754
0.585933
0.587879
0.592037
0.594159
0.593109
0.590766
0.601839
0.598334
0.598353
0.599929
0.606023
0.603747
0.607622
0.608755
0.610232
0.608502
0.615886
0.61343
0.61168
0.611157
0.609763
0.609262
0.610514
0.600934
0.610935
0.611906
