0.523839
0.480185
0.521239
0.566838
0.620223
0.684211
0.608267
0.671739
0.703055
0.689968
0.728471
0.764154
0.760683
0.742743
0.773665
0.801406
0.804941
0.78409
0.769495
0.739283
0.707988
0.735375
0.760957
0.768186
0.74375
0.766259
0.786986
0.799655
0.772944
0.791171
0.807808
0.822904
0.816504
0.770936
0.779206
0.773564
0.767187
0.782145
0.796043
0.798264
0.785949
0.798278
0.80971
0.820284
0.812247
0.811981
0.815059
0.783319
0.781785
0.791792
0.801183
0.802528
0.794019
0.802412
0.810292
0.817684
0.813947
0.811682
0.818301
0.82452
0.83036
0.826242
0.78144
0.812555
0.812969
0.807664
0.812999
0.818051
0.822834
0.823631
0.817255
0.808359
0.812863
0.808897
0.809032
0.813093
0.81696
0.820644
0.817826
0.817342
0.820667
0.82384
0.826866
0.826971
0.803885
0.817444
0.820239
0.81997
0.817632
0.820161
0.822583
0.824903
0.827126
0.825923
0.808569
0.82011
0.822141
0.821811
0.820135
0.821976
