0.713448
0.302589
0.543021
0.303954
0.528828
0.365376
0.665828
0.137308
0.138864
0.141787
0.147209
0.157162
0.175307
0.208321
0.268812
0.382543
0.61345
0.271625
0.375915
0.576527
0.417391
0.649649
0.211429
0.256774
0.330322
0.454604
0.690398
0.544964
0.598289
0.452862
0.657576
0.260605
0.318077
0.404923
0.544964
0.663544
0.283265
0.34197
0.427427
0.560744
0.666089
0.320816
0.385985
0.47946
0.627246
0.519804
0.690837
0.655283
0.44088
0.543751
0.715441
0.646167
0.515454
0.648991
0.522296
0.652308
0.526751
0.65176
0.545454
0.675836
0.715954
0.677727
0.719508
0.679525
0.722843
0.681236
0.725969
0.682867
0.728897
0.684424
0.731635
0.68591
0.734195
0.68733
0.736587
0.688686
0.73882
0.689982
0.740905
0.69122
0.742219
0.69303
0.741043
0.697133
0.742372
0.698571
0.741155
0.702384
0.742497
0.703494
0.741247
0.707044
0.742469
0.707995
0.741456
0.711046
0.742516
0.711911
0.741561
0.714672
