0.226836
0.247416
0.272179
0.303146
0.345292
0.423775
0.491838
0.516669
0.537542
0.554608
0.548962
0.502349
0.524222
0.536393
0.525399
0.54205
0.556167
0.568021
0.556801
0.532777
0.548081
0.561488
0.573172
0.583343
0.592214
0.587751
0.372247
0.47383
0.544287
0.553206
0.551528
0.52824
0.530208
0.525887
0.535102
0.543398
0.550848
0.557528
0.559408
0.538322
0.545669
0.55236
0.55845
0.552611
0.555736
0.560873
0.56556
0.560613
0.552196
0.557239
0.561891
0.566185
0.57015
0.573815
0.577207
0.570763
0.564743
0.562104
0.565699
0.569055
0.57219
0.575122
0.577866
0.580437
0.579912
0.573762
0.576413
0.57891
0.581264
0.583486
0.585585
0.587569
0.589447
0.589734
0.580262
0.581563
0.583433
0.585209
0.586898
0.588504
0.590034
0.591491
0.592879
0.594204
0.595415
0.591329
0.592636
0.593886
0.595082
0.596226
0.597322
0.598372
0.599379
0.600344
0.60127
0.60216
0.600832
0.600479
0.601339
0.600186
