0.088605
0.157237
0.32238
0.258133
0.40031
0.153208
0.289073
0.362211
0.234388
0.457451
0.110836
0.178655
0.313826
0.363839
0.279445
0.449841
0.156136
0.248195
0.423211
0.217009
0.350779
0.35522
0.354247
0.362919
0.354233
0.3764
0.343852
0.407961
0.30277
0.464581
0.220846
0.314036
0.469131
0.231286
0.321328
0.466981
0.252423
0.345206
0.46644
0.270223
0.363378
0.449833
0.313755
0.420957
0.370312
0.456068
0.32354
0.422501
0.385983
0.447296
0.355809
0.458602
0.346664
0.438519
0.385793
0.469295
0.346421
0.427026
0.41759
0.434845
0.412751
0.448194
0.399756
0.472872
0.370108
0.440699
0.42272
0.450866
0.413993
0.468176
0.395188
0.461791
0.4095
0.477025
0.39357
0.451765
0.432837
0.460325
0.425814
0.47362
0.412473
0.465836
0.426907
0.479361
0.413233
0.460511
0.441268
0.467435
0.435911
0.477282
0.426846
0.469127
0.440223
0.477462
0.432926
0.471568
0.443004
0.479067
0.436609
0.471468
