0.0590587
0.0590695
0.0590814
0.0590946
0.0591091
0.0591251
0.0591427
0.0591621
0.0591834
0.0592067
0.0592323
0.0592603
0.0592909
0.0593244
0.059361
0.0594009
0.0594444
0.0594918
0.0595434
0.0595995
0.0596604
0.0597265
0.0597983
0.0598761
0.0599603
0.0600514
0.0601499
0.0602563
0.0603712
0.0604952
0.0606288
0.0607727
0.0609275
0.0610941
0.0612731
0.0614654
0.0616717
0.061893
0.0621302
0.0623842
0.0626561
0.0629469
0.0632577
0.0635898
0.0639443
0.0643224
0.0647257
0.0651553
0.0656129
0.0660998
0.0666178
0.0671684
0.0677534
0.0683746
0.0690339
0.0697331
0.0704744
0.0712598
0.0720916
0.072972
0.0739033
0.0748882
0.075929
0.0770286
0.0781895
0.0794148
0.0807074
0.0820703
0.0835068
0.0850202
0.086614
0.0882916
0.090057
0.0919138
0.0938662
0.0959182
0.0980741
0.100339
0.102716
0.105212
0.10783
0.110577
0.113457
0.116476
0.119641
0.122957
0.126431
0.130069
0.133879
0.137867
0.142042
0.146412
0.150984
0.155768
0.160774
0.16601
0.167964
0.169984
0.169215
0.171558
