0.502492
0.544476
0.558624
0.573877
0.588077
0.603742
0.618995
0.633997
0.649336
0.662095
0.627728
0.646587
0.657976
0.668323
0.677661
0.686041
0.693527
0.700192
0.70056
0.660959
0.6702
0.678619
0.686248
0.69313
0.69932
0.704874
0.70985
0.714308
0.7183
0.721879
0.72509
0.727975
0.730573
0.732917
0.730269
0.708749
0.691373
0.695536
0.69937
0.702901
0.706153
0.709149
0.71191
0.714458
0.71681
0.718983
0.720994
0.721503
0.71595
0.717956
0.719821
0.721558
0.723178
0.724689
0.7261
0.72742
0.728655
0.729813
0.729174
0.720648
0.722021
0.723315
0.724534
0.725684
0.72677
0.727796
0.728767
0.729685
0.730554
0.731378
0.73216
0.732901
0.733606
0.734275
0.734911
0.731903
0.729481
0.730098
0.730235
0.728186
0.728779
0.729344
0.729884
0.7304
0.730892
0.731363
0.731814
0.732172
0.728293
0.728757
0.729202
0.729629
0.730037
0.730429
0.730806
0.731167
0.731513
0.731846
0.732166
0.732473
