0.392464
0.422559
0.45697
0.496466
0.54203
0.594951
0.656992
0.730699
0.820046
0.932
1.08136
1.12394
1.06738
1.1821
0.970841
1.12897
1.09723
1.16112
1.04185
1.22982
0.876905
0.991675
1.14791
1.0857
1.20232
0.970432
1.11135
1.16447
1.06523
1.24656
0.860133
0.959073
1.08728
1.2182
0.956961
1.08051
1.23494
0.919706
1.02769
1.17392
1.07557
1.2432
0.910858
1.01096
1.14284
1.14627
1.14211
1.15164
1.1364
1.16564
1.11441
1.20656
1.03437
1.16368
1.12638
1.19378
1.07148
1.21174
1.03711
1.15975
1.14525
1.17249
1.12581
1.20822
1.05864
1.18236
1.11502
1.23165
1.01416
1.11717
1.23277
1.01854
1.11977
1.2331
1.02468
1.12474
1.2297
1.03934
1.141
1.20851
1.09096
1.20846
1.09485
1.21162
1.09228
1.20563
1.10772
1.22531
1.07163
1.17278
1.17299
1.17412
1.1737
1.17585
1.17373
1.17868
1.17191
1.18446
1.1651
1.19808
1.14459
1.23215
1.08307
1.17433
1.18997
1.16574
1.20603
1.14095
1.24557
1.06685
1.14716
1.23979
1.08436
1.16715
1.2134
1.13936
1.23866
1.0948
1.17652
1.20485
1.1608
1.23054
1.11812
1.20295
1.16896
1.22273
1.13788
1.22612
1.13451
1.21978
1.1482
1.23673
1.12054
1.19791
1.18852
1.20394
1.18126
1.21673
1.16292
1.24484
1.11608
1.18617
1.21433
1.17236
1.23598
1.13845
1.21138
1.1812
1.22696
1.15834
