0.671347
0.581407
0.29449
0.328435
0.401231
0.557759
0.572236
0.79447
0.671971
1.02249
1.04347
1.07724
1.03241
1.061
1.09086
1.12003
1.12442
0.884268
0.951018
0.881533
0.6759
1.005
0.927478
1.01883
1.06325
1.10242
1.08334
1.01004
0.990168
1.07654
1.1107
1.07837
1.0591
1.06247
1.06043
1.089
1.11176
1.1163
1.06368
1.08725
1.10942
1.11604
1.11674
1.13289
1.08169
1.10058
1.1196
1.13919
1.12395
1.11325
1.10777
1.12498
1.1431
1.15438
1.14447
1.12664
0.951234
0.99742
1.08128
1.1163
1.09875
1.09711
1.11167
1.12038
1.12867
1.13656
1.13707
1.11896
1.11153
1.12331
1.13024
1.13686
1.14317
1.14396
1.11679
1.12418
1.12998
1.13552
1.14083
1.14591
1.14352
1.13992
1.13008
1.13653
1.14096
1.14521
1.14928
1.14305
1.14941
1.14068
1.14077
1.14433
1.14774
1.14809
1.14804
1.15106
1.15396
1.1497
1.14704
1.14978
