0.156053
0.286031
0.365712
0.396144
0.398078
0.400099
0.338928
0.414643
0.403479
0.411522
0.418445
0.425538
0.428455
0.411594
0.417215
0.422854
0.428515
0.432524
0.428565
0.433678
0.438797
0.443938
0.439507
0.431318
0.436653
0.440914
0.445167
0.449131
0.432722
0.437196
0.441631
0.445125
0.448606
0.451682
0.435406
0.447626
0.450331
0.446735
0.449788
0.452852
0.451336
0.445148
0.44782
0.450498
0.453192
0.455915
0.458328
0.453253
0.455676
0.456433
0.44918
0.451295
0.453407
0.45552
0.457642
0.459782
0.458345
0.454776
0.456653
0.458542
0.460453
0.459381
0.456486
0.458239
0.460025
0.461862
0.463783
0.463683
0.459925
0.461638
0.462531
0.462206
0.463766
0.464857
0.464449
0.4635
0.464896
0.464311
0.46221
0.463493
0.464376
0.465242
0.465925
0.465722
0.465051
0.463732
0.464807
0.465546
0.466274
0.466846
0.466723
0.467104
0.46523
0.466135
0.466604
0.467062
0.467506
0.467939
0.467655
0.46644
