2.73902, 0.940522, 0.641282, 3.60962, 2.58965, 1.52896, 2.30092, 3.05406, 1.48699, 2.4496
2.65696, 0.954937, 0.64498, 3.57054, 2.49705, 1.49858, 2.27798, 3.01891, 1.46241, 2.37857
2.56376, 0.971152, 0.648592, 3.53191, 2.38251, 1.45847, 2.25529, 2.98405, 1.43732, 2.30431
2.4481, 0.99099, 0.652118, 3.49372, 2.18871, 1.38255, 2.23285, 2.94946, 1.41168, 2.22576
2.64577, 1.0258, 0.752597, 3.44121, 2.37482, 1.43536, 2.53477, 2.81744, 1.57986, 2.21847
2.55603, 1.03601, 0.754497, 3.40348, 2.16604, 1.3573, 2.5096, 2.78816, 1.55049, 2.13918
2.75108, 1.12928, 0.902381, 3.33649, 2.3555, 1.47481, 2.10983, 2.40593, 1.81153, 2.20326
2.87174, 0.720095, 0.94703, 3.26835, 2.46052, 1.26294, 2.15914, 2.28433, 1.87884, 2.08704
2.82152, 0.735822, 0.945723, 3.23077, 2.30348, 1.2414, 2.12345, 2.23977, 1.83562, 2.00891
2.76971, 0.75208, 0.944375, 3.19354, 2.22613, 1.23375, 2.08707, 2.19323, 1.78761, 1.90884
2.91388, 0.952794, 1.06352, 3.15614, 2.38205, 1.35639, 2.39748, 2.30202, 1.97478, 1.9762
2.86582, 0.959968, 1.06025, 3.12002, 2.31226, 1.34151, 2.36537, 2.27029, 1.92053, 1.8918
2.81641, 0.967302, 1.05696, 3.08421, 2.24324, 1.32667, 2.33311, 2.23801, 1.84626, 1.75257
2.7652, 0.974852, 1.05365, 3.04872, 2.17589, 1.31212, 2.3006, 2.20505, 1.80267, 1.69934
2.94975, 1.00451, 1.14986, 3.01128, 2.31044, 1.34921, 2.68086, 2.38909, 1.93509, 1.72375
2.90839, 1.00917, 1.14505, 2.97689, 2.24758, 1.33509, 2.65554, 2.36818, 1.88999, 1.67732
2.86635, 1.01388, 1.14024, 2.94278, 2.18623, 1.32127, 2.63047, 2.34736, 1.84648, 1.63271
2.82341, 1.01863, 1.13541, 2.90895, 2.12702, 1.30793, 2.60564, 2.32663, 1.80485, 1.59047
2.77931, 1.02347, 1.13057, 2.87537, 2.07048, 1.29527, 2.58102, 2.30597, 1.76533, 1.55103
2.88619, 0.664564, 1.16746, 2.82121, 2.17193, 1.16641, 2.60271, 2.20639, 1.84486, 1.45798
2.85288, 0.676135, 1.16185, 2.78794, 2.11706, 1.16586, 2.57703, 2.18654, 1.80398, 1.43058
2.8193, 0.687817, 1.15621, 2.75486, 2.06494, 1.16538, 2.55148, 2.16665, 1.7659, 1.40576
2.78535, 0.699647, 1.15054, 2.72196, 2.01582, 1.165, 2.52604, 2.1467, 1.73052, 1.38348
2.87435, 0.833491, 1.24737, 2.71067, 2.10815, 1.23528, 2.74396, 2.26982, 1.82445, 1.43732
2.84187, 0.841125, 1.24059, 2.67951, 2.06093, 1.22972, 2.72322, 2.25479, 1.78889, 1.41434
2.80904, 0.848835, 1.23381, 2.64853, 2.01628, 1.22454, 2.70274, 2.23989, 1.75569, 1.39347
2.93464, 0.86045, 1.34745, 2.62116, 2.13406, 1.29161, 2.42775, 2.04976, 1.87668, 1.44525
2.90656, 0.866297, 1.33946, 2.59174, 2.09082, 1.28305, 2.40186, 2.02875, 1.84236, 1.42425
3.03906, 0.854333, 1.41804, 2.57638, 2.17592, 1.30559, 2.57608, 2.13453, 1.92368, 1.44282
3.01517, 0.859095, 1.40948, 2.54842, 2.1348, 1.2971, 2.55506, 2.11879, 1.8898, 1.4237
2.99146, 0.863817, 1.40099, 2.52063, 2.09536, 1.28898, 2.53421, 2.10308, 1.85783, 1.40593
2.96792, 0.868501, 1.39256, 2.49298, 2.05771, 1.28129, 2.5135, 2.08737, 1.82774, 1.38949
2.94454, 0.873152, 1.38419, 2.46547, 2.02192, 1.27405, 2.49293, 2.07163, 1.79947, 1.37435
3.06804, 0.877327, 1.45373, 2.45582, 2.09342, 1.2925, 2.60881, 2.11885, 1.86768, 1.38988
3.0479, 0.881, 1.44505, 2.42966, 2.05912, 1.28529, 2.59071, 2.10586, 1.83981, 1.37584
3.02801, 0.884626, 1.43647, 2.40361, 2.02645, 1.27847, 2.57283, 2.09295, 1.81357, 1.36286
3.00835, 0.888206, 1.42797, 2.37765, 1.99541, 1.27206, 2.55514, 2.08011, 1.78887, 1.3509
2.98891, 0.891742, 1.41956, 2.35175, 1.96599, 1.26607, 2.53764, 2.06733, 1.76563, 1.3399
3.12112, 0.930795, 1.48027, 2.34634, 2.02632, 1.28134, 2.63809, 2.11138, 1.82324, 1.35301
3.10438, 0.933251, 1.47176, 2.32162, 1.99801, 1.27535, 2.62263, 2.10063, 1.80039, 1.34264
3.08791, 0.935665, 1.46336, 2.29692, 1.97111, 1.26973, 2.60739, 2.08999, 1.77885, 1.33306
3.0717, 0.938037, 1.45509, 2.27222, 1.9456, 1.26446, 2.59237, 2.07945, 1.75852, 1.32423
2.88638, 1.02108, 1.52077, 2.26003, 2.03343, 1.26774, 2.69641, 2.09326, 1.83508, 1.32824
2.92299, 0.830738, 1.54416, 2.22633, 2.08391, 1.20722, 2.70652, 2.03847, 1.88195, 1.27871
2.90624, 0.83458, 1.53557, 2.20218, 2.0585, 1.20528, 2.69281, 2.03005, 1.86074, 1.27333
2.88968, 0.838378, 1.52715, 2.17782, 2.03423, 1.20346, 2.67933, 2.02175, 1.84067, 1.26834
2.8733, 0.842133, 1.51891, 2.15317, 2.01107, 1.20174, 2.66607, 2.01355, 1.82168, 1.26371
2.8571, 0.845846, 1.51087, 2.12815, 1.989, 1.20014, 2.65303, 2.00545, 1.80372, 1.25943
2.92502, 0.827569, 1.55671, 2.12845, 2.03337, 1.21147, 2.72582, 2.04303, 1.84611, 1.26959
2.91068, 0.830884, 1.54871, 2.10388, 2.01225, 1.20961, 2.7142, 2.03598, 1.82866, 1.26532
2.89655, 0.834151, 1.54093, 2.07866, 1.99209, 1.20786, 2.7028, 2.02905, 1.81211, 1.26134
2.88261, 0.837371, 1.5334, 2.05259, 1.97286, 1.20622, 2.69162, 2.02223, 1.79642, 1.25764
2.94381, 0.816925, 1.57388, 2.05402, 2.01198, 1.21618, 2.75781, 2.05847, 1.83385, 1.2666
2.93141, 0.819845, 1.56637, 2.02775, 1.99359, 1.21436, 2.7478, 2.05247, 1.81865, 1.26292
2.91921, 0.822715, 1.55917, 1.9999, 1.97602, 1.21265, 2.738, 2.04658, 1.80419, 1.25949
2.90758, 0.825448, 1.55327, 1.97019, 1.95994, 1.21094, 2.72879, 2.04091, 1.7913, 1.25618
2.89615, 0.828135, 1.54793, 1.93688, 1.94459, 1.20933, 2.71979, 2.03534, 1.77904, 1.25309
2.9492, 0.805865, 1.58206, 1.93936, 1.97792, 1.21776, 2.77805, 2.06887, 1.811, 1.26071
2.93897, 0.808336, 1.57668, 1.9007, 1.96322, 1.21605, 2.76995, 2.06394, 1.7991, 1.25766
2.82154, 0.855737, 1.63774, 1.89942, 2.03508, 1.22914, 2.65387, 2.01036, 1.86197, 1.26956
2.86747, 0.846373, 1.66996, 1.90269, 2.06639, 1.23724, 2.70458, 2.03664, 1.89193, 1.27686
2.85681, 0.848796, 1.66227, 1.8886, 2.05144, 1.23533, 2.6964, 2.03161, 1.87915, 1.27372
2.84633, 0.851177, 1.65477, 1.8749, 2.03707, 1.23351, 2.68839, 2.02669, 1.86692, 1.27074
2.83602, 0.853517, 1.64748, 1.86159, 2.02326, 1.23177, 2.68056, 2.02186, 1.85523, 1.26793
2.8771, 0.844546, 1.67584, 1.8648, 2.05091, 1.23889, 2.72628, 2.04653, 1.8817, 1.27437
2.86777, 0.846664, 1.66879, 1.85241, 2.0378, 1.23715, 2.71917, 2.04221, 1.87051, 1.27164
2.85861, 0.848742, 1.66194, 1.84038, 2.0252, 1.23548, 2.71222, 2.03797, 1.8598, 1.26905
2.84963, 0.85078, 1.65528, 1.82872, 2.01308, 1.23389, 2.70543, 2.03383, 1.84954, 1.2666
2.88636, 0.842123, 1.68025, 1.83179, 2.03749, 1.24016, 2.74677, 2.05711, 1.87292, 1.27228
2.87819, 0.843979, 1.67384, 1.82093, 2.02599, 1.23858, 2.74059, 2.05337, 1.86312, 1.26991
2.87018, 0.845797, 1.66761, 1.8104, 2.01493, 1.23707, 2.73455, 2.04972, 1.85372, 1.26765
2.86234, 0.847578, 1.66155, 1.8002, 2.00429, 1.23562, 2.72866, 2.04615, 1.8447, 1.26551
2.85467, 0.849322, 1.65567, 1.79033, 1.99405, 1.23424, 2.72292, 2.04267, 1.83606, 1.26347
2.88632, 0.841561, 1.67689, 1.79313, 2.01489, 1.23957, 2.75905, 2.06371, 1.85606, 1.26831
2.8793, 0.843158, 1.67126, 1.78393, 2.00518, 1.2382, 2.7538, 2.06055, 1.8478, 1.26634
2.87244, 0.844719, 1.66579, 1.77502, 1.99583, 1.2369, 2.74867, 2.05746, 1.83988, 1.26447
2.86573, 0.846246, 1.66048, 1.7664, 1.98683, 1.23565, 2.74368, 2.05445, 1.83228, 1.26268
2.85917, 0.84774, 1.65532, 1.75807, 1.97817, 1.23445, 2.73882, 2.05151, 1.82497, 1.26098
2.88644, 0.840766, 1.67339, 1.76059, 1.99599, 1.23899, 2.77046, 2.07057, 1.84208, 1.26511
2.88042, 0.842139, 1.66847, 1.75281, 1.98777, 1.23781, 2.76599, 2.06789, 1.83512, 1.26347
2.87453, 0.843481, 1.66369, 1.74529, 1.97986, 1.23669, 2.76164, 2.06527, 1.82843, 1.2619
2.86879, 0.844792, 1.65905, 1.73802, 1.97224, 1.23561, 2.7574, 2.06273, 1.822, 1.26041
2.86334, 0.846033, 1.65498, 1.7311, 1.96521, 1.23454, 2.75345, 2.06029, 1.81617, 1.25894
2.88682, 0.839749, 1.67038, 1.73333, 1.98045, 1.2384, 2.78122, 2.07761, 1.83082, 1.26247
2.88166, 0.840931, 1.6661, 1.72677, 1.97349, 1.2374, 2.77742, 2.07533, 1.82493, 1.2611
2.87677, 0.842049, 1.66233, 1.72052, 1.96706, 1.2364, 2.77388, 2.07316, 1.81959, 1.25975
2.87199, 0.84314, 1.65867, 1.71448, 1.96087, 1.23544, 2.77043, 2.07104, 1.81446, 1.25846
2.86733, 0.844204, 1.65513, 1.70864, 1.9549, 1.23451, 2.76707, 2.06898, 1.80951, 1.25723
2.88756, 0.838527, 1.66828, 1.71061, 1.96795, 1.23781, 2.7915, 2.08477, 1.82206, 1.26024
2.88326, 0.839513, 1.66491, 1.70515, 1.96229, 1.23692, 2.78841, 2.08287, 1.81736, 1.25906
2.90194, 0.840809, 1.68508, 1.70966, 1.98036, 1.24593, 2.74468, 2.0534, 1.83461, 1.26651
2.89783, 0.841737, 1.68152, 1.70449, 1.97473, 1.24504, 2.7415, 2.05148, 1.82983, 1.26535
2.89383, 0.84264, 1.67808, 1.69949, 1.96931, 1.24418, 2.73841, 2.04962, 1.82522, 1.26425
2.91152, 0.837585, 1.68944, 1.70127, 1.98058, 1.24704, 2.75839, 2.06162, 1.83606, 1.26686
2.90782, 0.838425, 1.68617, 1.69659, 1.97545, 1.24622, 2.75553, 2.0599, 1.83169, 1.2658
2.90421, 0.839243, 1.68299, 1.69207, 1.9705, 1.24542, 2.75274, 2.05823, 1.82747, 1.26479
2.90069, 0.840039, 1.67992, 1.68769, 1.96571, 1.24466, 2.75003, 2.0566, 1.8234, 1.26381
2.91643, 0.835242, 1.68996, 1.68929, 1.97568, 1.24718, 2.76802, 2.0677, 1.83299, 1.26612
2.91317, 0.835983, 1.68704, 1.6852, 1.97116, 1.24645, 2.76551, 2.06619, 1.82913, 1.2652
2.90999, 0.836705, 1.68421, 1.68124, 1.96679, 1.24574, 2.76307, 2.06473, 1.82541, 1.2643
