0.0406566
0.0430979
0.0457616
0.0486676
0.0518378
0.0552963
0.0590701
0.0631897
0.0676893
0.0726081
0.0779916
0.0820964
0.0821228
0.0821497
0.0821772
0.0822053
0.0822339
0.082263
0.0822927
0.082323
0.0823539
0.0823853
0.0824172
0.0824498
0.0824829
0.0825166
0.0825509
0.0825857
0.0826211
0.0826571
0.0826937
0.0827308
0.0827686
0.0828069
0.0828458
0.0828852
0.0829253
0.0829659
0.0830071
0.0830488
0.0830912
0.0831341
0.0831775
0.0832216
0.0832662
0.0833114
0.0833571
0.0834034
0.0834502
0.0834976
0.0835455
0.083594
0.083643
0.0836926
0.0837427
0.0837933
0.0838445
0.0838962
0.0839484
0.0840011
0.0840543
0.084108
0.0841622
0.0842169
0.0842721
0.0843278
0.084384
0.0844406
0.0844977
0.0845553
0.0846133
0.0846718
0.084682
0.0843697
0.0844222
0.0844751
0.0845284
0.084582
0.084636
0.0846903
0.084745
0.0848
0.0848553
0.084911
0.0849669
0.0850232
0.0850797
0.0851366
0.0851937
0.0852512
0.0853089
0.0853668
0.0854251
0.0854836
0.0855423
0.0856013
0.0856605
0.0857199
0.0857796
0.0858395
