0.439184
0.443945
0.43823
0.447187
0.454982
0.462834
0.46251
0.459453
0.46524
0.471093
0.473681
0.466033
0.47123
0.469093
0.461258
0.463864
0.468875
0.470611
0.465274
0.469946
0.474807
0.478934
0.477219
0.475123
0.478757
0.482367
0.482762
0.478743
0.48193
0.479882
0.483256
0.486272
0.487967
0.483132
0.485808
0.488449
0.491057
0.490416
0.488328
0.490653
0.492944
0.493629
0.490424
0.492471
0.494485
0.496466
0.495138
0.494291
0.496068
0.494256
0.490087
0.493753
0.495348
0.496724
0.493543
0.494977
0.496309
0.494533
0.495873
0.495004
0.494379
0.495588
0.49677
0.496527
0.49542
0.496488
0.497531
0.497875
0.496315
0.497258
0.49747
0.497803
0.498674
0.499232
0.497653
0.498442
0.499212
0.499963
0.499696
0.499086
0.499766
0.50043
0.500526
0.499645
0.500247
0.500833
0.501261
0.500131
0.500664
0.501182
0.501687
0.501545
0.501084
0.501543
0.501422
0.501825
0.502247
0.502178
0.501743
0.502126
