1.41096
1.58315
1.98551
2.14495
2.17333
1.9896
1.95397
2.08629
2.20956
2.20627
2.22406
2.21193
2.23388
2.21895
2.24014
2.22713
2.24366
2.23629
2.24505
2.24624
2.24479
2.25681
2.24326
2.26785
2.24073
2.2792
2.23747
2.28687
2.23401
2.28447
2.2418
2.2818
2.2496
2.27891
2.25736
2.27586
2.26505
2.27271
2.27263
2.26948
2.28008
2.26622
2.28736
2.26296
2.29045
2.26186
2.28786
2.26739
2.28531
2.27275
2.28281
2.27793
2.28036
2.28294
2.27798
2.28776
2.27566
2.29239
2.27341
2.2905
2.27647
2.28863
2.28016
2.28683
2.28368
2.2851
2.28705
2.28344
2.29026
2.28184
2.29333
2.28032
2.29178
2.2826
2.29048
2.2851
2.28924
2.28747
2.28805
2.28972
2.28692
2.29187
2.28584
2.2939
2.28482
2.29254
2.28666
2.29165
2.28834
2.2908
2.28993
2.29
2.29144
2.28924
2.29287
2.28851
2.29405
2.28765
2.29341
2.28884
