0.301471
0.305739
0.310303
0.315299
0.321066
0.325169
0.329315
0.333502
0.33773
0.342005
0.34633
0.350717
0.355177
0.359731
0.364408
0.36925
0.374328
0.37977
0.374642
0.360446
0.36431
0.368237
0.372272
0.376504
0.381147
0.384342
0.387465
0.387559
0.375934
0.378688
0.381377
0.384001
0.38656
0.389054
0.391483
0.393849
0.396152
0.395409
0.395048
0.388122
0.390141
0.392105
0.394015
0.395872
0.397676
0.39943
0.399765
0.401215
0.402834
0.403978
0.400089
0.401557
0.402982
0.404367
0.405711
0.405
0.405587
0.400986
0.402173
0.403325
0.404444
0.405106
0.40181
0.402819
0.403799
0.40475
0.405215
0.405703
0.406577
0.407426
0.407709
0.405943
0.406715
0.407463
0.40819
0.408495
0.408462
0.406545
0.407187
0.40781
0.407663
0.406712
0.407278
0.407828
0.408362
0.408879
0.409055
0.408628
0.408011
0.40847
0.408916
0.409348
0.409767
0.410174
0.410028
0.409501
0.409871
0.409898
0.410237
0.410323
