0.320955
0.356297
0.365456
0.364171
0.375741
0.315029
0.354331
0.367041
0.349069
0.367227
0.367152
0.370379
0.373677
0.376033
0.339131
0.343108
0.356141
0.358514
0.36092
0.363354
0.36404
0.363102
0.365377
0.367663
0.369958
0.370954
0.369851
0.372004
0.374158
0.37631
0.37846
0.378436
0.378507
0.378589
0.37415
0.377128
0.379006
0.380897
0.382806
0.382618
0.382503
0.377366
0.379124
0.380937
0.382731
0.38041
0.382548
0.386272
0.386897
0.384289
0.385857
0.386461
0.386602
0.388005
0.388971
0.389915
0.390836
0.391725
0.38574
0.388822
0.392513
0.392723
0.394058
0.393372
0.39124
0.391977
0.392695
0.393395
0.394078
0.394743
0.395392
0.395236
0.393594
0.394182
0.394127
0.39252
0.394103
0.395924
0.396179
0.395936
0.39641
0.396871
0.39732
0.397757
0.397879
0.396869
0.397124
0.397662
0.397457
0.397824
0.39818
0.398527
0.398864
0.399192
0.399511
0.39957
0.398536
0.39987
0.400398
0.400671
