0.523627
0.482781
0.500195
0.513825
0.540867
0.500933
0.513344
0.530719
0.547648
0.564058
0.530463
0.499147
0.55749
0.573735
0.55193
0.550526
0.568734
0.587331
0.584528
0.579642
0.594325
0.610886
0.618862
0.631419
0.617507
0.626465
0.634568
0.641884
0.648484
0.654437
0.65981
0.664665
0.66906
0.673045
0.676667
0.679967
0.682982
0.684396
0.651763
0.686166
0.688496
0.69063
0.692591
0.694398
0.696067
0.693462
0.692701
0.694245
0.695675
0.697002
0.698237
0.699389
0.700464
0.70147
0.702414
0.7033
0.700652
0.700403
0.701262
0.702069
0.702829
0.703544
0.70422
0.704858
0.705462
0.706034
0.706577
0.705741
0.704338
0.704869
0.705372
0.70585
0.706304
0.706736
0.707147
0.707539
0.707913
0.70827
0.708611
0.707041
0.707003
0.707333
0.707649
0.70795
0.708239
0.708515
0.708779
0.709032
0.709275
0.709509
0.709487
0.708332
0.708555
0.70877
0.708975
0.709173
0.709362
0.709545
0.70972
0.709889
