1.29258
1.77617
1.68719
1.71274
1.71674
1.72638
1.73389
1.74136
1.74824
1.75471
1.76073
1.76635
1.77158
1.77645
1.78098
1.78518
1.7891
1.79273
1.79612
1.79926
1.8022
1.80493
1.80747
1.80985
1.81207
1.81415
1.81609
1.81791
1.81962
1.82122
1.82272
1.82414
1.82547
1.82673
1.82791
1.82903
1.83008
1.83108
1.83202
1.83292
1.83376
1.83457
1.83533
1.83605
1.83674
1.8374
1.83802
1.83862
1.83918
1.83972
1.84023
1.84073
1.84119
1.84164
1.84207
1.84248
1.84287
1.84325
1.84361
1.84395
1.84428
1.8446
1.8449
1.84519
1.84547
1.84574
1.846
1.84625
1.84649
1.84671
1.84693
1.84715
1.84735
1.84755
1.84773
1.84792
1.84809
1.84826
1.84842
1.84858
1.84873
1.84888
1.84902
1.84915
1.84928
1.84941
1.84953
1.84965
1.84976
1.84987
1.84998
1.85008
1.85018
1.85027
1.85036
1.85045
1.85054
1.85062
1.8507
1.85078
