0.990445
1.00683
1.01849
1.02651
1.03185
1.03532
1.04104
1.04216
1.04277
1.04362
1.0362
1.05115
1.05309
1.05466
1.05594
1.05701
1.05793
1.05873
1.05943
1.06007
1.06065
1.06118
1.06168
1.06215
1.06259
1.063
1.06298
1.06239
1.06274
1.06308
1.0634
1.06355
1.06278
1.06307
1.06333
1.06359
1.06384
1.06394
1.06328
1.0635
1.06371
1.06391
1.06409
1.06427
1.0643
1.0638
1.06396
1.06411
1.06426
1.06439
1.06452
1.06465
1.06474
1.06426
1.06437
1.06447
1.06457
1.06467
1.06476
1.06484
1.06492
1.06499
1.06507
1.06513
1.0652
1.06526
1.06532
1.06537
1.06542
1.06547
1.06552
1.06556
1.0656
1.06564
1.06568
1.06572
1.06575
1.06579
1.06582
1.06585
1.06588
1.0659
1.06593
1.06595
1.06598
1.066
1.06603
1.06605
1.06615
1.06617
1.06619
1.06621
1.06623
1.06631
1.06633
1.06634
1.06636
1.06643
1.06645
1.06646
