0.0984721
0.113912
0.161206
0.163141
0.164448
0.167057
0.169937
0.169942
0.171238
0.173216
0.173893
0.174199
0.175448
0.174794
0.177464
0.178292
0.172894
0.178398
0.175509
0.179311
0.17919
0.168573
0.179889
0.181363
0.18247
0.18163
0.183168
0.18485
0.184614
0.186197
0.185012
0.186656
0.187569
0.188472
0.189366
0.190251
0.191127
0.191994
0.192854
0.193144
0.185494
0.191435
0.192191
0.192942
0.193688
0.194427
0.195162
0.195892
0.196617
0.197072
0.195763
0.196461
0.197155
0.197845
0.197828
0.197563
0.198207
0.198849
0.198401
0.196737
0.197326
0.197912
0.197894
0.19465
0.195735
0.196286
0.196833
0.197378
0.19792
0.19846
0.198997
0.199532
0.200065
0.199895
0.195283
0.196403
0.196548
0.195694
0.19618
0.196663
0.197144
0.197621
0.198096
0.198569
0.199039
0.199506
0.199971
0.200434
0.200895
0.201354
0.201811
0.20185
0.194351
0.199833
0.200273
0.200711
0.201147
0.201581
0.202013
0.202444
