0.399199
0.411875
0.427324
0.446094
0.468838
0.496344
0.529577
0.569734
0.618336
0.677383
0.749617
0.83905
0.952118
1.10077
1.3137
1.56285
1.53603
1.56835
1.54122
1.57349
1.54615
1.5783
1.55081
1.58279
1.55523
1.587
1.55941
1.59094
1.56336
1.59462
1.5671
1.59807
1.57064
1.6013
1.57398
1.60433
1.57714
1.60716
1.58011
1.60982
1.58293
1.61231
1.58558
1.61465
1.58808
1.61684
1.59044
1.61889
1.59266
1.62082
1.59476
1.62263
1.59674
1.62433
1.5986
1.62593
1.60035
1.62743
1.602
1.62884
1.60356
1.63016
1.60503
1.6314
1.60641
1.63257
1.60771
1.63366
1.60893
1.63469
1.61008
1.63566
1.61117
1.63657
1.61219
1.63742
1.61315
1.63823
1.61405
1.63898
1.6149
1.63969
1.61571
1.63907
1.61775
1.63971
1.61845
1.63913
1.62029
1.6397
1.6209
1.63921
1.62251
1.63971
1.62305
1.63925
1.6245
1.6397
1.62498
1.63931
