0.0760508
0.0763349
0.0766412
0.0769707
0.077324
0.0777019
0.0781049
0.0785336
0.0789886
0.0794702
0.0799788
0.0805147
0.0810781
0.081669
0.0822876
0.0829338
0.0836075
0.0843086
0.0850366
0.0857914
0.0865724
0.0873793
0.0882115
0.0890683
0.0899491
0.0908532
0.0917799
0.0927282
0.0936973
0.0946864
0.0956945
0.0967205
0.0977637
0.0988228
0.0998969
0.100985
0.102086
0.103198
0.104322
0.105455
0.106596
0.107745
0.108901
0.110062
0.111227
0.112396
0.113567
0.114739
0.115912
0.117084
0.118255
0.119423
0.120589
0.12175
0.122907
0.124059
0.125204
0.126342
0.127473
0.128595
0.129709
0.130813
0.131908
0.132992
0.134065
0.135127
0.136177
0.137215
0.138241
0.139253
0.140253
0.141239
0.142212
0.143171
0.144116
0.145047
0.145963
0.146865
0.147752
0.148625
0.149483
0.150326
0.151155
0.151968
0.152767
0.153551
0.154321
0.155076
0.155816
0.156541
0.157252
0.157949
0.158632
0.1593
0.159955
0.160596
0.161223
0.161836
0.162436
0.163023
