0.602431
0.603792
0.59939
0.608824
0.590044
0.591423
0.599358
0.608142
0.615323
0.624286
0.631824
0.638384
0.64516
0.648995
0.64352
0.637149
0.638289
0.644494
0.649837
0.655077
0.659542
0.665095
0.670253
0.660823
0.666044
0.661855
0.666435
0.670732
0.674685
0.679372
0.683316
0.67844
0.680517
0.677155
0.681109
0.684551
0.687785
0.691346
0.69454
0.692239
0.683169
0.560037
0.655488
0.683427
0.686335
0.689243
0.690966
0.690285
0.687311
0.687146
0.689607
0.692046
0.69389
0.69609
0.697793
0.698744
0.697972
0.69823
0.695747
0.697483
0.698752
0.700609
0.702232
0.703661
0.702029
0.703693
0.705104
0.703538
0.703496
0.704525
0.704956
0.702639
0.703972
0.705254
0.706148
0.707395
0.706274
0.707413
0.704182
0.706159
0.704451
0.698623
0.699483
0.700327
0.701153
0.701962
0.702755
0.703531
0.703887
0.702657
0.703189
0.702775
0.703437
0.704084
0.704716
0.705335
0.705815
0.706457
0.706335
0.705754
