0.343064
0.346293
0.349658
0.353167
0.356836
0.360677
0.36471
0.368953
0.373431
0.378171
0.383206
0.388576
0.394328
0.400523
0.407237
0.414572
0.408878
0.406707
0.413974
0.421942
0.430799
0.44084
0.452583
0.454493
0.445931
0.458872
0.476495
0.485312
0.494654
0.490201
0.329638
0.417824
0.435068
0.444392
0.455881
0.464711
0.472145
0.459927
0.471146
0.476958
0.482842
0.488841
0.495033
0.49982
0.489108
0.495162
0.501695
0.50926
0.513473
0.517539
0.521457
0.525226
0.526639
0.519637
0.523095
0.526422
0.52962
0.532691
0.535637
0.538462
0.54117
0.543763
0.546245
0.543861
0.542407
0.544689
0.546876
0.54897
0.550977
0.552899
0.554676
0.542274
0.542248
0.54404
0.545761
0.547415
0.549004
0.550531
0.551999
0.553408
0.554762
0.555701
0.552591
0.553834
0.554059
0.550088
0.551243
0.552354
0.553425
0.553455
0.55172
0.5527
0.553646
0.554556
0.555434
0.556281
0.557096
0.557883
0.558641
0.559372
