0.224516
0.241813
0.253766
0.257085
0.281692
0.262312
0.273483
0.294963
0.286656
0.29599
0.283003
0.29147
0.263862
0.277563
0.288613
0.295908
0.286543
0.29843
0.298381
0.292417
0.30639
0.294151
0.300894
0.299671
0.295349
0.304785
0.287124
0.310672
0.297602
0.302924
0.307786
0.312335
0.316508
0.319193
0.317352
0.320173
0.32295
0.325565
0.323226
0.320703
0.313458
0.319236
0.325996
0.328355
0.33067
0.332544
0.333455
0.335636
0.333869
0.335987
0.333037
0.334387
0.336277
0.338097
0.332112
0.336492
0.337885
0.33453
0.33786
0.339432
0.340971
0.339961
0.342208
0.340111
0.341494
0.34271
0.336769
0.342637
0.343882
0.344537
0.34525
0.346425
0.34758
0.34752
0.347853
0.348801
0.34729
0.344508
0.345613
0.347098
0.348018
0.348673
0.348231
0.349081
0.349914
0.349514
0.349908
0.351199
0.351671
0.347601
0.34919
0.350511
0.351181
0.351521
0.35188
0.352378
0.35275
0.352424
0.35288
0.353322
