0.117507
0.153259
0.153934
0.154684
0.155516
0.156438
0.157458
0.158588
0.159836
0.161216
0.16274
0.164421
0.166275
0.168318
0.170568
0.173045
0.175771
0.178768
0.182064
0.185685
0.189663
0.194031
0.198827
0.204091
0.208099
0.204936
0.210688
0.21699
0.223895
0.231462
0.239755
0.248848
0.258824
0.269776
0.28181
0.295046
0.309628
0.325719
0.331247
0.332991
0.351304
0.371617
0.394236
0.419552
0.44808
0.480525
0.494998
0.503304
0.544151
0.592994
0.654186
0.723232
0.722254
0.7687
0.782724
0.798081
0.814911
0.833374
0.85365
0.857735
0.856086
0.855147
0.85608
0.876702
0.900859
0.887549
0.893901
0.925488
0.93587
0.939949
0.952193
0.967757
0.987176
0.986096
0.996717
0.96865
0.839603
0.223539
0.244171
0.281627
0.351322
0.479952
0.710294
0.969082
1.01084
0.867407
0.949684
1.01663
1.05023
1.01808
1.04094
1.06048
1.06212
1.05734
1.05966
0.918611
0.956708
0.99463
1.03211
1.04785
