0.860424, 1.4405, 2.30435, 1.6758, 1.9139, 1.86035, 1.933, 1.86097, 2.31875, 1.64724
0.901872, 1.44813, 2.33648, 1.71276, 1.98117, 1.89252, 1.99915, 1.89367, 2.35034, 1.68291
0.94291, 1.45588, 2.36319, 1.74836, 2.04289, 1.924, 2.05951, 1.92549, 2.37657, 1.71745
0.983554, 1.46379, 2.3851, 1.78241, 2.09835, 1.95401, 2.11347, 1.95568, 2.39804, 1.75074
1.02382, 1.47185, 2.40285, 1.81474, 2.14729, 1.98199, 2.16086, 1.98368, 2.41537, 1.78263
1.06373, 1.4801, 2.41707, 1.84526, 2.18982, 2.00758, 2.20187, 2.0092, 2.42917, 1.81303
1.1033, 1.48855, 2.42834, 1.87389, 2.22637, 2.03063, 2.237, 2.03214, 2.44003, 1.84185
1.14256, 1.49723, 2.43717, 1.90059, 2.25752, 2.05118, 2.26686, 2.05253, 2.44845, 1.86901
1.18152, 1.50616, 2.44402, 1.92537, 2.28394, 2.06935, 2.29213, 2.07054, 2.45488, 1.89449
1.22021, 1.51538, 2.44926, 1.94827, 2.30629, 2.08534, 2.31347, 2.08637, 2.45969, 1.91827
1.25867, 1.52492, 2.45321, 1.96934, 2.32517, 2.09936, 2.33147, 2.10024, 2.4632, 1.94037
1.29693, 1.53482, 2.45613, 1.98866, 2.34113, 2.11163, 2.34666, 2.11239, 2.46568, 1.96083
1.33503, 1.54514, 2.45824, 2.00635, 2.35463, 2.12238, 2.35951, 2.12302, 2.46736, 1.97971
1.37301, 1.55594, 2.45971, 2.02249, 2.36608, 2.1318, 2.37039, 2.13233, 2.46839, 1.99709
1.41094, 1.56728, 2.46068, 2.03721, 2.37582, 2.14005, 2.37964, 2.14051, 2.46894, 2.01305
1.44889, 1.57927, 2.46126, 2.05061, 2.38412, 2.14731, 2.38751, 2.14769, 2.46911, 2.02769
1.12312, 1.57131, 2.3359, 2.01773, 2.25694, 2.10618, 2.2606, 2.10669, 2.34354, 1.99632
1.23849, 1.51253, 2.42529, 1.84643, 2.34064, 1.95208, 2.34408, 1.95226, 2.43511, 1.82168
1.26888, 1.52028, 2.43241, 1.86611, 2.35336, 1.97, 2.3565, 1.97015, 2.44197, 1.84146
1.29897, 1.52821, 2.43836, 1.88472, 2.36441, 1.98652, 2.36727, 1.98662, 2.44767, 1.86027
1.32875, 1.53635, 2.44331, 1.90227, 2.37402, 2.0017, 2.37664, 2.00177, 2.45237, 1.87812
1.35826, 1.54472, 2.44741, 1.9188, 2.38238, 2.01566, 2.38477, 2.01569, 2.45621, 1.89502
1.38752, 1.55334, 2.45078, 1.93433, 2.38965, 2.02847, 2.39184, 2.02848, 2.45934, 1.91099
1.41656, 1.56224, 2.45354, 1.94891, 2.39598, 2.04023, 2.398, 2.04022, 2.46186, 1.92605
1.4454, 1.57147, 2.45579, 1.96258, 2.40151, 2.05103, 2.40337, 2.051, 2.46386, 1.94024
1.47408, 1.58105, 2.45761, 1.97538, 2.40634, 2.06095, 2.40806, 2.0609, 2.46544, 1.95359
0.940812, 1.59737, 2.36314, 1.95416, 2.31114, 2.03479, 2.31295, 2.03479, 2.37094, 1.93348
0.961171, 1.60039, 2.37128, 1.96753, 2.32229, 2.0455, 2.32398, 2.04549, 2.37875, 1.94739
0.98115, 1.60343, 2.37851, 1.98002, 2.33229, 2.05537, 2.33386, 2.05535, 2.38568, 1.96042
1.00076, 1.60647, 2.38495, 1.99166, 2.34127, 2.06445, 2.34272, 2.06443, 2.39184, 1.97261
1.02, 1.60952, 2.39069, 2.00252, 2.34932, 2.07283, 2.35069, 2.0728, 2.39731, 1.98401
1.03888, 1.61258, 2.3958, 2.01264, 2.35657, 2.08056, 2.35785, 2.08052, 2.40217, 1.99468
1.0574, 1.61566, 2.40037, 2.02209, 2.3631, 2.08769, 2.3643, 2.08764, 2.40651, 2.00465
1.07558, 1.61874, 2.40445, 2.0309, 2.369, 2.09427, 2.37012, 2.09422, 2.41037, 2.01398
1.09342, 1.62183, 2.4081, 2.03912, 2.37432, 2.10035, 2.37538, 2.10029, 2.41382, 2.02271
1.11093, 1.62493, 2.41138, 2.04679, 2.37914, 2.10598, 2.38013, 2.10592, 2.4169, 2.03087
1.1281, 1.62805, 2.41432, 2.05396, 2.38351, 2.11119, 2.38445, 2.11112, 2.41965, 2.03851
1.14496, 1.63117, 2.41696, 2.06065, 2.38748, 2.11601, 2.38837, 2.11595, 2.42212, 2.04567
1.20462, 1.5986, 2.45886, 1.96805, 2.42739, 2.02837, 2.42825, 2.02826, 2.46471, 1.95179
1.22101, 1.6022, 2.45985, 1.97627, 2.4294, 2.03534, 2.43022, 2.03522, 2.46558, 1.96028
1.2371, 1.60581, 2.46069, 1.98405, 2.4312, 2.04189, 2.43198, 2.04177, 2.4663, 1.96834
1.25289, 1.60942, 2.46139, 1.99142, 2.43282, 2.04805, 2.43356, 2.04793, 2.46689, 1.97599
1.26838, 1.61305, 2.46198, 1.99841, 2.43427, 2.05385, 2.43498, 2.05372, 2.46738, 1.98325
1.28359, 1.61668, 2.46247, 2.00503, 2.43558, 2.05931, 2.43626, 2.05918, 2.46776, 1.99015
1.29852, 1.62033, 2.46288, 2.0113, 2.43676, 2.06444, 2.43741, 2.06432, 2.46806, 1.9967
1.31318, 1.62399, 2.4632, 2.01725, 2.43782, 2.06929, 2.43844, 2.06916, 2.46829, 2.00292
1.32757, 1.62766, 2.46347, 2.0229, 2.43878, 2.07386, 2.43938, 2.07373, 2.46846, 2.00882
1.3417, 1.63134, 2.46368, 2.02825, 2.43964, 2.07816, 2.44022, 2.07804, 2.46857, 2.01443
1.35557, 1.63504, 2.46383, 2.03333, 2.44043, 2.08223, 2.44098, 2.0821, 2.46864, 2.01976
1.3692, 1.63875, 2.46395, 2.03815, 2.44113, 2.08607, 2.44167, 2.08595, 2.46866, 2.02483
1.38258, 1.64247, 2.46403, 2.04273, 2.44178, 2.08971, 2.44229, 2.08958, 2.46866, 2.02964
1.39572, 1.64621, 2.46407, 2.04707, 2.44236, 2.09314, 2.44286, 2.09301, 2.46862, 2.03422
1.40863, 1.64996, 2.46409, 2.0512, 2.44289, 2.09639, 2.44337, 2.09626, 2.46856, 2.03858
1.42131, 1.65373, 2.46409, 2.05513, 2.44337, 2.09947, 2.44383, 2.09934, 2.46848, 2.04272
1.43378, 1.65751, 2.46407, 2.05886, 2.44381, 2.10238, 2.44426, 2.10226, 2.46838, 2.04667
1.33462, 1.64669, 2.426, 2.04873, 2.40578, 2.09132, 2.40624, 2.0912, 2.43028, 2.03678
1.34555, 1.64952, 2.42715, 2.05254, 2.40738, 2.09437, 2.40783, 2.09426, 2.43136, 2.04078
1.35626, 1.65234, 2.42822, 2.05615, 2.40888, 2.09727, 2.40931, 2.09715, 2.43235, 2.04458
1.36675, 1.65515, 2.42921, 2.05959, 2.41028, 2.10002, 2.41069, 2.0999, 2.43327, 2.0482
1.37702, 1.65795, 2.43013, 2.06287, 2.41158, 2.10262, 2.41199, 2.10251, 2.43412, 2.05165
1.38709, 1.66074, 2.43098, 2.06598, 2.41281, 2.1051, 2.4132, 2.10499, 2.43491, 2.05494
1.39695, 1.66352, 2.43178, 2.06895, 2.41395, 2.10746, 2.41434, 2.10734, 2.43565, 2.05807
1.40661, 1.6663, 2.43252, 2.07179, 2.41503, 2.10969, 2.4154, 2.10958, 2.43633, 2.06106
1.43667, 1.64671, 2.45153, 2.02847, 2.43338, 2.06793, 2.43375, 2.0678, 2.45555, 2.01732
1.44592, 1.64962, 2.45191, 2.03164, 2.43404, 2.0706, 2.43441, 2.07048, 2.45588, 2.02061
1.37325, 1.64243, 2.42342, 2.02441, 2.40557, 2.06274, 2.40594, 2.06263, 2.42738, 2.01355
1.38151, 1.64474, 2.4244, 2.02753, 2.40683, 2.06542, 2.4072, 2.0653, 2.42831, 2.01679
1.38959, 1.64703, 2.42533, 2.03052, 2.40802, 2.06797, 2.40838, 2.06785, 2.42919, 2.01989
1.39749, 1.64929, 2.42619, 2.03338, 2.40915, 2.0704, 2.40949, 2.07029, 2.43001, 2.02287
1.40521, 1.65154, 2.42701, 2.03612, 2.41021, 2.07273, 2.41055, 2.07262, 2.43078, 2.02572
1.41276, 1.65376, 2.42778, 2.03875, 2.41121, 2.07496, 2.41154, 2.07485, 2.4315, 2.02845
1.42014, 1.65597, 2.4285, 2.04126, 2.41215, 2.07709, 2.41248, 2.07698, 2.43218, 2.03106
1.42735, 1.65815, 2.42918, 2.04367, 2.41305, 2.07913, 2.41337, 2.07902, 2.43282, 2.03357
1.4344, 1.66031, 2.42982, 2.04598, 2.4139, 2.08108, 2.41421, 2.08097, 2.43343, 2.03598
1.44129, 1.66244, 2.43043, 2.0482, 2.4147, 2.08295, 2.41501, 2.08284, 2.434, 2.03829
1.38768, 1.65637, 2.40925, 2.04259, 2.39355, 2.07692, 2.39386, 2.07681, 2.41281, 2.03279
1.39391, 1.65813, 2.41016, 2.04475, 2.39465, 2.07876, 2.39496, 2.07865, 2.41368, 2.03504
1.39999, 1.65988, 2.41103, 2.04683, 2.3957, 2.08053, 2.396, 2.08042, 2.41451, 2.0372
1.40592, 1.66159, 2.41185, 2.04883, 2.39669, 2.08222, 2.39699, 2.08211, 2.4153, 2.03928
1.41171, 1.66329, 2.41263, 2.05074, 2.39764, 2.08384, 2.39794, 2.08374, 2.41605, 2.04127
1.41735, 1.66496, 2.41338, 2.05258, 2.39855, 2.0854, 2.39884, 2.0853, 2.41677, 2.04318
1.42287, 1.6666, 2.41409, 2.05435, 2.39941, 2.0869, 2.39969, 2.08679, 2.41745, 2.04502
1.42824, 1.66823, 2.41476, 2.05604, 2.40023, 2.08833, 2.40051, 2.08823, 2.41809, 2.04679
1.43349, 1.66982, 2.4154, 2.05767, 2.40101, 2.08971, 2.40129, 2.0896, 2.4187, 2.04849
1.43861, 1.6714, 2.41601, 2.05924, 2.40176, 2.09103, 2.40204, 2.09093, 2.41929, 2.05013
1.4436, 1.67294, 2.41659, 2.06075, 2.40247, 2.0923, 2.40275, 2.0922, 2.41984, 2.0517
1.40541, 1.6682, 2.40138, 2.05659, 2.38728, 2.08787, 2.38755, 2.08777, 2.40462, 2.04762
1.40997, 1.66953, 2.4021, 2.05805, 2.38812, 2.08911, 2.3884, 2.08901, 2.40532, 2.04914
1.41441, 1.67083, 2.40279, 2.05946, 2.38894, 2.0903, 2.3892, 2.0902, 2.40599, 2.0506
1.41874, 1.67211, 2.40346, 2.06081, 2.38971, 2.09145, 2.38998, 2.09135, 2.40662, 2.05201
1.42296, 1.67336, 2.40409, 2.06211, 2.39046, 2.09255, 2.39072, 2.09245, 2.40724, 2.05336
1.42707, 1.6746, 2.4047, 2.06337, 2.39117, 2.09361, 2.39143, 2.09351, 2.40782, 2.05467
1.43108, 1.67581, 2.40528, 2.06457, 2.39185, 2.09464, 2.39211, 2.09454, 2.40838, 2.05593
1.44317, 1.66775, 2.41316, 2.04741, 2.39951, 2.07795, 2.39977, 2.07785, 2.41633, 2.03862
1.44697, 1.66894, 2.41364, 2.04862, 2.40009, 2.079, 2.40034, 2.0789, 2.4168, 2.03989
1.41797, 1.66548, 2.40201, 2.04552, 2.38847, 2.07569, 2.38873, 2.07559, 2.40516, 2.03683
1.42146, 1.66652, 2.40257, 2.04669, 2.38912, 2.0767, 2.38937, 2.0766, 2.4057, 2.03805
1.42486, 1.66754, 2.4031, 2.04781, 2.38974, 2.07768, 2.38999, 2.07758, 2.40622, 2.03922
1.42817, 1.66855, 2.40362, 2.0489, 2.39033, 2.07862, 2.39058, 2.07852, 2.40672, 2.04034
1.4314, 1.66953, 2.40411, 2.04995, 2.39091, 2.07953, 2.39115, 2.07943, 2.40719, 2.04143
