2.69207, 2.30783, 2.76713, 3.59573, 1.08477, 3.07201, 3.02268, 2.21334, 1.59528, 2.0327
2.5454, 2.20458, 2.69434, 3.49891, 1.05214, 2.86023, 2.88345, 2.13461, 1.27241, 1.66426
2.24241, 2.08688, 2.53656, 3.34442, 1.51523, 2.77186, 2.62464, 2.05339, 1.78183, 1.87024
2.05651, 1.94642, 2.46001, 3.24079, 1.42496, 2.56611, 2.46288, 1.95729, 1.44426, 1.56458
1.98802, 1.76966, 2.42462, 3.14164, 1.41855, 2.41956, 2.37585, 1.81129, 1.42036, 1.28299
2.1489, 1.71751, 2.42743, 3.05419, 1.50301, 2.37476, 2.41407, 1.78201, 1.50876, 1.30976
2.06028, 1.53838, 2.39103, 2.95532, 1.49088, 2.22422, 2.32001, 1.6322, 1.45523, 0.957977
2.15846, 1.55999, 2.39833, 2.82761, 1.60601, 2.18442, 2.37378, 1.6362, 1.52503, 0.994304
2.23728, 1.57207, 2.40826, 2.60267, 1.77934, 2.13311, 2.41297, 1.6331, 1.59727, 1.0295
2.30188, 1.58111, 2.41566, 2.51474, 1.86304, 2.09468, 2.4429, 1.62962, 1.67749, 1.06729
2.08999, 1.49336, 2.31105, 2.41675, 1.68432, 1.91788, 2.26128, 1.5551, 1.38073, 1.03136
2.18556, 1.60853, 2.57464, 2.56395, 1.80461, 2.0011, 2.36232, 1.68789, 1.45037, 1.10342
2.25127, 1.61298, 2.56336, 2.4833, 1.88824, 1.97317, 2.39796, 1.67838, 1.51341, 1.12851
2.16641, 1.46966, 2.51728, 2.3928, 1.84665, 1.83244, 2.31452, 1.55149, 1.44367, 0.744241
2.01411, 1.41629, 2.60669, 2.4193, 1.73917, 1.71064, 2.21127, 1.53112, 1.617, 0.9406
2.08957, 1.44, 2.59168, 2.34572, 1.82776, 1.70571, 2.26894, 1.54361, 1.6804, 0.975208
2.16797, 1.53778, 3.03091, 2.60729, 1.92157, 1.78835, 2.35467, 1.65792, 1.73799, 1.04674
1.95776, 1.44888, 2.95884, 2.55429, 1.7063, 1.62999, 2.19972, 1.58849, 1.49893, 1.01767
2.03314, 1.47143, 2.91858, 2.49366, 1.86993, 1.67687, 2.25571, 1.59804, 1.55395, 1.04446
2.09937, 1.48823, 2.88263, 2.43681, 1.96591, 1.66365, 2.30076, 1.60178, 1.60997, 1.06993
2.15937, 1.50329, 2.84754, 2.38008, 2.09066, 1.6277, 2.33868, 1.60441, 1.67067, 1.09674
2.03321, 1.45912, 2.77891, 2.33636, 1.9623, 1.5761, 2.22835, 1.56207, 1.47891, 1.05805
2.09359, 1.47536, 2.75, 2.27902, 2.12433, 1.53323, 2.2729, 1.56918, 1.52559, 1.07828
2.15888, 1.55518, 2.9041, 2.45369, 2.19303, 1.61583, 2.344, 1.66255, 1.57528, 1.13228
2.09675, 1.44302, 2.86651, 2.3964, 2.13413, 1.50956, 2.28436, 1.56803, 1.51298, 0.869421
2.14835, 1.45921, 2.83599, 2.34701, 2.18322, 1.52084, 2.31914, 1.57346, 1.55104, 0.891538
1.82225, 1.25321, 2.75414, 2.28375, 1.93069, 1.36292, 2.1298, 1.46742, 1.99469, 1.30565
1.87122, 1.31048, 2.89096, 2.43917, 1.98359, 1.42505, 2.18716, 1.53977, 2.04521, 1.36967
1.73926, 1.27675, 2.83734, 2.40422, 1.86539, 1.38841, 2.08795, 1.50363, 1.93187, 1.33575
1.81243, 1.29872, 2.81203, 2.35976, 2.00213, 1.42089, 2.1342, 1.51408, 2.00485, 1.38655
1.75533, 1.15337, 2.77953, 2.30922, 1.94602, 1.30747, 2.08047, 1.41686, 1.94571, 1.27042
1.82423, 1.18014, 2.75449, 2.26301, 2.01438, 1.35871, 2.12627, 1.43482, 2.00762, 1.31548
1.86423, 1.22888, 2.86922, 2.39598, 2.05956, 1.41494, 2.17414, 1.49633, 2.0513, 1.371
1.7505, 1.20109, 2.82215, 2.36592, 1.96394, 1.38486, 2.08732, 1.46617, 1.95443, 1.34193
1.81235, 1.22177, 2.80033, 2.32722, 2.00724, 1.39918, 2.12704, 1.47721, 2.02066, 1.3923
1.84993, 1.26621, 2.90947, 2.4563, 2.04982, 1.45065, 2.17239, 1.53393, 2.063, 1.44416
1.74456, 1.24059, 2.86791, 2.42909, 1.96244, 1.42215, 2.09376, 1.50546, 1.97639, 1.41603
1.80149, 1.25852, 2.84738, 2.39495, 2.00227, 1.4337, 2.12976, 1.51355, 2.01591, 1.42793
1.75382, 1.13837, 2.82226, 2.35621, 1.9591, 1.34565, 2.08772, 1.4371, 1.97195, 1.34037
1.80681, 1.15956, 2.80129, 2.32103, 2.0218, 1.39716, 2.12342, 1.45027, 2.03454, 1.39383
1.83776, 1.19728, 2.89426, 2.43174, 2.0583, 1.44176, 2.16145, 1.49856, 2.07093, 1.43878
1.74667, 1.17564, 2.8581, 2.40831, 1.98363, 1.4176, 2.09287, 1.47468, 1.99692, 1.41484
1.7936, 1.19216, 2.84041, 2.37877, 2.01744, 1.4278, 2.1238, 1.48297, 2.03045, 1.42522
1.84863, 1.20969, 2.82336, 2.34971, 2.04957, 1.4375, 2.15263, 1.49067, 2.06226, 1.43507
1.76622, 1.18991, 2.78867, 2.32787, 1.98092, 1.41543, 2.08955, 1.46889, 1.99423, 1.4132
1.79338, 1.22171, 2.86995, 2.42197, 2.01273, 1.45283, 2.12277, 1.50956, 2.02599, 1.45092
1.84462, 1.23715, 2.85417, 2.39604, 2.04225, 1.46081, 2.1491, 1.51553, 2.05521, 1.45901
1.76902, 1.21904, 2.82332, 2.37623, 1.97948, 1.44015, 2.09172, 1.49517, 1.99306, 1.43852
1.81267, 1.23285, 2.80918, 2.35102, 2.00781, 1.44794, 2.11753, 1.50133, 2.02115, 1.44642
1.77629, 1.14509, 2.79087, 2.3226, 1.97743, 1.38585, 2.0872, 1.44579, 1.99041, 1.38484
1.79893, 1.17239, 2.86012, 2.40344, 2.00413, 1.41774, 2.11517, 1.48049, 2.01709, 1.41699
1.84239, 1.18667, 2.84656, 2.381, 2.02951, 1.42558, 2.13804, 1.48661, 2.04224, 1.4249
1.77752, 1.17116, 2.81986, 2.36398, 1.97474, 1.4083, 2.08806, 1.46944, 1.98801, 1.40774
1.81486, 1.18392, 2.80768, 2.34225, 1.99901, 1.4158, 2.11031, 1.47553, 2.01209, 1.41531
1.83539, 1.20874, 2.86958, 2.41557, 2.0232, 1.44458, 2.13571, 1.50694, 2.03628, 1.44434
1.77576, 1.19464, 2.84568, 2.40011, 1.97311, 1.42847, 2.09023, 1.49097, 1.98671, 1.42834
1.81023, 1.20592, 2.83432, 2.38066, 1.99535, 1.43484, 2.1105, 1.49592, 2.00878, 1.43476
1.84943, 1.21762, 2.82335, 2.36163, 2.01667, 1.44094, 2.12966, 1.50058, 2.02991, 1.4409
1.79565, 1.2047, 2.80081, 2.34733, 1.97068, 1.42624, 2.08792, 1.48603, 1.98441, 1.4263
1.83007, 1.21536, 2.79097, 2.32899, 1.99099, 1.43209, 2.10647, 1.49068, 2.00458, 1.43219
1.84753, 1.23631, 2.84242, 2.38874, 2.0114, 1.456, 2.1279, 1.51686, 2.02499, 1.45632
1.82149, 1.17742, 2.82992, 2.36945, 1.99051, 1.41327, 2.10715, 1.47894, 2.0039, 1.414
1.8564, 1.18819, 2.82049, 2.35304, 2.00881, 1.41893, 2.12367, 1.48335, 2.02205, 1.41969
1.81054, 1.17707, 2.80105, 2.34076, 1.96893, 1.40652, 2.08754, 1.471, 1.98261, 1.40735
1.84156, 1.18692, 2.79254, 2.32499, 1.98633, 1.4119, 2.10347, 1.47532, 1.99988, 1.41275
1.85626, 1.20495, 2.83646, 2.37631, 2.00359, 1.4323, 2.12163, 1.49768, 2.01715, 1.43334
1.81438, 1.19482, 2.81896, 2.36515, 1.9671, 1.4208, 2.08872, 1.48625, 1.98108, 1.42191
1.84366, 1.20367, 2.81103, 2.35096, 1.98304, 1.42547, 2.10324, 1.48988, 1.9969, 1.42659
1.87755, 1.21278, 2.80338, 2.3371, 1.99838, 1.42996, 2.11707, 1.49334, 2.01212, 1.4311
1.84, 1.20351, 2.78701, 2.32681, 1.96492, 1.41947, 2.0869, 1.48292, 1.97905, 1.42066
1.85276, 1.21902, 2.82497, 2.37067, 1.97983, 1.43676, 2.10261, 1.50193, 1.99397, 1.43812
1.88603, 1.22728, 2.81788, 2.35816, 1.99388, 1.44068, 2.11524, 1.50486, 2.0079, 1.44205
1.852, 1.2188, 2.80313, 2.3488, 1.96327, 1.43099, 2.08774, 1.49524, 1.97767, 1.4324
1.88313, 1.22657, 2.79667, 2.33684, 1.97659, 1.43473, 2.09985, 1.49811, 1.99089, 1.43615
1.89459, 1.24069, 2.83042, 2.37619, 1.98994, 1.45019, 2.11394, 1.51515, 2.00426, 1.45177
1.87698, 1.20397, 2.82222, 2.3635, 1.97641, 1.42176, 2.10046, 1.49013, 1.99061, 1.42365
1.91173, 1.21177, 2.81614, 2.35273, 1.98847, 1.42532, 2.11135, 1.49284, 2.00258, 1.42721
1.8831, 1.20452, 2.80343, 2.34469, 1.96201, 1.4171, 2.0876, 1.48464, 1.97644, 1.41902
1.89309, 1.21698, 2.83343, 2.37987, 1.97367, 1.43062, 2.09992, 1.49955, 1.98812, 1.43268
1.9051, 1.22417, 2.82782, 2.37013, 1.98471, 1.43375, 2.10986, 1.50189, 1.99907, 1.43581
1.87884, 1.21754, 2.81634, 2.36281, 1.96051, 1.42618, 2.08821, 1.49434, 1.97518, 1.42827
1.8901, 1.22408, 2.81118, 2.35354, 1.97095, 1.42915, 2.0977, 1.49661, 1.98555, 1.43125
1.90116, 1.23066, 2.8062, 2.34449, 1.98104, 1.43203, 2.10679, 1.49878, 1.99556, 1.43412
1.87712, 1.22459, 2.79555, 2.33778, 1.95888, 1.42511, 2.08698, 1.49189, 1.97368, 1.42723
1.88556, 1.23496, 2.82049, 2.36677, 1.96865, 1.43637, 2.09731, 1.50433, 1.98347, 1.4386
1.87254, 1.2075, 2.81442, 2.35735, 1.95864, 1.41487, 2.08733, 1.48555, 1.97337, 1.41736
1.89716, 1.21313, 2.80999, 2.34937, 1.9676, 1.41753, 2.09548, 1.48759, 1.98227, 1.42002
1.90479, 1.22269, 2.83279, 2.37635, 1.97647, 1.42785, 2.10488, 1.499, 1.99116, 1.43045
1.88421, 1.21749, 2.82383, 2.37062, 1.95735, 1.42193, 2.08783, 1.49308, 1.97229, 1.42454
1.89304, 1.22269, 2.81975, 2.36339, 1.96554, 1.42429, 2.09527, 1.49487, 1.98043, 1.42691
1.90171, 1.22787, 2.81579, 2.35634, 1.97346, 1.42658, 2.10242, 1.49659, 1.98829, 1.42919
1.88287, 1.22312, 2.80751, 2.35109, 1.95596, 1.42117, 2.08683, 1.49119, 1.97102, 1.4238
1.891, 1.22787, 2.80386, 2.34441, 1.96344, 1.42333, 2.09363, 1.49284, 1.97845, 1.42596
1.89743, 1.23583, 2.82284, 2.3667, 1.97086, 1.43191, 2.10149, 1.50234, 1.98589, 1.43463
1.88018, 1.23148, 2.81533, 2.36191, 1.95486, 1.42694, 2.08727, 1.49738, 1.97011, 1.42968
1.88768, 1.23583, 2.81197, 2.35585, 1.9617, 1.42888, 2.09347, 1.49884, 1.9769, 1.43161
1.89502, 1.24016, 2.80871, 2.34995, 1.96831, 1.43074, 2.09944, 1.50024, 1.98346, 1.43348
1.886, 1.22137, 2.80447, 2.34336, 1.96132, 1.41576, 2.09247, 1.48719, 1.97641, 1.41868
1.8915, 1.22818, 2.82074, 2.3625, 1.96765, 1.42311, 2.09919, 1.49533, 1.98275, 1.42611
1.89814, 1.23213, 2.81772, 2.35715, 1.97366, 1.42486, 2.1046, 1.49663, 1.98872, 1.42785
