0.0707499
0.0806609
0.0805329
0.0831978
0.0860614
0.0891619
0.089154
0.0908779
0.0945239
0.0957062
0.0970732
0.0998176
0.102612
0.101956
0.103595
0.105753
0.106149
0.106533
0.106906
0.107267
0.107618
0.107957
0.108286
0.108605
0.10873
0.108636
0.108922
0.109198
0.109466
0.109724
0.109975
0.110217
0.110451
0.110678
0.110897
0.111108
0.111313
0.111511
0.111703
0.111888
0.112067
0.112241
0.112408
0.11257
0.112727
0.112878
0.113025
0.113167
0.113304
0.113437
0.11338
0.113392
0.113512
0.113628
0.11374
0.113848
0.113953
0.114055
0.114153
0.114248
0.11434
0.114429
0.114516
0.114599
0.11468
0.114758
0.114834
0.114907
0.114978
0.115047
0.115114
0.115178
0.115241
0.115302
0.11536
0.115417
0.115472
0.115525
0.115577
0.115622
0.115546
0.115593
0.115638
0.115682
0.115725
0.115766
0.115806
0.115845
0.115882
0.115919
0.115954
0.115988
0.116021
0.116054
0.116085
0.116115
0.116144
0.116172
0.1162
0.116227
