0.323375
0.339836
0.369199
0.371752
0.372102
0.355176
0.37241
0.368761
0.127956
0.135634
0.14988
0.176054
0.223849
0.31113
0.31049
0.360819
0.365086
0.357845
0.355614
0.36683
0.371901
0.372163
0.372559
0.37315
0.362185
0.373278
0.357144
0.373242
0.373845
0.373796
0.374767
0.373292
0.373883
0.363818
0.362777
0.374051
0.374476
0.37466
0.375478
0.375353
0.376498
0.371776
0.368308
0.375531
0.37675
0.376478
0.377656
0.377502
0.378643
0.3786
0.371632
0.373773
0.37895
0.379379
0.379929
0.378805
0.380072
0.379786
0.375549
0.377353
0.380456
0.380208
0.381372
0.381172
0.382319
0.382148
0.380879
0.3815
0.382155
0.379206
0.382439
0.382603
0.383335
0.383403
0.384236
0.384208
0.38038
0.38405
0.384841
0.384506
0.385572
0.385224
0.386342
0.385508
0.384824
0.385512
0.386261
0.385751
0.386238
0.386638
0.386911
0.387265
0.38757
0.387725
0.387763
0.387997
0.387933
0.388092
0.388628
0.38863
