0.593775
0.56068
0.609454
0.649492
0.642076
0.652283
0.453094
0.499419
0.567339
0.619152
0.640018
0.642097
0.683373
0.710367
0.722158
0.715786
0.639389
0.733535
0.725243
0.756628
0.685708
0.601215
0.667584
0.649417
0.6659
0.69848
0.697781
0.727563
0.724381
0.72005
0.7127
0.731148
0.765286
0.669101
0.726563
0.688011
0.688503
0.714701
0.727877
0.737544
0.732499
0.721389
0.700126
0.73332
0.745398
0.745962
0.726711
0.734748
0.737436
0.752436
0.745517
0.771605
0.763846
0.769628
0.757278
0.776966
0.789546
0.73728
0.777452
0.78135
0.79686
0.797243
0.795056
0.803355
0.8094
0.816481
0.816917
0.778937
0.812521
0.813224
0.811232
0.81708
0.807299
0.803179
0.806213
0.813546
0.81121
0.797721
0.807367
0.809289
0.814591
0.818209
0.815133
0.813619
0.825428
0.808011
0.819403
0.82564
0.829526
0.82777
0.832716
0.832383
0.833864
0.839402
0.835865
0.829655
0.835226
0.804359
0.818853
0.833236
