0.440611
0.38957
0.457887
0.506469
0.502674
0.487238
0.498798
0.468831
0.50281
0.506812
0.509703
0.513611
0.397265
0.440634
0.448283
0.4515
0.400492
0.460354
0.489153
0.426814
0.488027
0.456626
0.479455
0.474223
0.443953
0.493357
0.500496
0.505864
0.472828
0.46214
0.470144
0.490524
0.481128
0.476083
0.464034
0.470654
0.489848
0.483856
0.473263
0.50021
0.498213
0.483453
0.49242
0.472771
0.488026
0.498886
0.502794
0.497628
0.491424
0.499681
0.50018
0.492813
0.499134
0.502261
0.495953
0.494439
0.49722
0.499996
0.502769
0.505539
0.508308
0.507493
0.501812
0.504305
0.497957
0.499942
0.502147
0.504337
0.506512
0.508673
0.510821
0.509699
0.506057
0.508004
0.509938
0.507142
0.506582
0.508299
0.509997
0.511676
0.513338
0.511283
0.509846
0.511359
0.512854
0.514332
0.511533
0.511847
0.513166
0.514467
0.515036
0.511819
0.513005
0.514173
0.515323
0.516456
0.516579
0.514574
0.515589
0.516586
