0.135081
0.158518
0.175225
0.176689
0.178168
0.179669
0.178806
0.179398
0.180809
0.182258
0.183756
0.185322
0.186987
0.188812
0.189974
0.191135
0.189449
0.190365
0.191392
0.192414
0.193435
0.194455
0.195478
0.196508
0.197547
0.198603
0.196723
0.197891
0.19887
0.199876
0.200925
0.202047
0.202682
0.203301
0.203905
0.203421
0.202932
0.20347
0.203994
0.204504
0.205
0.205484
0.205955
0.206413
0.206859
0.207293
0.207639
0.206501
0.206891
0.207269
0.207638
0.207996
0.208344
0.208683
0.209012
0.209332
0.209644
0.209946
0.20992
0.209351
0.209624
0.20989
0.210147
0.210398
0.210641
0.210877
0.211107
0.21133
0.211547
0.211757
0.211428
0.211324
0.211514
0.211699
0.211879
0.212054
0.212223
0.212388
0.212548
0.212703
0.212854
0.212793
0.212533
0.21267
0.212803
0.212932
0.213057
0.213179
0.213297
0.213411
0.213522
0.21363
0.213735
0.213504
0.213508
0.213603
0.213695
0.213785
0.213872
0.213957
