1.06136
0.852294
0.592439
0.939183
0.972419
1.00561
1.04004
1.08351
1.10021
1.09612
1.07913
1.09667
1.11501
1.03945
1.0323
1.00153
1.05947
1.06941
1.07937
1.09014
1.10271
1.10601
1.09244
1.10924
1.13181
1.14596
1.16017
1.17443
1.16223
1.13826
1.10408
1.15211
1.16359
1.16685
1.15054
1.16252
1.1742
1.18564
1.19219
1.17198
1.12882
1.17388
1.1838
1.19354
1.20321
1.21132
1.13474
1.12351
1.18815
1.19685
1.20545
1.19461
1.19698
1.2106
1.20087
1.20874
1.21679
1.2002
1.13138
1.16264
1.21026
1.20297
1.20464
1.21678
1.20798
1.20801
1.20671
1.21305
1.20586
1.18106
1.21656
1.21061
1.21519
1.2178
1.20602
1.20619
1.19314
1.21631
1.20975
1.21466
1.21848
1.2122
1.22106
1.2186
1.21815
1.22047
1.22267
1.22433
1.21067
1.21166
1.2193
1.22052
1.21686
1.22065
1.22242
1.22411
1.22287
1.22163
1.22619
1.22592
