0.195263
0.194805
0.194805
0.194535
0.194535
0.194535
0.195154
0.195154
0.195154
0.194792
0.194792
0.19491
0.19491
0.19491
0.194908
0.194908
0.194585
0.194585
0.194585
0.194033
0.194033
0.194033
0.193601
0.193601
0.193601
0.193438
0.193438
0.193438
0.192839
0.192839
0.192839
0.192267
0.192267
0.192267
0.19175
0.19175
0.190958
0.190958
0.190958
0.190059
0.190059
0.190059
0.189265
0.189265
0.188654
0.188654
0.188654
0.187689
0.187689
0.187689
0.18712
0.18712
0.18712
0.186381
0.186381
0.185626
0.185626
0.185626
0.184601
0.184601
0.184601
0.183508
0.183508
0.182371
0.182371
0.182371
0.181227
0.181227
0.181227
0.180279
0.180279
0.180279
0.179357
0.179357
0.179357
0.178459
0.178459
0.177674
0.177674
0.177674
0.176957
0.176957
0.176957
0.176253
0.176253
0.176253
0.173621
0.173621
0.173621
0.172425
0.172425
0.171661
0.171661
0.171661
0.170923
0.170923
0.170923
0.17025
0.17025
0.17025
0.169637
0.169637
0.168705
0.168705
0.168705
0.165853
0.165853
0.165853
0.165317
0.165317
0.165077
0.165077
0.165077
0.164952
0.164952
0.164952
0.164831
0.164831
0.164831
0.164878
0.164878
0.164878
0.165176
0.165176
0.164598
0.164598
0.164598
0.163998
0.163998
0.163998
0.16342
0.16342
0.162873
0.162873
0.162873
0.162347
0.162347
0.162347
0.161774
0.161774
0.161774
0.161219
0.161219
0.161219
0.160684
0.160684
0.160183
0.160183
0.160183
0.159713
0.159713
0.159258
0.159258
0.159258
0.158815
0.158815
0.158815
0.158176
0.158176
0.156248
0.156248
0.156248
0.155881
0.155881
0.155881
0.155539
0.155539
0.155219
0.155219
0.155219
0.154027
0.154027
0.154027
0.152745
0.152745
0.152512
0.152512
0.152512
0.152298
0.152298
0.152092
0.152092
0.152092
0.152043
0.152043
0.150172
0.150172
0.150172
0.150309
0.150309
0.150309
0.150455
0.150455
0.150612
0.150612
0.150612
0.15079
0.15079
0.15079
0.150981
0.150981
0.151188
0.151188
0.151188
0.151172
0.151172
0.149333
0.149333
0.149333
0.149617
0.149617
0.149617
0.149914
0.149914
0.150222
0.150222
0.150222
0.150547
0.150547
0.150547
0.150885
0.150885
0.15124
0.15124
0.15124
0.151618
0.151618
0.151618
0.152005
0.152005
0.152404
0.152404
0.152404
0.152819
0.152819
0.153251
0.153251
0.153251
0.153696
0.153696
0.154157
0.154157
0.154157
0.154642
0.154642
0.15514
0.15514
0.15514
0.155661
0.155661
0.155661
0.156203
0.156203
0.156762
0.156762
0.156762
0.157343
0.157343
0.157942
0.157942
0.157942
0.158564
0.158564
0.158564
0.159207
0.159207
0.159871
0.159871
0.159871
