0.53144
0.559837
0.583111
0.604543
0.6245
0.644022
0.665968
0.680587
0.693856
0.705896
0.716828
0.726811
0.736061
0.704703
0.708687
0.713982
0.718574
0.7226
0.726185
0.729441
0.732462
0.735329
0.739186
0.741997
0.74482
0.747697
0.750671
0.753785
0.754152
0.727011
0.728656
0.730233
0.731759
0.73325
0.734716
0.736169
0.737615
0.739063
0.740517
0.741983
0.743466
0.744968
0.746494
0.748048
0.749634
0.751256
0.752917
0.754624
0.756382
0.757908
0.740016
0.741087
0.742153
0.743216
0.744278
0.745338
0.746398
0.747459
0.748521
0.749586
0.750653
0.751725
0.7528
0.753881
0.754968
0.756062
0.757164
0.758275
0.749414
0.748805
0.749605
0.7504
0.751189
0.751973
0.752752
0.753527
0.754296
0.755061
0.755822
0.756578
0.757331
0.75808
0.755069
0.751582
0.752163
0.752735
0.753301
0.753858
0.754409
0.754951
0.755487
0.756016
0.756537
0.757052
0.757559
0.75806
0.758174
0.753692
0.7541
0.754502
