0.373477
0.366034
0.332947
0.294424
0.32398
0.341239
0.371915
0.372804
0.373991
0.353256
0.34043
0.372424
0.373553
0.375499
0.37881
0.381683
0.362628
0.379566
0.385024
0.393708
0.392492
0.304115
0.0569145
0.0793505
0.113528
0.165519
0.244891
0.367625
0.367707
0.35875
0.379371
0.382703
0.381453
0.36748
0.370784
0.382366
0.386188
0.387147
0.378012
0.38729
0.392107
0.391507
0.392052
0.387088
0.392216
0.397557
0.399818
0.396873
0.399438
0.393816
0.403363
0.40207
0.403282
0.366421
0.385308
0.385986
0.395956
0.38954
0.377002
0.395153
0.398883
0.401092
0.392488
0.400129
0.402427
0.39694
0.402526
0.402938
0.403959
0.404852
0.404715
0.402674
0.403465
0.404242
0.405003
0.405037
0.404159
0.40549
0.406173
0.406843
0.407262
0.407837
0.408457
0.409063
0.409657
0.410006
0.410538
0.411087
0.410487
0.410761
0.409388
0.409866
0.410333
0.410789
0.410936
0.411461
0.411882
0.412292
0.412694
0.412894
