0.617012
0.595398
0.6991
0.655162
0.747197
0.73273
0.784223
0.879616
0.708599
0.706135
0.728136
0.792432
0.750974
0.862793
0.829297
0.928017
0.854549
0.822658
0.939237
0.953605
0.882908
0.963756
0.95313
0.941391
0.904668
0.978603
0.988398
1.02155
1.03542
1.03521
1.02552
1.04211
1.0733
0.982655
1.00123
0.996931
0.928096
0.997864
0.97901
1.02847
0.958014
0.983908
0.96212
1.00779
1.00088
0.995094
1.0278
1.05674
1.02151
1.02409
1.0403
1.08406
1.07612
1.06092
1.00797
1.08085
1.06819
1.05188
1.03944
1.09415
0.994601
1.02203
1.04886
1.04545
1.03328
1.04335
1.05827
1.05222
1.06438
1.06534
1.06605
1.0654
1.08636
1.08544
1.0802
1.07508
1.0955
1.10467
1.0869
1.076
1.09512
1.10952
1.09523
1.07805
1.0656
1.07846
1.08334
1.08188
1.08165
1.08436
1.08988
1.10183
1.09791
1.09019
1.09525
1.10939
1.10781
1.10454
1.10177
1.08645
