0.697357
0.635139
0.524218
0.542929
0.293617
0.455991
0.725524
0.787674
1.14831
1.16764
0.965991
0.496004
0.585272
0.728398
0.996352
1.01621
1.18585
1.02891
0.571727
0.680534
0.857485
0.954513
0.821641
0.623444
0.826353
1.11923
1.11937
1.25599
1.00697
0.788753
1.00534
1.14365
1.19973
1.24082
1.07806
0.832536
1.06325
1.17314
1.1581
1.24864
1.10065
0.902461
1.14773
1.21641
1.1973
0.892323
1.15167
1.14517
1.21711
1.20811
1.25279
0.929763
1.00371
1.07567
1.14242
1.15972
1.16106
1.03286
1.13131
1.15487
1.20446
1.18396
1.24012
1.22247
1.06236
1.11089
1.1556
1.15217
1.18945
1.20602
1.21884
1.24924
1.22586
1.11696
1.15187
1.18102
1.17871
1.20717
1.20869
1.22849
1.24461
1.24715
1.25403
1.14974
1.17426
1.19691
1.2177
1.21622
1.23343
1.24221
1.24742
1.26259
1.22927
1.19409
1.21057
1.22586
1.22094
1.23753
1.23992
1.24803
