1.79143
2.11813
2.39082
2.6397
2.55103
2.66878
2.59236
2.67337
2.61486
2.67332
2.62977
2.67325
2.64089
2.67394
2.64974
2.67533
2.65706
2.6772
2.66329
2.67938
2.66868
2.68172
2.67342
2.68414
2.67763
2.68655
2.68142
2.68893
2.68484
2.69123
2.68796
2.69346
2.69081
2.69558
2.69343
2.69761
2.69585
2.69953
2.69808
2.70135
2.70014
2.70307
2.70206
2.70469
2.70384
2.70623
2.7055
2.70767
2.70704
2.70902
2.70849
2.7103
2.70983
2.7115
2.71109
2.71263
2.71226
2.71369
2.71336
2.71469
2.71438
2.71563
2.71535
2.71651
2.71625
2.71734
2.71709
2.71812
2.71788
2.71885
2.71862
2.71953
2.71932
2.72018
2.71997
2.72079
2.72058
2.72136
2.72115
2.72189
2.72169
2.7224
2.7222
2.72287
2.72267
2.72331
2.72312
2.72373
2.72353
2.72412
2.72393
2.72449
2.7243
2.72484
2.72464
2.72517
2.72497
2.72547
2.72527
2.72576
