0.621791
0.635398
0.650632
0.667948
0.685288
0.640801
0.629172
0.646614
0.665571
0.679385
0.69251
0.705081
0.695817
0.675601
0.684487
0.648078
0.668458
0.679309
0.689445
0.69897
0.681527
0.671603
0.679725
0.687295
0.694402
0.701135
0.707577
0.713807
0.719895
0.716012
0.700202
0.705568
0.71077
0.715862
0.710187
0.618477
0.682996
0.691192
0.696765
0.702103
0.691115
0.685737
0.690383
0.694821
0.699074
0.703159
0.707096
0.710901
0.710242
0.698418
0.701776
0.705015
0.708148
0.711187
0.714143
0.710743
0.686395
0.683548
0.686558
0.688826
0.691008
0.693112
0.69555
0.697461
0.699311
0.699456
0.690767
0.692697
0.694233
0.695721
0.697398
0.698769
0.7001
0.70157
0.702807
0.702997
0.696541
0.697787
0.698834
0.699854
0.700953
0.701906
0.702926
0.703819
0.704769
0.704389
0.701819
0.702678
0.703515
0.704244
0.704954
0.704661
0.70123
0.701861
0.702534
0.703126
0.703757
0.704313
0.704856
0.705424
