0.360203
0.403663
0.446008
0.0911365
0.153615
0.303005
0.293241
0.33942
0.347924
0.258355
0.308877
0.347819
0.292605
0.346744
0.319195
0.338131
0.346685
0.35673
0.361955
0.297711
0.363405
0.349467
0.341772
0.366087
0.386768
0.360339
0.339652
0.359102
0.313538
0.382299
0.385005
0.375358
0.395225
0.39008
0.412894
0.40371
0.4223
0.408457
0.423326
0.416239
0.40349
0.436039
0.437999
0.465692
0.462523
0.461672
0.484153
0.50704
0.499887
0.508253
0.510883
0.518388
0.508187
0.50706
0.493762
0.354317
0.437372
0.453491
0.474208
0.47995
0.487075
0.482555
0.493222
0.507916
0.508316
0.505972
0.509191
0.512326
0.515377
0.518343
0.521225
0.524025
0.520596
0.511856
0.518997
0.522109
0.5079
0.522602
0.524764
0.526864
0.52763
0.526675
0.52855
0.530369
0.532134
0.531863
0.53287
0.534455
0.535993
0.5343
0.532091
0.531845
0.535607
0.535408
0.535314
0.536511
0.537673
0.538798
0.538429
0.538503
