1.50407, 2.33462, 1.95436, 2.06378, 0.838565, 2.19872, 1.90195, 2.10336, 2.23035, 1.79418
1.54603, 2.51052, 1.96848, 2.07501, 0.890108, 2.22824, 1.91329, 2.12685, 2.34109, 1.62302
1.56767, 2.55811, 1.98043, 2.08585, 0.942518, 2.26094, 1.92116, 2.15228, 2.36366, 1.59101
1.58572, 2.6031, 1.9904, 2.09652, 0.996421, 2.29806, 1.92553, 2.18049, 2.38483, 1.56024
1.60059, 2.64508, 1.99855, 2.10723, 1.05296, 2.34177, 1.92618, 2.21261, 2.40448, 1.53109
1.39175, 2.53873, 1.80197, 2.08276, 0.575874, 2.11075, 1.72387, 2.17492, 2.25058, 1.55331
1.42521, 2.58038, 1.81719, 2.10885, 0.614038, 2.12646, 1.73611, 2.22407, 2.28146, 1.53209
1.45502, 2.62, 1.8293, 2.13675, 0.651876, 2.14265, 1.74306, 2.28474, 2.30993, 1.51116
1.48129, 2.65718, 1.83824, 2.16717, 0.689429, 2.15939, 1.74226, 2.36908, 2.33602, 1.49086
1.50425, 2.69168, 1.84385, 2.20114, 0.726744, 2.17676, 1.72052, 2.54071, 2.35979, 1.47144
1.52418, 2.72337, 1.84578, 2.24024, 0.763878, 2.19487, 1.72168, 2.57439, 2.38135, 1.45305
1.54138, 2.75226, 1.84329, 2.28725, 0.800907, 2.21386, 1.72179, 2.60646, 2.40084, 1.43583
1.55617, 2.77843, 1.83458, 2.34818, 0.837923, 2.23388, 1.72108, 2.63681, 2.41839, 1.4198
1.56886, 2.80202, 1.81362, 2.44219, 0.875054, 2.25517, 1.71974, 2.66534, 2.43415, 1.405
1.57974, 2.8232, 1.81116, 2.46912, 0.912471, 2.27802, 1.71793, 2.69203, 2.44829, 1.39138
1.58905, 2.84218, 1.80799, 2.49556, 0.950422, 2.30285, 1.71579, 2.71686, 2.46096, 1.37891
1.45754, 2.7576, 1.66558, 2.44399, 0.494386, 2.07644, 1.58167, 2.64749, 2.35633, 1.40032
1.47756, 2.7799, 1.67226, 2.47257, 0.520483, 2.08643, 1.59159, 2.67444, 2.37568, 1.38977
1.49531, 2.80028, 1.67777, 2.50026, 0.546142, 2.09648, 1.60019, 2.69952, 2.39319, 1.37982
1.51103, 2.81884, 1.68225, 2.52699, 0.571376, 2.1066, 1.60763, 2.72278, 2.40903, 1.37049
1.52493, 2.83569, 1.68583, 2.55269, 0.596194, 2.11678, 1.61404, 2.74427, 2.42334, 1.36177
1.53723, 2.85098, 1.68863, 2.5773, 0.620607, 2.12705, 1.61957, 2.76408, 2.43627, 1.35365
1.5481, 2.86483, 1.69076, 2.60078, 0.644627, 2.1374, 1.62433, 2.78231, 2.44796, 1.34611
1.55773, 2.87737, 1.69232, 2.62312, 0.668268, 2.14786, 1.62844, 2.79907, 2.45852, 1.33913
1.56627, 2.88873, 1.6934, 2.6443, 0.69154, 2.15843, 1.63197, 2.81445, 2.46808, 1.33266
1.57385, 2.89902, 1.69408, 2.66433, 0.71446, 2.16914, 1.63502, 2.82857, 2.47674, 1.32668
1.58059, 2.90835, 1.69443, 2.68324, 0.737041, 2.17998, 1.63765, 2.84151, 2.48459, 1.32116
1.58659, 2.91682, 1.6945, 2.70105, 0.759299, 2.19099, 1.63992, 2.85339, 2.49171, 1.31605
1.59194, 2.92451, 1.69434, 2.71779, 0.781252, 2.20217, 1.64188, 2.86429, 2.49818, 1.31134
1.59673, 2.9315, 1.69401, 2.73351, 0.802919, 2.21356, 1.64358, 2.8743, 2.50407, 1.30698
1.63537, 2.88946, 1.73446, 2.69303, 0.872848, 2.20074, 1.68095, 2.83269, 2.41471, 1.47261
1.63723, 2.89767, 1.73224, 2.70805, 0.893747, 2.21336, 1.68034, 2.84328, 2.42328, 1.46202
1.56108, 2.8475, 1.65014, 2.66644, 0.482791, 2.04007, 1.6028, 2.79619, 2.35695, 1.47347
1.56747, 2.85749, 1.65262, 2.6821, 0.498475, 2.04612, 1.60698, 2.80814, 2.36775, 1.46432
1.57326, 2.86673, 1.65478, 2.6969, 0.513807, 2.0521, 1.61073, 2.81926, 2.37788, 1.45558
1.57853, 2.87527, 1.65665, 2.71088, 0.528792, 2.05802, 1.61412, 2.8296, 2.38738, 1.44725
1.58332, 2.88318, 1.65826, 2.72408, 0.543437, 2.06388, 1.61717, 2.83922, 2.39629, 1.43932
1.58768, 2.8905, 1.65966, 2.73653, 0.55775, 2.06968, 1.61992, 2.84817, 2.40464, 1.43178
1.59166, 2.89729, 1.66085, 2.74827, 0.571737, 2.07542, 1.62241, 2.8565, 2.41247, 1.42461
1.5953, 2.90358, 1.66188, 2.75933, 0.585403, 2.0811, 1.62467, 2.86427, 2.41982, 1.4178
1.59863, 2.90942, 1.66276, 2.76976, 0.598757, 2.08671, 1.62671, 2.8715, 2.4267, 1.41135
1.60167, 2.91485, 1.66351, 2.77958, 0.611803, 2.09227, 1.62857, 2.87826, 2.43317, 1.40523
1.60447, 2.9199, 1.66414, 2.78884, 0.624549, 2.09777, 1.63026, 2.88456, 2.43923, 1.39943
1.60704, 2.9246, 1.66468, 2.79757, 0.637001, 2.10321, 1.63179, 2.89045, 2.44492, 1.39393
1.60941, 2.92898, 1.66513, 2.8058, 0.649165, 2.1086, 1.63319, 2.89595, 2.45027, 1.38872
1.61158, 2.93306, 1.6655, 2.81355, 0.661046, 2.11392, 1.63447, 2.9011, 2.45529, 1.38378
1.61359, 2.93688, 1.66581, 2.82087, 0.672652, 2.11919, 1.63564, 2.90592, 2.46002, 1.37911
1.61545, 2.94045, 1.66607, 2.82777, 0.683988, 2.1244, 1.63672, 2.91044, 2.46446, 1.37467
1.61717, 2.94378, 1.66627, 2.83428, 0.695059, 2.12956, 1.6377, 2.91468, 2.46864, 1.37047
1.61876, 2.9469, 1.66643, 2.84043, 0.705872, 2.13466, 1.6386, 2.91865, 2.47258, 1.36649
1.62024, 2.94983, 1.66656, 2.84624, 0.716432, 2.1397, 1.63943, 2.92239, 2.47629, 1.36272
1.62161, 2.95258, 1.66665, 2.85173, 0.726744, 2.14469, 1.64019, 2.9259, 2.47979, 1.35914
1.62289, 2.95516, 1.66672, 2.85692, 0.736815, 2.14963, 1.6409, 2.92921, 2.48309, 1.35574
1.62407, 2.95758, 1.66676, 2.86183, 0.74665, 2.1545, 1.64155, 2.93232, 2.4862, 1.35252
1.62518, 2.95986, 1.66678, 2.86648, 0.756253, 2.15933, 1.64215, 2.93525, 2.48915, 1.34946
1.64191, 2.939, 1.68377, 2.84648, 0.788576, 2.15353, 1.6587, 2.91457, 2.44641, 1.4293
1.64244, 2.94158, 1.68335, 2.85113, 0.797706, 2.15838, 1.65879, 2.91773, 2.44988, 1.42495
1.64294, 2.94403, 1.68294, 2.85554, 0.806621, 2.16318, 1.65887, 2.92071, 2.45319, 1.4208
1.64341, 2.94634, 1.68254, 2.85973, 0.815324, 2.16793, 1.65893, 2.92354, 2.45633, 1.41683
1.64384, 2.94852, 1.68214, 2.86371, 0.823821, 2.17262, 1.65899, 2.92622, 2.45933, 1.41304
1.64424, 2.95059, 1.68175, 2.86749, 0.832117, 2.17726, 1.65903, 2.92876, 2.46218, 1.40941
1.64461, 2.95255, 1.68138, 2.87109, 0.840216, 2.18184, 1.65907, 2.93116, 2.4649, 1.40595
1.64496, 2.95441, 1.68101, 2.87452, 0.848124, 2.18637, 1.65909, 2.93345, 2.46748, 1.40264
1.64528, 2.95617, 1.68065, 2.87778, 0.855844, 2.19085, 1.65911, 2.93561, 2.46995, 1.39947
1.61777, 2.93711, 1.65205, 2.8598, 0.656144, 2.10831, 1.63135, 2.91691, 2.44572, 1.4042
1.61875, 2.93916, 1.6524, 2.86319, 0.662617, 2.11124, 1.63205, 2.91933, 2.44848, 1.40129
1.61967, 2.9411, 1.65272, 2.86643, 0.668919, 2.11411, 1.6327, 2.92162, 2.45111, 1.39849
1.62054, 2.94296, 1.65302, 2.86951, 0.675056, 2.11692, 1.63332, 2.9238, 2.45363, 1.39581
1.62136, 2.94472, 1.6533, 2.87246, 0.68103, 2.11967, 1.6339, 2.92588, 2.45604, 1.39325
1.62213, 2.94639, 1.65355, 2.87527, 0.686846, 2.12237, 1.63445, 2.92786, 2.45834, 1.39078
1.62287, 2.94799, 1.65379, 2.87795, 0.692507, 2.12502, 1.63497, 2.92975, 2.46053, 1.38842
1.62357, 2.94951, 1.65401, 2.88052, 0.698017, 2.12761, 1.63546, 2.93155, 2.46263, 1.38616
1.62423, 2.95096, 1.65422, 2.88297, 0.703381, 2.13015, 1.63592, 2.93327, 2.46464, 1.38398
1.62485, 2.95234, 1.65441, 2.88531, 0.708601, 2.13264, 1.63636, 2.93491, 2.46656, 1.3819
1.62545, 2.95366, 1.65459, 2.88755, 0.713681, 2.13508, 1.63677, 2.93647, 2.4684, 1.3799
1.62601, 2.95492, 1.65476, 2.88969, 0.718624, 2.13746, 1.63717, 2.93797, 2.47017, 1.37798
1.62655, 2.95612, 1.65491, 2.89174, 0.723435, 2.1398, 1.63754, 2.9394, 2.47185, 1.37613
1.62706, 2.95727, 1.65506, 2.8937, 0.728116, 2.14208, 1.63789, 2.94076, 2.47347, 1.37436
1.62755, 2.95837, 1.65519, 2.89558, 0.73267, 2.14432, 1.63823, 2.94207, 2.47502, 1.37266
1.62801, 2.95942, 1.65532, 2.89738, 0.737101, 2.1465, 1.63855, 2.94332, 2.47651, 1.37102
1.62845, 2.96042, 1.65544, 2.89911, 0.741412, 2.14864, 1.63885, 2.94451, 2.47793, 1.36945
1.62887, 2.96139, 1.65555, 2.90077, 0.745606, 2.15074, 1.63914, 2.94566, 2.4793, 1.36794
1.62927, 2.96231, 1.65565, 2.90235, 0.749685, 2.15278, 1.63941, 2.94676, 2.48061, 1.36648
1.62965, 2.96319, 1.65575, 2.90388, 0.753653, 2.15479, 1.63967, 2.94781, 2.48187, 1.36508
1.63002, 2.96404, 1.65584, 2.90534, 0.757513, 2.15674, 1.63992, 2.94882, 2.48308, 1.36374
1.63037, 2.96485, 1.65592, 2.90674, 0.761266, 2.15866, 1.64016, 2.94978, 2.48424, 1.36245
1.6307, 2.96562, 1.656, 2.90809, 0.764917, 2.16053, 1.64038, 2.95071, 2.48536, 1.3612
1.63102, 2.96637, 1.65608, 2.90938, 0.768468, 2.16235, 1.6406, 2.9516, 2.48643, 1.36
1.63132, 2.96708, 1.65615, 2.91062, 0.77192, 2.16414, 1.6408, 2.95245, 2.48746, 1.35885
1.63715, 2.95957, 1.66202, 2.90333, 0.783475, 2.16207, 1.6466, 2.94499, 2.47219, 1.3874
1.63738, 2.96031, 1.66203, 2.90454, 0.786736, 2.16379, 1.64674, 2.94585, 2.47326, 1.38612
1.63759, 2.96101, 1.66204, 2.90571, 0.789907, 2.16547, 1.64686, 2.94667, 2.47429, 1.38488
1.6378, 2.96168, 1.66205, 2.90684, 0.792989, 2.16712, 1.64698, 2.94747, 2.47527, 1.38369
1.63799, 2.96233, 1.66205, 2.90792, 0.795986, 2.16872, 1.6471, 2.94823, 2.47622, 1.38254
1.63818, 2.96296, 1.66206, 2.90896, 0.7989, 2.17029, 1.64721, 2.94896, 2.47714, 1.38143
1.63836, 2.96356, 1.66206, 2.90996, 0.801733, 2.17181, 1.64732, 2.94967, 2.47802, 1.38036
1.63853, 2.96414, 1.66206, 2.91092, 0.804486, 2.1733, 1.64742, 2.95035, 2.47887, 1.37933
1.6387, 2.96469, 1.66206, 2.91185, 0.807162, 2.17476, 1.64752, 2.951, 2.47969, 1.37834
1.63886, 2.96523, 1.66206, 2.91275, 0.809764, 2.17618, 1.64761, 2.95163, 2.48048, 1.37738
1.63901, 2.96574, 1.66206, 2.91361, 0.812292, 2.17757, 1.6477, 2.95224, 2.48124, 1.37646
