0.461961
0.35823
0.298288
0.366498
0.426993
0.452427
0.40193
0.376108
0.449788
0.45392
0.443336
0.424736
0.456254
0.462222
0.470143
0.477353
0.474926
0.486327
0.480553
0.50093
0.507342
0.510842
0.511273
0.521754
0.377759
0.484632
0.51491
0.518006
0.536365
0.522373
0.548478
0.54502
0.54441
0.563891
0.556626
0.582576
0.576652
0.580828
0.474146
0.531935
0.52408
0.567651
0.568173
0.566065
0.576447
0.580337
0.594287
0.599125
0.59459
0.604663
0.608422
0.605146
0.599696
0.601135
0.60439
0.621255
0.624625
0.596704
0.606266
0.622277
0.62063
0.624201
0.623774
0.575578
0.613597
0.615798
0.618128
0.626862
0.632523
0.61681
0.622091
0.627103
0.626994
0.638034
0.635405
0.638647
0.635495
0.638954
0.639107
0.640998
0.64581
0.641192
0.641478
0.640341
0.647126
0.650707
0.643381
0.627353
0.64765
0.651975
0.651841
0.652216
0.649538
0.649611
0.65358
0.657037
0.657083
0.653695
0.654575
0.654977
