0.351456
0.351162
0.351162
0.35117
0.35117
0.35117
0.349763
0.349763
0.352335
0.352335
0.354038
0.354038
0.354038
0.351279
0.351279
0.353885
0.353885
0.353885
0.356101
0.356101
0.356101
0.358826
0.358826
0.361696
0.361696
0.361696
0.363071
0.363071
0.362753
0.362753
0.365858
0.365858
0.365858
0.369303
0.369303
0.372227
0.372227
0.372227
0.375527
0.375527
0.373332
0.373332
0.373332
0.377436
0.377436
0.380876
0.380876
0.380876
0.384141
0.384141
0.382981
0.382981
0.382981
0.384504
0.384504
0.388139
0.388139
0.388139
0.391952
0.391952
0.395749
0.395749
0.39962
0.39962
0.39962
0.403645
0.403645
0.407708
0.407708
0.407708
0.409083
0.409083
0.410604
0.410604
0.414927
0.414927
0.414927
0.419371
0.419371
0.424
0.424
0.424
0.428802
0.428802
0.433628
0.433628
0.433628
0.438656
0.438656
0.443717
0.443717
0.448765
0.448765
0.448765
0.451526
0.451526
0.419084
0.419084
0.419084
0.453028
0.453028
0.458302
0.458302
0.463588
0.463588
0.463588
0.468659
0.468659
0.469531
0.469531
0.474875
0.474875
0.474875
0.480412
0.480412
0.480412
0.486013
0.486013
0.490319
0.490319
0.479093
0.479093
0.479093
0.489161
0.489161
0.494591
0.494591
0.500037
0.500037
0.505687
0.505687
0.505687
0.510439
0.510439
0.515073
0.515073
0.519655
0.519655
0.519655
0.52155
0.52155
0.514179
0.514179
0.521678
0.521678
0.521678
0.525981
0.525981
0.52145
0.52145
0.52884
0.52884
0.527655
0.527655
0.520758
0.520758
0.520758
0.529499
0.529499
0.525509
0.525509
0.529536
0.529536
0.529536
0.530016
0.530016
0.530383
0.530383
0.533433
0.533433
0.527075
0.527075
0.534615
0.534615
0.534615
0.525357
0.525357
0.525577
0.525577
0.532551
0.532551
0.532964
0.532964
0.532964
0.522228
0.522228
0.524923
0.524923
0.524923
0.520287
0.520287
0.525181
0.525181
0.52818
0.52818
0.526467
0.526467
0.526467
0.524288
0.524288
0.521983
0.521983
0.524518
0.524518
0.526308
0.526308
0.526308
0.525381
0.525381
0.521312
0.521312
0.522699
0.522699
0.522442
0.522442
0.517074
0.517074
0.517074
0.516976
0.516976
0.514353
0.514353
0.514173
0.514173
0.513877
0.513877
0.505228
0.505228
0.5102
0.5102
0.5102
0.50962
0.50962
0.505449
0.505449
