0.152139
0.152323
0.152506
0.152688
0.152867
0.153045
0.153221
0.153396
0.153568
0.153738
0.153907
0.154073
0.154237
0.154399
0.154559
0.154716
0.154871
0.155024
0.155175
0.155323
0.155469
0.155612
0.155753
0.155892
0.156028
0.156162
0.156293
0.156422
0.156549
0.156673
0.156795
0.156914
0.157031
0.157146
0.157259
0.157369
0.157477
0.157582
0.157686
0.157787
0.157886
0.157983
0.158077
0.15817
0.158261
0.158349
0.158436
0.15852
0.158603
0.158683
0.158762
0.158839
0.158914
0.158987
0.159058
0.159128
0.159196
0.159262
0.159327
0.15939
0.159452
0.159511
0.15957
0.159627
0.159682
0.159736
0.159789
0.15984
0.15989
0.159939
0.159986
0.160032
0.160077
0.160121
0.160164
0.160205
0.160245
0.160285
0.160323
0.16036
0.160396
0.160431
0.160465
0.160499
0.160531
0.160562
0.160593
0.160623
0.160651
0.16068
0.160707
0.160733
0.160759
0.160784
0.160809
0.160832
0.160855
0.160878
0.1609
0.160921
