0.157194
0.158754
0.160317
0.161884
0.161469
0.162965
0.164377
0.165786
0.167195
0.168604
0.170016
0.171434
0.17286
0.174299
0.174176
0.174877
0.176184
0.17751
0.178866
0.180266
0.180884
0.180585
0.181925
0.183368
0.184241
0.185098
0.185941
0.186771
0.187587
0.188391
0.188796
0.187987
0.188692
0.189386
0.190069
0.190741
0.191403
0.192055
0.192698
0.193331
0.193291
0.192933
0.193495
0.194049
0.194596
0.195134
0.195665
0.196189
0.196706
0.197217
0.197722
0.198222
0.198717
0.198467
0.198412
0.198859
0.199302
0.19974
0.200174
0.200605
0.200631
0.200319
0.200712
0.201103
0.201492
0.201878
0.202264
0.202649
0.203035
0.202876
0.202891
0.203247
0.203605
0.203818
0.204025
0.204227
0.204425
0.204617
0.204805
0.204988
0.205
0.204751
0.204917
0.205078
0.205236
0.20539
0.205539
0.205685
0.205828
0.205905
0.205631
0.20576
0.205885
0.206008
0.206127
0.206244
0.206357
0.206468
0.206575
0.20668
