0.78119
0.833899
0.922714
1.07804
1.28157
1.09495
1.18628
1.26568
1.16164
1.12243
1.21886
1.29613
1.28083
1.15458
1.18449
1.21475
1.34577
1.29903
1.37102
1.40113
1.1719
1.25627
1.16412
1.19163
1.23548
1.33916
1.33928
1.40682
1.41175
1.47494
1.45679
1.43484
1.43352
1.39013
1.41144
1.34388
1.37204
1.30312
1.37872
1.51523
1.38791
1.4106
1.45617
1.46114
1.50949
1.51546
1.50427
1.54437
1.58728
1.57694
1.57007
1.50225
1.51402
1.4344
1.42221
1.40857
1.48455
1.5048
1.54189
1.54757
1.54338
1.52695
1.49356
1.53171
1.52837
1.55251
1.54672
1.5587
1.56239
1.58764
1.59009
1.59734
1.57505
1.55184
1.57217
1.58359
1.58826
1.59209
1.54591
1.55296
1.57018
1.58263
1.58365
1.60172
1.60281
1.59519
1.58279
1.58178
1.59321
1.59829
1.60502
1.60975
1.58628
1.57942
1.59331
1.59857
1.60315
1.57851
1.58953
1.59853
