2.31352, 1.53768, 1.09175, 2.27493, 2.81259, 0.530496, 5.28919, 3.12065, 4.98449, 2.16441, 0.839331, 3.86094, 2.65453, 4.59115, 2.74662, 1.78401, 2.39345, 1.36112, 0.474072, 1.64203
2.34469, 1.55623, 1.11845, 2.28034, 2.83354, 0.555506, 5.2436, 3.10457, 4.92979, 2.14808, 0.864146, 3.85588, 2.68678, 4.56848, 2.78508, 1.80787, 2.42302, 1.38129, 0.495502, 1.64883
2.33994, 1.58698, 1.12895, 2.32061, 2.8284, 0.577517, 5.2197, 3.11619, 4.9111, 2.16383, 0.924033, 3.77482, 2.72393, 4.47727, 2.77519, 1.83922, 2.41813, 1.41008, 0.507348, 1.67651
2.37141, 1.60534, 1.15561, 2.32573, 2.84943, 0.602477, 5.17412, 3.10006, 4.85643, 2.14724, 0.949154, 3.7701, 2.75768, 4.45423, 2.81454, 1.86308, 2.44797, 1.43011, 0.528653, 1.68316
2.40317, 1.62385, 1.18229, 2.33082, 2.87057, 0.627597, 5.12842, 3.08384, 4.80135, 2.13019, 0.974233, 3.76535, 2.79168, 4.43083, 2.85471, 1.88747, 2.47807, 1.45031, 0.549907, 1.68977
2.43524, 1.64252, 1.20898, 2.33588, 2.89182, 0.652893, 5.08259, 3.06752, 4.74582, 2.11263, 0.999273, 3.76056, 2.82594, 4.40707, 2.89579, 1.91248, 2.50844, 1.47068, 0.571111, 1.69636
2.4298, 1.67334, 1.21938, 2.37782, 2.88647, 0.674752, 5.0585, 3.07991, 4.72752, 2.12926, 1.05873, 3.67726, 2.86435, 4.3138, 2.88471, 1.94369, 2.50299, 1.49947, 0.583119, 1.72392
2.46228, 1.69185, 1.24605, 2.38257, 2.90784, 0.70005, 5.01254, 3.06354, 4.67187, 2.11151, 1.08412, 3.67283, 2.90055, 4.28939, 2.92711, 1.96888, 2.53374, 1.51973, 0.604212, 1.73036
2.45432, 1.70263, 1.2378, 2.40167, 2.90215, 0.708587, 5.00332, 3.06669, 4.66359, 2.11634, 1.05135, 3.71271, 2.88147, 4.29225, 2.91795, 1.97818, 2.52629, 1.53006, 0.60218, 1.74735
2.48695, 1.72099, 1.26425, 2.4062, 2.92354, 0.733835, 4.95761, 3.05037, 4.60799, 2.09828, 1.07615, 3.70812, 2.9175, 4.2679, 2.96132, 2.00371, 2.55718, 1.55021, 0.623066, 1.75363
2.47902, 1.73151, 1.25591, 2.42496, 2.91789, 0.742199, 4.9485, 3.05354, 4.59984, 2.10312, 1.04201, 3.74861, 2.89898, 4.27081, 2.95222, 2.01271, 2.54977, 1.56029, 0.620938, 1.7704
2.47335, 1.76201, 1.2664, 2.46775, 2.91253, 0.763588, 4.92456, 3.06634, 4.58214, 2.12015, 1.0999, 3.66654, 2.93803, 4.17757, 2.94058, 2.04357, 2.54413, 1.58871, 0.632901, 1.79749
2.46545, 1.7724, 1.2578, 2.48653, 2.90694, 0.771833, 4.91555, 3.06947, 4.57409, 2.12492, 1.06883, 3.70388, 2.92025, 4.18094, 2.93153, 2.05247, 2.53676, 1.59868, 0.630693, 1.81418
2.44942, 1.76229, 1.24797, 2.46713, 2.8887, 0.768782, 4.90783, 3.06499, 4.56453, 2.12099, 1.06513, 3.69001, 2.91421, 4.17248, 2.91842, 2.04425, 2.51989, 1.58958, 0.618781, 1.77661
2.4417, 1.77256, 1.23965, 2.48567, 2.88322, 0.776914, 4.89898, 3.06807, 4.55662, 2.1257, 1.03326, 3.72901, 2.89663, 4.17587, 2.90954, 2.05305, 2.51268, 1.59943, 0.616725, 1.79286
2.42589, 1.76249, 1.2301, 2.46651, 2.86519, 0.773838, 4.89139, 3.06365, 4.54722, 2.12182, 1.0298, 3.71544, 2.89073, 4.16753, 2.89664, 2.0449, 2.49604, 1.59036, 0.604913, 1.75503
2.42944, 1.77407, 1.23776, 2.47621, 2.8666, 0.783472, 4.88249, 3.07896, 4.54322, 2.13477, 1.04276, 3.72409, 2.91106, 4.20594, 2.89921, 2.05827, 2.49911, 1.60158, 0.611018, 1.76259
2.41392, 1.76411, 1.22834, 2.45736, 2.84883, 0.780379, 4.87505, 3.0746, 4.53399, 2.13093, 1.03933, 3.71079, 2.90532, 4.19781, 2.88657, 2.05023, 2.48276, 1.5926, 0.59895, 1.7243
2.4445, 1.78032, 1.25274, 2.46114, 2.86921, 0.803444, 4.83229, 3.05935, 4.48253, 2.11381, 1.06205, 3.70657, 2.94028, 4.17499, 2.92828, 2.07287, 2.5118, 1.61055, 0.618076, 1.73017
2.4371, 1.79013, 1.24484, 2.47869, 2.86395, 0.811242, 4.82376, 3.06238, 4.47495, 2.11842, 1.03084, 3.74427, 2.92373, 4.17814, 2.91974, 2.0812, 2.50488, 1.61995, 0.616188, 1.74536
2.44053, 1.80135, 1.25223, 2.48807, 2.86533, 0.820571, 4.81542, 3.07748, 4.47134, 2.13101, 1.04343, 3.75253, 2.94319, 4.21655, 2.92218, 2.09422, 2.50786, 1.63083, 0.62203, 1.75265
2.42583, 1.79179, 1.24319, 2.47014, 2.84833, 0.817381, 4.80822, 3.0732, 4.46237, 2.12722, 1.04018, 3.73986, 2.93768, 4.20881, 2.91023, 2.08653, 2.49236, 1.62216, 0.610019, 1.71573
2.42111, 1.82005, 1.25315, 2.50967, 2.8437, 0.837138, 4.78574, 3.08562, 4.44621, 2.14351, 1.093, 3.66485, 2.97356, 4.12279, 2.89967, 2.11548, 2.48764, 1.64846, 0.620524, 1.7395
2.41389, 1.82959, 1.24525, 2.52684, 2.8386, 0.844703, 4.77746, 3.08854, 4.43885, 2.14797, 1.06522, 3.69855, 2.95799, 4.12601, 2.89132, 2.12358, 2.48091, 1.6576, 0.618687, 1.75415
2.41731, 1.84043, 1.2525, 2.53589, 2.83999, 0.853716, 4.76944, 3.10342, 4.43544, 2.16023, 1.07717, 3.70672, 2.97456, 4.16213, 2.89382, 2.13621, 2.48388, 1.66811, 0.624314, 1.76116
2.41017, 1.84982, 1.24458, 2.55288, 2.83497, 0.86115, 4.76127, 3.10628, 4.42819, 2.16461, 1.04788, 3.74146, 2.95921, 4.16509, 2.88558, 2.14417, 2.47723, 1.6771, 0.622468, 1.77562
2.3964, 1.84044, 1.23646, 2.53615, 2.81871, 0.857818, 4.75443, 3.10212, 4.41964, 2.1609, 1.04476, 3.72938, 2.95386, 4.15772, 2.87435, 2.13663, 2.46264, 1.66855, 0.611477, 1.74129
2.39978, 1.85096, 1.24353, 2.54491, 2.8201, 0.866577, 4.74665, 3.11675, 4.41637, 2.17288, 1.05645, 3.73716, 2.97094, 4.19376, 2.87685, 2.14891, 2.46558, 1.67874, 0.616915, 1.74807
2.38625, 1.84171, 1.23553, 2.52847, 2.80408, 0.863244, 4.73994, 3.11265, 4.40799, 2.16922, 1.05336, 3.72533, 2.96575, 4.18658, 2.86585, 2.14149, 2.45125, 1.67028, 0.605725, 1.7134
2.37941, 1.85082, 1.22805, 2.54485, 2.79927, 0.870457, 4.73205, 3.11542, 4.40099, 2.17346, 1.02413, 3.76035, 2.9509, 4.18932, 2.8579, 2.14922, 2.44487, 1.67902, 0.604093, 1.72707
2.38275, 1.86102, 1.23494, 2.55334, 2.80066, 0.878967, 4.7245, 3.12979, 4.39784, 2.18517, 1.03556, 3.76777, 2.96851, 4.22533, 2.86041, 2.16116, 2.44779, 1.68891, 0.609347, 1.73363
2.36964, 1.85193, 1.22726, 2.53737, 2.78503, 0.875619, 4.71799, 3.12578, 4.3897, 2.18157, 1.03268, 3.75634, 2.96352, 4.21838, 2.84975, 2.15387, 2.43387, 1.68057, 0.598349, 1.69935
2.35657, 1.84286, 1.21959, 2.52143, 2.76946, 0.872282, 4.71155, 3.12179, 4.38163, 2.178, 1.02981, 3.74499, 2.95858, 4.21149, 2.83915, 2.14663, 2.42, 1.67226, 0.586974, 1.66394
2.38359, 1.85614, 1.24086, 2.52437, 2.78783, 0.891966, 4.67389, 3.1085, 4.3372, 2.16324, 1.04941, 3.74116, 2.98912, 4.19048, 2.8773, 2.16506, 2.44574, 1.68711, 0.60336, 1.66924
2.37704, 1.86483, 1.23375, 2.5399, 2.78322, 0.898875, 4.66629, 3.11121, 4.3305, 2.16738, 1.02076, 3.77508, 2.97513, 4.19301, 2.86968, 2.17238, 2.43963, 1.69545, 0.601865, 1.68204
2.38024, 1.87456, 1.24028, 2.54798, 2.78458, 0.907009, 4.65935, 3.12521, 4.32774, 2.17862, 1.03169, 3.78209, 2.99165, 4.22816, 2.87206, 2.18383, 2.44244, 1.70489, 0.606786, 1.68826
2.36785, 1.86587, 1.23293, 2.5328, 2.7697, 0.903643, 4.65312, 3.12131, 4.31989, 2.17511, 1.02898, 3.77126, 2.98691, 4.22159, 2.86202, 2.17692, 2.42927, 1.69689, 0.595472, 1.654
2.37101, 1.8754, 1.23931, 2.54071, 2.77106, 0.911616, 4.64632, 3.13515, 4.3172, 2.18616, 1.03969, 3.77817, 3.00386, 4.25754, 2.86438, 2.18815, 2.43205, 1.70612, 0.600252, 1.66007
2.36467, 1.8838, 1.23239, 2.55573, 2.7666, 0.918294, 4.63895, 3.13775, 4.31071, 2.19015, 1.0101, 3.81226, 2.99038, 4.25964, 2.85699, 2.19522, 2.42614, 1.71419, 0.598837, 1.67233
2.36109, 1.90841, 1.24135, 2.58965, 2.76292, 0.935434, 4.61888, 3.14943, 4.29689, 2.20493, 1.05495, 3.74949, 3.01954, 4.18538, 2.84803, 2.22083, 2.42253, 1.73705, 0.607323, 1.69182
2.35479, 1.9167, 1.23427, 2.60463, 2.75852, 0.94201, 4.61161, 3.15199, 4.29049, 2.20886, 1.02761, 3.78135, 3.00653, 4.18773, 2.84068, 2.2278, 2.41667, 1.74501, 0.605877, 1.70396
2.34317, 1.90824, 1.22761, 2.59044, 2.7443, 0.938574, 4.60568, 3.14821, 4.28303, 2.20543, 1.02504, 3.77105, 3.00195, 4.18149, 2.83125, 2.22107, 2.40429, 1.73718, 0.595443, 1.67191
2.34629, 1.91736, 1.23384, 2.59799, 2.74566, 0.9462, 4.59924, 3.16173, 4.28053, 2.2161, 1.03522, 3.7776, 3.01663, 4.21461, 2.83365, 2.23186, 2.40703, 1.74601, 0.600017, 1.67769
2.33489, 1.90902, 1.22727, 2.58405, 2.73167, 0.942778, 4.59344, 3.15801, 4.27321, 2.21272, 1.03268, 3.7675, 3.01218, 4.20852, 2.8244, 2.22523, 2.39487, 1.73829, 0.589377, 1.64525
2.33797, 1.91794, 1.23336, 2.59144, 2.73303, 0.950252, 4.58712, 3.17136, 4.27078, 2.22322, 1.04266, 3.77396, 3.02721, 4.2423, 2.82679, 2.2358, 2.39758, 1.74694, 0.593822, 1.6509
2.33197, 1.9259, 1.22665, 2.60574, 2.72883, 0.956563, 4.58014, 3.1738, 4.26465, 2.22698, 1.01533, 3.80547, 3.01478, 4.24429, 2.81976, 2.24249, 2.392, 1.75458, 0.592535, 1.66229
2.32092, 1.91773, 1.22034, 2.59222, 2.7152, 0.953151, 4.57452, 3.17016, 4.25754, 2.22366, 1.01295, 3.79572, 3.0105, 4.23839, 2.8108, 2.23601, 2.3802, 1.74699, 0.582033, 1.63011
2.34505, 1.92884, 1.23909, 2.59447, 2.7318, 0.970226, 4.54104, 3.15858, 4.21864, 2.21122, 1.02994, 3.79218, 3.03721, 4.21888, 2.84607, 2.25128, 2.40323, 1.75955, 0.596263, 1.63488
2.34802, 1.93747, 1.24496, 2.60161, 2.73311, 0.977449, 4.53516, 3.17166, 4.21647, 2.22138, 1.03962, 3.79834, 3.05158, 4.25249, 2.84833, 2.26155, 2.40584, 1.76791, 0.600516, 1.64031
2.34219, 1.94511, 1.23841, 2.61534, 2.72904, 0.983531, 4.52839, 3.17406, 4.21054, 2.22507, 1.01207, 3.82937, 3.03974, 4.25432, 2.84151, 2.26792, 2.40043, 1.77525, 0.599265, 1.65121
2.33169, 1.93728, 1.23236, 2.60244, 2.71601, 0.980135, 4.52296, 3.1705, 4.20365, 2.22181, 1.00982, 3.82006, 3.03563, 4.2487, 2.83302, 2.26173, 2.38922, 1.76796, 0.588838, 1.62003
2.32124, 1.92949, 1.22633, 2.58959, 2.70304, 0.976754, 4.51758, 3.16697, 4.19682, 2.21859, 1.00759, 3.81082, 3.03156, 4.24312, 2.82458, 2.25559, 2.37806, 1.7607, 0.578029, 1.58776
2.32414, 1.93775, 1.23196, 2.59641, 2.70435, 0.983686, 4.51197, 3.17969, 4.19478, 2.22839, 1.0169, 3.81663, 3.04617, 4.27622, 2.82682, 2.26544, 2.38061, 1.7687, 0.582056, 1.59293
2.32127, 1.95962, 1.23998, 2.62666, 2.70132, 0.998925, 4.49364, 3.19083, 4.18266, 2.24202, 1.05642, 3.76124, 3.07117, 4.21007, 2.81895, 2.28849, 2.37771, 1.78902, 0.589164, 1.60935
2.31568, 1.96698, 1.23364, 2.63987, 2.69743, 1.00477, 4.48713, 3.19313, 4.17697, 2.24556, 1.03217, 3.7891, 3.06005, 4.21195, 2.81238, 2.29462, 2.37253, 1.79608, 0.588036, 1.61961
2.31014, 1.97429, 1.22731, 2.65305, 2.69358, 1.01057, 4.48067, 3.1954, 4.17133, 2.24906, 1.00661, 3.81847, 3.04899, 4.21382, 2.80586, 2.30071, 2.36738, 1.8031, 0.586915, 1.6298
2.31301, 1.98229, 1.23288, 2.65964, 2.69487, 1.01727, 4.47529, 3.20792, 4.1694, 2.25861, 1.01558, 3.82403, 3.06193, 4.24495, 2.80813, 2.31028, 2.36991, 1.81085, 0.590835, 1.63479
2.30335, 1.97482, 1.22744, 2.64778, 2.68265, 1.01388, 4.47024, 3.20453, 4.16298, 2.25549, 1.01347, 3.81535, 3.05808, 4.23974, 2.80031, 2.30439, 2.35956, 1.80385, 0.580931, 1.60499
2.30618, 1.98265, 1.23288, 2.65424, 2.68394, 1.02045, 4.46497, 3.21689, 4.16111, 2.26488, 1.02227, 3.82083, 3.07135, 4.27154, 2.80255, 2.31377, 2.36205, 1.81144, 0.584742, 1.60987
2.2967, 1.9753, 1.22754, 2.64259, 2.67191, 1.01709, 4.46002, 3.21355, 4.15482, 2.26181, 1.02018, 3.81232, 3.0676, 4.26644, 2.79488, 2.30798, 2.35189, 1.80455, 0.574624, 1.57963
2.29141, 1.98231, 1.22153, 2.65517, 2.66825, 1.02264, 4.45384, 3.21572, 4.14942, 2.26516, 0.994581, 3.84142, 3.05705, 4.26802, 2.78865, 2.31381, 2.34699, 1.81128, 0.573627, 1.58919
2.31289, 1.99164, 1.23802, 2.65689, 2.68313, 1.03745, 4.42411, 3.20571, 4.11522, 2.25484, 1.0093, 3.83818, 3.08031, 4.25001, 2.82106, 2.3264, 2.36751, 1.82194, 0.585951, 1.59349
2.30374, 1.98453, 1.23283, 2.64562, 2.67151, 1.03412, 4.41928, 3.20244, 4.10905, 2.25181, 1.00733, 3.82995, 3.07664, 4.24507, 2.81367, 2.32082, 2.35771, 1.81526, 0.575763, 1.56355
2.30644, 1.992, 1.238, 2.65177, 2.67276, 1.04039, 4.41446, 3.21439, 4.10741, 2.26079, 1.01573, 3.83513, 3.08912, 4.27605, 2.81579, 2.32981, 2.3601, 1.82249, 0.57934, 1.56817
2.30132, 1.99871, 1.23214, 2.66384, 2.6692, 1.04574, 4.40846, 3.21652, 4.1022, 2.26407, 0.989883, 3.8639, 3.07906, 4.27751, 2.80976, 2.33536, 2.35535, 1.82895, 0.578376, 1.57732
2.29246, 1.99176, 1.22715, 2.65291, 2.65788, 1.04244, 4.40378, 3.21332, 4.09622, 2.26111, 0.988032, 3.85595, 3.07554, 4.27272, 2.8026, 2.32991, 2.34584, 1.82241, 0.56826, 1.54746
2.29511, 1.999, 1.23218, 2.65886, 2.65911, 1.04853, 4.39912, 3.22503, 4.09465, 2.26985, 0.996226, 3.86087, 3.08845, 4.30393, 2.8047, 2.33865, 2.34818, 1.82943, 0.571713, 1.55193
2.29278, 2.01842, 1.23942, 2.68566, 2.65659, 1.062, 4.38246, 3.23562, 4.08407, 2.28231, 1.03089, 3.81285, 3.10968, 4.24524, 2.79774, 2.35933, 2.34582, 1.84743, 0.577707, 1.5659
2.2878, 2.02493, 1.23361, 2.69741, 2.65315, 1.06718, 4.37664, 3.23767, 4.07902, 2.28548, 1.00737, 3.83921, 3.10012, 4.24671, 2.79186, 2.3647, 2.34121, 1.85368, 0.576787, 1.57469
2.29043, 2.032, 1.23859, 2.70322, 2.65437, 1.07312, 4.37212, 3.24926, 4.07752, 2.29406, 1.0153, 3.84407, 3.11155, 4.27656, 2.79397, 2.37326, 2.34353, 1.86053, 0.580167, 1.57904
2.28212, 2.02532, 1.23397, 2.69298, 2.64361, 1.06984, 4.36769, 3.24617, 4.07184, 2.29118, 1.01347, 3.83649, 3.10819, 4.27205, 2.78726, 2.36802, 2.3346, 1.85423, 0.570555, 1.55075
2.27728, 2.03167, 1.22832, 2.70444, 2.64027, 1.07489, 4.36201, 3.24815, 4.06693, 2.29427, 0.989285, 3.86346, 3.09888, 4.2734, 2.78153, 2.37325, 2.33012, 1.86032, 0.56969, 1.55923
2.26912, 2.02507, 1.22381, 2.69438, 2.62967, 1.07164, 4.35766, 3.24512, 4.06135, 2.29144, 0.98756, 3.85604, 3.09559, 4.26896, 2.77494, 2.36808, 2.32134, 1.85408, 0.560008, 1.53051
2.27168, 2.03184, 1.22859, 2.69994, 2.63087, 1.07734, 4.35336, 3.25636, 4.05995, 2.29971, 0.995197, 3.86063, 3.10722, 4.29845, 2.77701, 2.37628, 2.32359, 1.86065, 0.563211, 1.53466
2.2909, 2.03985, 1.24325, 2.70131, 2.64425, 1.09032, 4.32674, 3.24769, 4.02943, 2.2911, 1.00818, 3.85771, 3.12762, 4.28165, 2.80697, 2.38686, 2.34198, 1.86986, 0.573953, 1.53858
2.28622, 2.04593, 1.23775, 2.71231, 2.64102, 1.09517, 4.32125, 3.24964, 4.02468, 2.29411, 0.983776, 3.88442, 3.11874, 4.2829, 2.80143, 2.39184, 2.33764, 1.87571, 0.57312, 1.54669
2.27844, 2.03962, 1.23343, 2.70269, 2.63089, 1.09199, 4.31705, 3.24668, 4.01929, 2.29134, 0.982148, 3.87733, 3.11558, 4.27866, 2.79516, 2.38691, 2.32928, 1.86973, 0.563489, 1.51868
2.2809, 2.04616, 1.23803, 2.70806, 2.63205, 1.09748, 4.31307, 3.25764, 4.01805, 2.29932, 0.989533, 3.8817, 3.12671, 4.30793, 2.79713, 2.39487, 2.33146, 1.87607, 0.566553, 1.52267
2.27328, 2.03995, 1.23378, 2.69863, 2.6221, 1.09433, 4.30897, 3.25472, 4.01276, 2.2966, 0.987925, 3.87476, 3.12364, 4.3038, 2.79098, 2.39003, 2.32325, 1.87018, 0.556659, 1.49405
2.26878, 2.04584, 1.22854, 2.70923, 2.619, 1.09902, 4.30366, 3.2566, 4.00819, 2.29951, 0.963223, 3.90197, 3.11507, 4.30494, 2.78566, 2.39485, 2.31909, 1.87584, 0.555923, 1.50173
2.27119, 2.05218, 1.23302, 2.71443, 2.62014, 1.10436, 4.29981, 3.26732, 4.007, 2.30728, 0.970421, 3.90613, 3.1266, 4.33453, 2.7876, 2.40258, 2.32122, 1.88199, 0.558881, 1.50559
2.26929, 2.06935, 1.23951, 2.73801, 2.61804, 1.11624, 4.28474, 3.27735, 3.99779, 2.3186, 1.00078, 3.8647, 3.14458, 4.28256, 2.78144, 2.42105, 2.31929, 1.89788, 0.563926, 1.51747
2.26487, 2.07509, 1.23423, 2.74843, 2.61501, 1.12081, 4.27955, 3.27917, 3.99332, 2.32142, 0.977566, 3.89015, 3.13635, 4.28371, 2.7762, 2.42575, 2.3152, 1.90339, 0.563183, 1.52498
2.26725, 2.08128, 1.23865, 2.7535, 2.61613, 1.12601, 4.27582, 3.28977, 3.99219, 2.32904, 0.984543, 3.89423, 3.14662, 4.31202, 2.77814, 2.43331, 2.31731, 1.90939, 0.566074, 1.52874
2.26018, 2.07537, 1.23478, 2.74475, 2.60677, 1.12292, 4.27198, 3.28699, 3.98723, 2.32642, 0.983048, 3.88771, 3.14373, 4.30815, 2.77243, 2.42869, 2.30968, 1.90377, 0.556904, 1.50203
2.25588, 2.08097, 1.22964, 2.75491, 2.60382, 1.12737, 4.26692, 3.28875, 3.98287, 2.32917, 0.958986, 3.91397, 3.13572, 4.3092, 2.76733, 2.43326, 2.30571, 1.90915, 0.556206, 1.50929
2.24895, 2.07514, 1.22587, 2.74632, 2.59461, 1.12431, 4.26314, 3.28601, 3.978, 2.3266, 0.957577, 3.90759, 3.13289, 4.30539, 2.76173, 2.42871, 2.29822, 1.9036, 0.546925, 1.48208
2.2661, 2.08198, 1.23884, 2.74737, 2.60659, 1.13567, 4.23931, 3.27854, 3.9507, 2.31947, 0.968857, 3.90493, 3.15093, 4.29, 2.78914, 2.43747, 2.31464, 1.91154, 0.556273, 1.48563
2.26836, 2.08789, 1.24305, 2.7522, 2.60768, 1.14063, 4.23592, 3.28876, 3.94972, 2.32673, 0.975515, 3.90878, 3.16063, 4.31756, 2.79098, 2.44471, 2.31665, 1.91726, 0.558988, 1.48919
2.26167, 2.08227, 1.23935, 2.74389, 2.59878, 1.13763, 4.23225, 3.28607, 3.94496, 2.3242, 0.974118, 3.9026, 3.15788, 4.31389, 2.78558, 2.44034, 2.30943, 1.91191, 0.549457, 1.46197
2.2639, 2.08805, 1.24347, 2.74863, 2.59985, 1.14249, 4.22892, 3.29614, 3.94402, 2.33134, 0.980646, 3.90638, 3.16788, 4.34221, 2.78739, 2.44744, 2.3114, 1.9175, 0.552099, 1.46544
2.25982, 2.09332, 1.23858, 2.75817, 2.59706, 1.1467, 4.22411, 3.29782, 3.93989, 2.33397, 0.956905, 3.93177, 3.16038, 4.3431, 2.78255, 2.45171, 2.30763, 1.92257, 0.551468, 1.47219
2.25334, 2.08783, 1.23502, 2.75011, 2.58841, 1.14374, 4.22056, 3.29521, 3.93528, 2.3315, 0.955595, 3.92579, 3.15774, 4.33954, 2.77732, 2.44745, 2.30063, 1.91734, 0.541902, 1.4448
2.26969, 2.09431, 1.24732, 2.7511, 2.59981, 1.15451, 4.19795, 3.28819, 3.90898, 2.32492, 0.966214, 3.92323, 3.17443, 4.32466, 2.8043, 2.45579, 2.31628, 1.92487, 0.550657, 1.44822
2.27184, 2.09989, 1.25128, 2.75567, 2.60085, 1.15919, 4.19487, 3.29798, 3.90815, 2.3318, 0.972519, 3.92683, 3.18404, 4.35283, 2.80602, 2.46267, 2.31819, 1.93027, 0.553183, 1.45155
2.26789, 2.10494, 1.24654, 2.76482, 2.59815, 1.16324, 4.19022, 3.29962, 3.90416, 2.33436, 0.948337, 3.95229, 3.17688, 4.35365, 2.80135, 2.46673, 2.31454, 1.93513, 0.55258, 1.458
2.2617, 2.0997, 1.24312, 2.75712, 2.58988, 1.16037, 4.18679, 3.29708, 3.89971, 2.33195, 0.947104, 3.94658, 3.17434, 4.35025, 2.79636, 2.46267, 2.30786, 1.93012, 0.543002, 1.43104
2.24829, 2.09354, 1.23216, 2.73907, 2.57654, 1.15996, 4.181, 3.29375, 3.89228, 2.32936, 0.944963, 3.93586, 3.16979, 4.34503, 2.78674, 2.45758, 2.29396, 1.925, 0.597636, 1.46168
2.24217, 2.08834, 1.22878, 2.73141, 2.56835, 1.1571, 4.17764, 3.29126, 3.8879, 2.32699, 0.943749, 3.93023, 3.1673, 4.34169, 2.78183, 2.45357, 2.28736, 1.92003, 0.587743, 1.43662
2.24074, 2.10286, 1.23423, 2.75095, 2.56671, 1.16718, 4.16449, 3.30066, 3.8803, 2.33699, 0.969341, 3.89597, 3.18213, 4.29711, 2.77659, 2.46933, 2.2859, 1.93347, 0.591707, 1.44638
