0.747744
0.738966
0.817556
0.893151
0.611753
0.735235
0.888187
0.87299
0.999043
0.963119
0.942726
0.906862
0.762398
0.725062
0.860881
0.756778
0.92707
0.86783
1.06076
0.983688
1.11198
0.889333
0.817161
0.975484
0.940034
0.919046
0.876594
1.02656
0.958956
1.12866
1.1059
1.10176
1.06014
1.05182
1.01702
1.13037
1.14647
1.10809
1.02785
1.07108
1.1498
1.16682
1.12631
1.11776
1.06302
1.05521
1.06698
1.03023
1.14397
1.11589
1.15167
1.16423
1.17792
1.16865
1.1848
1.19956
1.19501
1.14649
1.14614
1.05991
1.11195
1.11641
1.1824
1.17047
1.18705
1.19801
1.20128
1.19267
1.20041
1.20161
1.19086
1.20639
1.21654
1.22464
1.18434
1.17115
1.19699
1.18808
1.17964
1.20801
1.20547
1.21182
1.21954
1.22478
1.22252
1.22321
1.22401
1.21536
1.20663
1.20536
1.20915
1.22272
1.21853
1.22586
1.23171
1.23222
1.2348
1.24043
1.24512
1.24344
