0.533373
0.880772
0.677956
0.826253
0.324709
0.340887
0.37435
0.443954
0.59295
0.943565
0.745684
0.708904
0.87277
0.851399
0.88688
0.859429
0.900282
0.867347
0.912735
0.875336
0.924069
0.883507
0.934211
0.891893
0.943176
0.900458
0.951051
0.90912
0.957967
0.917769
0.964072
0.926293
0.969515
0.934588
0.974426
0.942571
0.978917
0.950177
0.983074
0.957368
0.986964
0.964122
0.990633
0.970436
0.994115
0.976315
0.997431
0.981776
1.0006
0.98684
1.00362
0.991532
1.00651
0.995877
1.00927
0.9999
1.0119
1.00363
1.01441
1.00708
1.01679
1.01028
1.01906
1.01325
1.02121
1.01601
1.02325
1.01858
1.02518
1.02097
1.02701
1.02319
1.02873
1.02526
1.03037
1.02718
1.03191
1.02898
1.03336
1.03066
1.03473
1.03223
1.03602
1.03369
1.03724
1.03506
1.03839
1.03634
1.03947
1.03754
1.04049
1.03866
1.04145
1.03971
1.04235
1.04069
1.0432
1.04161
1.044
1.04248
