0.118753
0.119716
0.120788
0.121981
0.123308
0.124782
0.126419
0.128236
0.130252
0.132486
0.134961
0.137703
0.140739
0.144098
0.147815
0.151927
0.156474
0.161503
0.167064
0.173215
0.180019
0.187549
0.195885
0.20512
0.215359
0.226725
0.239358
0.253425
0.269124
0.285778
0.255388
0.270843
0.288084
0.292461
0.294843
0.297421
0.300209
0.303224
0.306481
0.309999
0.313797
0.317896
0.318797
0.321323
0.321531
0.326123
0.331063
0.336012
0.333765
0.335171
0.340653
0.346532
0.352129
0.350289
0.351079
0.357544
0.364459
0.367355
0.369418
0.369364
0.376898
0.383547
0.383914
0.387025
0.390221
0.390653
0.377682
0.393838
0.390513
0.397214
0.399153
0.403151
0.399307
0.402183
0.401408
0.409954
0.411315
0.388307
0.407957
0.41208
0.410972
0.41959
0.425909
0.419537
0.41084
0.422506
0.421001
0.429067
0.427957
0.436482
0.43486
0.443357
0.418371
0.437639
0.438214
0.446499
0.445049
0.454165
0.452542
0.45011
