1.91042
1.56294
1.89501
1.8905
1.71785
2.21837
1.53357
2.22593
1.59001
2.21065
1.66788
2.16379
1.79324
2.06871
2.0136
1.90374
2.35698
1.67546
2.42541
1.77462
2.62303
2.20894
2.34206
2.47951
2.17609
2.72773
2.5846
2.31342
2.83239
2.65295
2.6926
2.58806
2.24676
2.75999
2.49503
2.84169
2.48914
2.7695
2.48714
2.35521
2.609
2.58352
2.8525
2.85917
2.47028
2.63725
2.88343
2.72129
2.93965
2.95981
2.59343
2.81698
2.69991
2.86153
2.90138
2.90864
2.85893
2.68473
2.78628
2.85457
2.82277
2.97063
2.90416
2.87267
2.82653
2.76377
2.89428
2.86123
2.92115
2.98628
2.91232
2.83953
2.83228
2.86073
2.93934
2.88238
2.97328
2.96842
2.94444
2.91031
2.84565
2.92609
2.92947
2.94181
3.00707
2.95733
2.97311
2.9147
2.90507
2.96625
2.93281
2.9778
2.99355
2.98908
2.99717
2.91981
2.94889
2.97203
2.95834
3.00181
