1.86856, 2.16431, 1.13192, 2.1164, 1.60018, 1.50172, 1.16494, 1.36689, 2.52743, 2.8219
2.07232, 1.95949, 1.29937, 2.01852, 1.91007, 1.39575, 1.39521, 1.32362, 2.58802, 2.59386
2.19312, 2.07591, 1.40955, 2.08914, 1.9963, 1.49754, 1.47858, 1.4034, 2.80879, 2.7814
2.09278, 1.97358, 1.32113, 1.93234, 1.84945, 1.38108, 1.30344, 1.21618, 2.73815, 2.70715
2.20766, 2.08467, 1.42177, 2.00092, 1.93019, 1.47402, 1.37811, 1.28822, 2.99068, 2.9251
2.11377, 1.98922, 1.33128, 1.84956, 1.78766, 1.35842, 1.18752, 1.08591, 2.92794, 2.86027
2.13305, 2.07057, 1.38111, 1.92897, 1.83162, 1.43251, 1.23474, 1.15365, 2.74109, 2.76507
2.24522, 2.17512, 1.47382, 1.99386, 1.90743, 1.51699, 1.30101, 1.21748, 2.98968, 2.9665
2.27124, 2.25586, 1.51115, 2.06344, 1.94348, 1.58479, 1.3444, 1.28829, 2.80826, 2.86554
2.19579, 2.17501, 1.43294, 1.9384, 1.82693, 1.48302, 1.17467, 1.10213, 2.75146, 2.80388
2.35156, 1.95313, 1.59277, 1.84518, 2.13261, 1.36323, 1.35787, 1.09401, 2.778, 2.61794
2.44373, 2.05962, 1.67451, 1.91102, 2.19547, 1.44863, 1.41521, 1.15345, 2.96298, 2.80018
2.40295, 2.08545, 1.63779, 1.96555, 2.16978, 1.48335, 1.41021, 1.20237, 2.92417, 2.80998
2.36101, 2.11129, 1.6027, 2.0175, 2.14347, 1.51837, 1.40476, 1.2532, 2.88548, 2.81992
2.29115, 2.04472, 1.53119, 1.91397, 2.0433, 1.44423, 1.25452, 1.10259, 2.83574, 2.76845
2.24718, 2.07306, 1.50641, 1.96728, 2.01925, 1.48128, 1.25512, 1.14554, 2.79786, 2.77944
2.33353, 2.15936, 1.57967, 2.02014, 2.07796, 1.55202, 1.30536, 1.19448, 2.99781, 2.94782
2.29114, 2.18301, 1.55104, 2.06506, 2.0511, 1.58758, 1.304, 1.24014, 2.96352, 2.9543
2.23146, 2.12192, 1.49094, 1.97204, 1.96437, 1.51645, 1.16558, 1.08885, 2.92178, 2.91026
2.18559, 2.14792, 1.47083, 2.01775, 1.93948, 1.55443, 1.16838, 1.12614, 2.88827, 2.91763
2.30554, 1.98314, 1.58447, 1.94396, 2.18355, 1.43235, 1.30264, 1.11846, 2.89625, 2.789
2.27152, 2.00693, 1.56019, 1.98645, 2.1644, 1.45889, 1.3019, 1.15482, 2.86564, 2.79727
2.2362, 2.03087, 1.53727, 2.02664, 2.14504, 1.4854, 1.30104, 1.19185, 2.83526, 2.80559
2.19916, 2.05505, 1.51584, 2.06438, 2.12543, 1.51194, 1.30005, 1.22975, 2.80512, 2.81396
2.26572, 2.12032, 1.57587, 2.10531, 2.17188, 1.57062, 1.34088, 1.26887, 2.97059, 2.94853
2.21577, 2.07014, 1.52856, 2.03201, 2.10282, 1.51834, 1.23396, 1.15324, 2.93678, 2.91303
2.17932, 2.09243, 1.50944, 2.06635, 2.08372, 1.54412, 1.2348, 1.18611, 2.90996, 2.91882
2.14032, 2.11508, 1.49166, 2.0985, 2.06423, 1.57005, 1.23557, 1.21956, 2.88339, 2.92465
2.09758, 2.13832, 1.47524, 2.12849, 2.04427, 1.5962, 1.23627, 1.25376, 2.85708, 2.93054
2.05376, 2.08967, 1.43549, 2.06068, 1.98249, 1.54502, 1.13804, 1.13689, 2.82699, 2.89773
2.14942, 1.9823, 1.51567, 2.0076, 2.17619, 1.44584, 1.23484, 1.13088, 2.8361, 2.80212
2.11714, 2.00479, 1.50013, 2.038, 2.16178, 1.46566, 1.23555, 1.15826, 2.81252, 2.80869
2.16721, 2.05298, 1.54649, 2.06992, 2.19699, 1.51213, 1.26655, 1.18808, 2.94194, 2.91544
2.13524, 2.07277, 1.52988, 2.0963, 2.18224, 1.53082, 1.26654, 1.21598, 2.92032, 2.92006
2.10091, 2.09299, 1.51434, 2.12113, 2.16747, 1.54937, 1.26646, 1.24425, 2.899, 2.92468
2.06339, 2.05236, 1.48055, 2.06561, 2.11587, 1.5108, 1.18387, 1.15, 2.87385, 2.89777
2.02421, 2.07546, 1.46838, 2.09025, 2.10202, 1.52946, 1.18535, 1.1741, 2.85332, 2.90261
1.97734, 2.1008, 1.45702, 2.11342, 2.08811, 1.54802, 1.1868, 1.1983, 2.83308, 2.90746
1.96045, 2.14055, 1.47391, 2.13945, 2.10631, 1.57123, 1.20517, 1.22621, 2.75701, 2.86807
2.00355, 2.17528, 1.51282, 2.16424, 2.13689, 1.60835, 1.23088, 1.24998, 2.86561, 2.94659
1.97304, 2.13882, 1.48483, 2.11717, 2.0938, 1.5742, 1.16019, 1.16566, 2.84421, 2.92321
2.03633, 2.07033, 1.54097, 2.07671, 2.25291, 1.4777, 1.23035, 1.16016, 2.84994, 2.85589
1.99869, 2.09117, 1.5285, 2.09663, 2.24238, 1.49099, 1.23092, 1.18055, 2.83285, 2.86028
1.95209, 2.11462, 1.51673, 2.1155, 2.23196, 1.50406, 1.23145, 1.20092, 2.81605, 2.86464
1.98848, 2.14433, 1.55012, 2.13752, 2.25675, 1.53764, 1.25334, 1.22157, 2.91383, 2.93997
1.96178, 2.11264, 1.52525, 2.09752, 2.21924, 1.51114, 1.19028, 1.15014, 2.8954, 2.92024
1.93295, 2.15461, 1.53258, 2.12456, 2.21923, 1.53907, 1.19912, 1.17391, 2.83167, 2.88691
1.91487, 2.16743, 1.52191, 2.1406, 2.20934, 1.55109, 1.20001, 1.19176, 2.81661, 2.89069
1.94785, 2.19289, 1.55183, 2.16004, 2.23205, 1.58074, 1.21929, 1.2098, 2.90664, 2.95767
1.92502, 2.16442, 1.53019, 2.12489, 2.19943, 1.55666, 1.16211, 1.1433, 2.89044, 2.94018
1.92864, 2.19191, 1.53673, 2.14849, 2.1993, 1.58189, 1.17013, 1.16407, 2.8335, 2.91085
1.91239, 2.20284, 1.5271, 2.16216, 2.18994, 1.5929, 1.17124, 1.17962, 2.82005, 2.9141
1.94216, 2.22523, 1.55386, 2.17934, 2.21066, 1.61908, 1.1882, 1.1954, 2.90288, 2.97395
1.92239, 2.20009, 1.53499, 2.14843, 2.18226, 1.59729, 1.13613, 1.13352, 2.88863, 2.95845
1.92948, 2.21761, 1.54397, 2.1641, 2.19412, 1.6093, 1.1473, 1.14955, 2.8429, 2.93496
1.91494, 2.227, 1.53522, 2.17588, 2.18549, 1.61919, 1.14848, 1.163, 2.83095, 2.93772
1.95079, 2.18737, 1.56981, 2.14872, 2.29438, 1.53979, 1.19255, 1.15963, 2.8348, 2.89556
1.93722, 2.19639, 1.56102, 2.16002, 2.2873, 1.54799, 1.19326, 1.17252, 2.82368, 2.8983
1.92404, 2.20513, 1.55266, 2.1708, 2.28035, 1.55601, 1.19395, 1.18526, 2.81279, 2.90101
1.94819, 2.22337, 1.57449, 2.1849, 2.29648, 1.57801, 1.2077, 1.19813, 2.87794, 2.94861
1.93218, 2.20311, 1.55921, 2.16022, 2.27345, 1.5616, 1.16597, 1.14951, 2.86631, 2.93595
1.92013, 2.21105, 1.55162, 2.17006, 2.26696, 1.56904, 1.1668, 1.16074, 2.85652, 2.93815
1.90844, 2.21873, 1.54438, 2.17947, 2.26059, 1.57633, 1.16762, 1.1718, 2.84694, 2.94031
1.8971, 2.22617, 1.53749, 2.18847, 2.25434, 1.58346, 1.16842, 1.18271, 2.83758, 2.94244
1.88612, 2.23336, 1.53092, 2.19708, 2.2482, 1.59043, 1.1692, 1.19347, 2.82842, 2.94454
1.87256, 2.21543, 1.51812, 2.17551, 2.22834, 1.57578, 1.13284, 1.14936, 2.81844, 2.93347
1.89197, 2.22959, 1.53565, 2.18662, 2.24165, 1.59316, 1.14376, 1.1595, 2.87401, 2.97246
1.88195, 2.23614, 1.5297, 2.1945, 2.23594, 1.59963, 1.14462, 1.16896, 2.86577, 2.97417
1.88674, 2.24744, 1.53577, 2.20437, 2.24448, 1.60635, 1.15196, 1.17974, 2.83563, 2.95869
1.87728, 2.25348, 1.53014, 2.21155, 2.23902, 1.61244, 1.15274, 1.18892, 2.82769, 2.96047
1.89993, 2.22875, 1.55208, 2.19385, 2.31959, 1.55031, 1.18152, 1.18631, 2.83018, 2.93337
1.89104, 2.23453, 1.54654, 2.20073, 2.31496, 1.55553, 1.18207, 1.19506, 2.82278, 2.93511
1.88008, 2.22008, 1.53617, 2.18345, 2.29886, 1.54435, 1.15283, 1.16007, 2.81468, 2.92614
1.89583, 2.23158, 1.55044, 2.19252, 2.30928, 1.55881, 1.1617, 1.16833, 2.85891, 2.95738
1.88772, 2.23685, 1.54541, 2.19881, 2.30499, 1.56364, 1.1623, 1.17609, 2.85222, 2.95884
1.87986, 2.24195, 1.5406, 2.20484, 2.3008, 1.56835, 1.16289, 1.1837, 2.8457, 2.96027
1.87225, 2.24689, 1.53599, 2.21064, 2.29671, 1.57294, 1.16346, 1.19117, 2.83933, 2.96168
1.86295, 2.23439, 1.52718, 2.19577, 2.28295, 1.56317, 1.13811, 1.16028, 2.83245, 2.95403
1.85587, 2.23911, 1.52302, 2.20132, 2.27909, 1.56756, 1.13876, 1.16705, 2.82642, 2.9554
1.84901, 2.24368, 1.51904, 2.20666, 2.27533, 1.57184, 1.13938, 1.17368, 2.82054, 2.95674
1.84237, 2.2481, 1.51523, 2.21179, 2.27165, 1.57602, 1.13999, 1.18017, 2.8148, 2.95806
1.85479, 2.25681, 1.52649, 2.21874, 2.28003, 1.58727, 1.147, 1.18661, 2.85116, 2.98255
1.84851, 2.26089, 1.52281, 2.22345, 2.27651, 1.59119, 1.14755, 1.19285, 2.84583, 2.98367
1.84086, 2.25038, 1.51559, 2.21104, 2.26511, 1.58291, 1.12644, 1.16658, 2.84015, 2.97733
1.8439, 2.25724, 1.51947, 2.21701, 2.271, 1.58643, 1.13098, 1.17317, 2.82152, 2.96783
1.83819, 2.26097, 1.51618, 2.22133, 2.26777, 1.59004, 1.13154, 1.17874, 2.81657, 2.96894
1.84892, 2.26841, 1.5259, 2.22729, 2.27504, 1.59971, 1.13755, 1.18425, 2.84837, 2.99005
1.84352, 2.27186, 1.52274, 2.23127, 2.27197, 1.6031, 1.13806, 1.18958, 2.84377, 2.99101
1.83701, 2.26284, 1.51657, 2.22064, 2.26223, 1.59595, 1.11981, 1.16667, 2.8389, 2.98556
1.83964, 2.2687, 1.51991, 2.22573, 2.26703, 1.59911, 1.12371, 1.17232, 2.82288, 2.97739
1.85171, 2.25578, 1.53168, 2.21619, 2.31565, 1.56107, 1.13907, 1.17109, 2.82424, 2.96283
1.84694, 2.25889, 1.52883, 2.21978, 2.3131, 1.56393, 1.13951, 1.17572, 2.82014, 2.96375
1.84233, 2.26189, 1.5261, 2.22325, 2.31061, 1.56671, 1.13993, 1.18024, 2.81615, 2.96466
1.85101, 2.26792, 1.53397, 2.22809, 2.31635, 1.57466, 1.14479, 1.1847, 2.84166, 2.9817
1.84664, 2.27071, 1.53135, 2.2313, 2.31399, 1.57728, 1.14518, 1.18902, 2.83794, 2.9825
1.84137, 2.26343, 1.52636, 2.22275, 2.30609, 1.5717, 1.13044, 1.17068, 2.83399, 2.97808
1.83729, 2.26608, 1.52395, 2.2258, 2.30386, 1.57418, 1.13083, 1.17465, 2.83047, 2.97885
1.83335, 2.26864, 1.52164, 2.22875, 2.30169, 1.5766, 1.13122, 1.17852, 2.82705, 2.97959
1.82952, 2.27113, 1.51941, 2.23158, 2.29958, 1.57895, 1.1316, 1.1823, 2.82371, 2.98032
1.82582, 2.27353, 1.51726, 2.23432, 2.29752, 1.58123, 1.13197, 1.18598, 2.82047, 2.98104
