0.614708
0.647449
0.615418
0.365681
0.217863
0.387192
0.417533
0.484744
0.528714
0.538178
0.531542
0.523193
0.530676
0.539213
0.548966
0.533634
0.548387
0.558807
0.570689
0.55211
0.555713
0.566182
0.578105
0.591892
0.589132
0.593951
0.609966
0.58259
0.60083
0.621234
0.635172
0.645667
0.52942
0.548417
0.595301
0.589387
0.600973
0.613445
0.601474
0.616059
0.625937
0.636158
0.644155
0.633883
0.64372
0.644315
0.631499
0.62006
0.615906
0.623398
0.631038
0.638817
0.640246
0.637104
0.644503
0.652017
0.659655
0.661014
0.658861
0.65703
0.656712
0.661005
0.565704
0.632796
0.638504
0.643922
0.649371
0.651123
0.648228
0.653371
0.658545
0.663759
0.665487
0.66321
0.668187
0.670665
0.667823
0.672535
0.673382
0.672498
0.676814
0.658592
0.664413
0.668267
0.672139
0.671397
0.672039
0.675745
0.67949
0.683297
0.681284
0.683711
0.687476
0.691384
0.691653
0.678735
0.686448
0.684855
0.686293
0.685268
